PKP (BC) Tables for isotropic 1s PREM good to nearest 0.1 sec 
   23   16
           0.000  15.000  50.000 100.000 150.000 200.000 250.000 300.000 350.000 400.000 450.000 500.000 550.000 600.000 650.000 700.000
 143.000   0.000   0.000   0.000   0.000   0.000   0.000   0.000   0.000   0.000   0.000   0.000   0.000   0.000   0.000   0.000  18.232
 144.000   0.000   0.000   0.000   0.000   0.000   0.000   0.000   0.000   0.000   0.000  18.680  18.597  18.515  18.437  18.358  18.283
 145.000   0.000   0.000  19.493  19.393  19.292  19.192  19.095  19.002  18.910  18.818  18.732  18.648  18.567  18.487  18.408  18.333
 146.000  19.662  19.618  19.545  19.445  19.343  19.242  19.145  19.052  18.958  18.868  18.780  18.697  18.613  18.533  18.455  18.380
 147.000  19.710  19.668  19.593  19.492  19.392  19.290  19.192  19.098  19.005  18.913  18.827  18.742  18.658  18.578  18.500  18.423
 148.000  19.755  19.713  19.638  19.537  19.435  19.333  19.237  19.142  19.048  18.957  18.870  18.785  18.702  18.622  18.542  18.467
 149.000  19.798  19.757  19.682  19.580  19.478  19.377  19.278  19.183  19.090  18.998  18.910  18.825  18.742  18.662  18.582  18.505
 150.000  19.840  19.797  19.722  19.620  19.518  19.417  19.318  19.223  19.130  19.038  18.950  18.863  18.782  18.700  18.620  18.543
 151.000  19.878  19.835  19.760  19.658  19.557  19.455  19.355  19.262  19.167  19.075  18.987  18.902  18.818  18.737  18.657  18.580
 152.000  19.915  19.872  19.797  19.695  19.593  19.490  19.392  19.297  19.203  19.110  19.022  18.937  18.853  18.772  18.692  18.615
 153.000  19.950  19.907  19.832  19.730  19.628  19.525  19.427  19.332  19.238  19.145  19.057  18.970  18.887  18.805  18.725  18.648
 154.000  19.983  19.942  19.867  19.765  19.662  19.558  19.460  19.365  19.272  19.180  19.092  19.005  18.922  18.840  18.760  18.683
 155.000  20.018  19.975  19.900  19.798  19.697  19.593  19.495  19.400  19.307  19.213  19.125  19.040  18.955  18.875  18.795  18.718
 156.000  20.053  20.010  19.935  19.833  19.730  19.628  19.530  19.435  19.340  19.248  19.160  19.073  18.990  18.908  18.828  18.752
 157.000  20.087  20.043  19.968  19.867  19.765  19.662  19.563  19.468  19.375  19.282  19.193  19.108  19.025  18.943  18.863  18.787
 158.000  20.122  20.078  20.003  19.902  19.798  19.697  19.598  19.503  19.410  19.317  19.228  19.142  19.058  18.977  18.897  18.820
 159.000  20.155  20.113  20.038  19.935  19.833  19.730  19.632  19.537  19.443  19.352  19.262  19.177  19.093  19.012  18.932  18.855
 160.000  20.190  20.147  20.072  19.970  19.868  19.765  19.667  19.572  19.478  19.385  19.297  19.210  19.127  19.047  18.967  18.888
 161.000  20.223  20.182  20.107  20.005  19.902  19.800  19.700  19.607  19.512  19.420  19.332  19.245  19.162  19.080  19.000  18.923
 162.000  20.258  20.215  20.140  20.038  19.937  19.833  19.735  19.640  19.547  19.453  19.365  19.280  19.197  19.115  19.035  18.958
 163.000  20.293  20.250  20.175  20.073  19.970  19.868  19.770  19.675  19.580  19.488  19.400  19.313  19.230  19.148  19.068  18.992
 164.000  20.327  20.285  20.210  20.107  20.005  19.902  19.803  19.708  19.615  19.522  19.433  19.348  19.265  19.183  19.103  19.027
 165.000  20.362  20.318  20.243  20.142  20.038  19.937  19.838  19.743  19.648  19.557  19.468  19.382  19.298  19.217  19.137  19.060
