IASPEI91 PcP travel time table.
  20   8
            0.000  100.000  200.000  300.000  400.000  500.000  600.000  700.000
   0.000    8.521    8.291    8.086    7.889    7.699    7.523    7.354    7.193
   5.000    8.541    8.311    8.106    7.909    7.720    7.544    7.375    7.214
  10.000    8.601    8.371    8.167    7.970    7.781    7.606    7.437    7.277
  15.000    8.699    8.469    8.266    8.070    7.882    7.707    7.539    7.381
  20.000    8.834    8.605    8.402    8.207    8.020    7.847    7.680    7.523
  25.000    9.003    8.775    8.573    8.379    8.193    8.021    7.856    7.700
  30.000    9.204    8.977    8.776    8.583    8.398    8.227    8.063    7.909
  35.000    9.433    9.207    9.007    8.815    8.632    8.463    8.300    8.148
  40.000    9.688    9.463    9.264    9.073    8.891    8.723    8.562    8.412
  45.000    9.966    9.741    9.544    9.354    9.173    9.006    8.847    8.697
  50.000   10.263   10.039    9.842    9.653    9.474    9.308    9.150    9.002
  55.000   10.576   10.353   10.157    9.969    9.790    9.626    9.469    9.322
  60.000   10.904   10.681   10.486   10.299   10.121    9.957    9.801    9.656
  65.000   11.243   11.021   10.826   10.640   10.462   10.299   10.144   10.000
  70.000   11.591   11.369   11.175   10.989   10.813   10.650   10.496   10.352
  75.000   11.946   11.725   11.532   11.346   11.170   11.008   10.854   10.711
  80.000   12.307   12.087   11.893   11.708   11.532   11.370   11.217   11.074
  85.000   12.673   12.452   12.259   12.074   11.898   11.737   11.583   11.441
  90.000   13.040   12.820   12.627   12.442   12.266   12.105   11.952   11.809
  95.000   13.410   13.189   12.996   12.811   12.636   12.475   12.321   12.179
