PP  travel time table.
  31   8
            0.000  100.000  200.000  300.000  400.000  500.000  600.000  700.000
  30.000    7.297    7.142    7.029    6.934    6.863    0.000    7.025    0.000
  35.000    8.221    8.065    7.950    7.852    7.775    7.747    7.794    0.000
  40.000    9.137    8.978    8.858    8.755    8.670    8.623    8.559    8.514
  45.000   10.035    9.872    9.746    9.618    9.496    9.399    9.318    9.266
  50.000   10.848   10.664   10.514   10.376   10.252   10.152   10.067   10.009
  55.000   11.601   11.416   11.263   11.123   10.997   10.894   10.806   10.743
  60.000   12.342   12.156   12.002   11.861   11.733   11.628   11.537   11.470
  65.000   13.076   12.888   12.733   12.590   12.460   12.352   12.259   12.187
  70.000   13.799   13.610   13.453   13.308   13.176   13.065   12.968   12.891
  75.000   14.511   14.320   14.162   14.014   13.880   13.766   13.665   13.584
  80.000   15.210   15.018   14.857   14.707   14.570   14.454   14.349   14.263
  85.000   15.895   15.701   15.538   15.386   15.247   15.127   15.019   14.929
  90.000   16.566   16.370   16.205   16.051   15.909   15.786   15.675   15.581
  95.000   17.222   17.024   16.858   16.701   16.557   16.431   16.317   16.219
 100.000   17.863   17.664   17.495   17.337   17.190   17.062   16.944   16.842
 105.000   18.489   18.288   18.118   17.957   17.808   17.677   17.557   17.452
 110.000   19.100   18.897   18.725   18.563   18.412   18.278   18.155   18.046
 115.000   19.696   19.492   19.318   19.153   19.000   18.864   18.739   18.627
 120.000   20.276   20.071   19.895   19.729   19.574   19.436   19.307   19.193
 125.000   20.842   20.635   20.458   20.290   20.133   19.992   19.862   19.744
 130.000   21.392   21.184   21.005   20.836   20.677   20.534   20.401   20.281
 135.000   21.928   21.718   21.538   21.367   21.206   21.061   20.926   20.803
 140.000   22.448   22.237   22.055   21.882   21.720   21.573   21.436   21.310
 145.000   22.953   22.741   22.557   22.383   22.219   22.070   21.931   21.803
 150.000   23.442   23.229   23.044   22.868   22.702   22.552   22.410   22.281
 155.000   23.916   23.702   23.516   23.338   23.171   23.019   22.875   22.743
 160.000   24.374   24.159   23.972   23.793   23.624   23.470   23.324   23.190
 165.000   24.817   24.600   24.412   24.231   24.061   23.905   23.758   23.622
 170.000   25.243   25.025   24.835   24.654   24.482   24.325   24.176   24.038
 175.000   25.653   25.434   25.242   25.059   24.886   24.727   24.576   24.436
 180.000   26.045   25.826   25.634   25.450   25.276   25.116   24.965   24.824
