SKKSac  travel time table.
  11   8
            0.000  100.000  200.000  300.000  400.000  500.000  600.000  700.000
  80.000   22.521   22.130   21.778   21.435   21.106   20.804   20.519   20.256
  90.000   23.763   23.371   23.019   22.674   22.345   22.042   21.756   21.491
 100.000   24.976   24.583   24.230   23.885   23.554   23.250   22.962   22.696
 110.000   26.149   25.755   25.400   25.054   24.721   24.416   24.126   23.858
 120.000   27.272   26.877   26.521   26.173   25.839   25.532   25.240   24.970
 130.000   28.340   27.944   27.587   27.237   26.901   26.592   26.299   26.026
 140.000   29.351   28.954   28.595   28.244   27.906   27.596   27.300   27.025
 150.000   30.304   29.905   29.545   29.193   28.854   28.542   28.245   27.968
 160.000   31.200   30.801   30.439   30.086   29.746   29.432   29.133   28.854
 170.000   32.042   31.641   31.278   30.924   30.582   30.267   29.967   29.687
 180.000   32.830   32.428   32.065   31.709   31.367   31.050   30.749   30.467
