  1990  1  2  20 21 32.6    13.408   144.439  135.0  5.7  0.0  seed 1990/jan/9000200.sed      900102a
AFI        51.2 120.3 300.1   1.0 3   0.0 187.7 1
ANMO       97.4  51.5 292.2   1.0 3   0.0 157.0 0  20.0 3  11.7  35.7 0
ANTO       97.4 313.9  65.6   1.0 3   0.0 156.1 0  20.0 1  13.2  20.5 0
ARU        76.6 325.3  85.7  20.0 3  10.0  32.0 0
BJI        36.4 322.2 128.9   1.0 3   0.0 200.3 0  20.0 3   6.3  17.3 0  40.0 3   6.6   9.3 0
BNG       123.4 284.7  70.8   1.0 3   0.0 144.7 0
COL        68.5  25.1 255.5   1.0 3   0.0 170.9 1
COR        82.3  46.0 281.3   1.0 3   0.0 155.4 0  20.0 3   9.9  32.6 0
CRZF      101.4 224.9  82.7   1.0 3   0.0 144.6 0
CTAO       33.4 176.9 356.8   1.0 3   0.0 200.3 0  20.0 3   5.8   9.0 0
DRV        80.0 181.8   4.4   1.0 3   0.0 161.5 0
ESK       106.2 341.4  32.7   5.0 3   5.2  45.1 0
GRA1      104.8 330.7  47.0  20.0 3  13.3  39.1 0
GUMO        0.5  66.7 246.8   1.0 3   0.0 200.3 0
HIA        41.2 335.4 141.8   1.0 3   0.0 174.4 0  20.0 3   7.2  17.9 0  40.0 3   7.3  10.4 0
HRV       115.2  28.7 321.0   1.0 3   0.0 155.4 0  20.0 3  13.2  40.9 0
HYB        63.4 283.0  83.4   1.0 3   0.0 178.4 0  20.0 3   9.2  26.9 0
INU        22.9 344.2 161.1   1.0 3   0.0 195.2 0  20.0 3   3.8  19.9 0
KEV        86.5 342.0  59.8   1.0 3   0.0 176.6 0
KIP        55.2  73.1 271.8   1.0 3   0.0 185.0 0  20.0 3   6.9  25.4 0
KMI        40.9 292.9  98.5   1.0 3   0.0 200.3 0  20.0 3   7.0  21.9 0  40.0 3   7.3  10.6 0
LZH        42.8 309.2 111.2   1.0 3   0.0 200.3 0  20.0 3   7.3  18.3 0  40.0 3   7.6   9.9 0
MAJO       23.8 347.4 164.8   1.0 3   0.0 200.3 0  20.0 3   4.4   7.6 0
NNA       139.7  92.5 276.4   5.0 3   9.2  46.9 0  20.0 3  18.2  19.4 0
NOU        41.4 148.4 326.7   5.0 3   3.9  20.8 0
NWAO       53.0 208.8  34.0   1.0 3   0.0 200.3 0  20.0 1   8.5  11.8 0
OBN        89.0 326.9  67.7  20.0 3  10.2  35.3 0
PAF        90.1 219.1  69.6   1.0 3   0.0 161.5 0
PAS        88.5  55.3 285.3   1.0 3   0.0 175.9 0  20.0 3  10.4  34.2 0
PFO        90.0  55.4 286.3   5.0 3   8.5  37.6 0  20.0 3  12.0  13.2 0
SNZO       61.3 154.3 325.9   1.0 3   0.0 179.3 0
SSB       111.1 330.9  42.1   1.0 3   0.0 144.6 0
TATO       24.5 301.4 113.7   1.0 3   0.0 200.2 0
TSK        23.1 351.0 169.2   5.0 3   1.5  21.7 0
WMQ        57.0 313.8 103.8   1.0 3   0.0 167.3 0  20.0 3   9.3  20.0 0  40.0 3   9.4  18.4 1
WUS        62.7 309.6  95.9   1.0 3   0.0 178.4 0
YKW1       83.2  27.3 286.0  20.0 3  10.4  33.0 0

  1990  1  4  05 32 21.0   -15.397  -172.850   53.0  6.4  6.4  seed 1990/jan/9000400.sed      900104a
AFI         1.8  35.2 214.9   1.0 3   0.0 395.1 0  20.0 1   0.0  18.8 0  20.0 3   0.0  19.9 0
ANMO       80.5  49.8 243.8   1.0 3   0.0 356.9 0  20.0 3   8.9  32.7 0
ANTO      146.9 322.2  49.4   1.0 3   0.0 329.0 0  20.0 1  19.1  24.0 0
ARU       123.6 328.5  64.6  20.0 3  24.4  43.4 0
BJI        85.9 313.2 113.7   1.0 3   0.0 362.0 0  20.0 3  12.3  23.0 0  40.0 3  12.4  14.7 0
BNG       164.3 226.5 134.8   1.0 3   5.0 308.6 0   5.0 3  17.5  51.2 0
COL        82.4  10.5 204.4   1.0 3   0.0 362.0 0  20.0 1  11.4  31.3 0  20.0 3  12.0  31.8 0
COR        74.9  34.3 229.6   1.0 3   0.0 347.8 0  20.0 3   9.8  30.5 0
CRZF      106.4 210.4 135.1   1.0 3   0.0 342.3 0
CTAO       39.1 257.0  90.0   1.0 3   0.0 362.0 0  20.0 3   6.8  11.6 0
DRV        59.8 199.7  55.0   1.0 3   0.0 359.2 0
ESK       139.3   9.1 344.7   5.0 3  13.5  49.1 0
GRA1      145.6 355.3   6.9  20.0 3  16.6  46.5 0
GUMO       50.8 302.3 123.1   1.0 3   0.0 362.0 0
HIA        87.6 322.7 116.8   1.0 3   0.0 362.0 0  20.0 3  12.3  23.3 0  40.0 3  12.6  14.2 0
HRV       108.5  50.0 266.2   1.0 3   0.0 325.0 0  20.0 3  13.2  40.3 0
HYB       111.9 282.7  99.8   1.0 3   0.0 325.4 0
INU        69.4 317.8 127.6   1.0 3   0.0 359.2 0  20.0 3   9.3  27.9 0
KEV       124.3 351.7  23.3   1.0 3   0.0 329.0 0  20.0 1  17.7  30.1 0  20.0 3  18.5  29.5 0
KIP        39.5  22.1 202.9   1.0 3   0.0 380.0 0  20.0 3   4.8  22.6 0
KMI        91.5 295.4 106.1   1.0 3   0.0 362.0 0  20.0 3  12.7  23.7 0  40.0 3  13.0  14.2 0
LZH        93.7 306.2 106.1   1.0 3   0.0 362.0 0  20.0 3  13.6  24.3 0  40.0 3  13.1  14.8 0
MAJO       69.4 319.5 128.9   1.0 3   0.0 362.0 0  20.0 3   9.1  28.8 2
NNA        92.5 103.2 253.7   5.0 3   7.1  44.8 0  20.0 3  12.2  13.4 0
NWAO       65.1 240.5  92.8   1.0 3   0.0 362.0 0  20.0 1   9.9  14.8 0
OBN       134.3 336.7  41.2  20.0 3  15.8  45.5 0
PAF        94.9 215.8 120.5   1.0 3   0.0 342.3 0
PAS        71.7  45.5 236.1   1.0 3   0.0 362.0 1  20.0 3   8.6  31.3 0
PFO        72.6  46.8 237.5   5.0 3   7.0  34.8 0  20.0 3  10.4  13.2 0
PPT        22.4  98.8 272.1   5.0 3   2.3  22.5 0
SNZO       28.0 200.2  26.3   1.0 3   0.0 395.1 0
SSB       150.1   3.7 355.0   1.0 3   5.0 308.6 0  20.0 3  18.2  46.0 0
TATO       75.6 301.3 114.7   1.0 3   0.0 371.3 4  20.0 1  11.2  27.6 2
TOL       153.7  19.9 335.3   1.0 3   0.0 305.6 2  20.0 1  19.0  35.5 0  20.0 3  19.6  35.0 0
TSK        68.0 320.3 130.3   5.0 3   7.0  30.5 0
WFM       108.6  49.9 266.2   5.0 3  10.6  37.6 0
WMQ       107.3 311.5  94.6   1.0 3   0.0 329.0 0
WUS       113.4 308.4  90.0   1.0 3   0.0 325.4 0  20.0 3  12.8  39.0 0
YKW1       90.0  23.3 235.3  20.0 3  11.0  33.8 0

  1990  1  5  10 10 21.8    -8.800   106.442   29.0  5.3  5.8  seed 1990/jan/9000500.sed      900105a
AFI        80.0 102.7 263.3   1.0 3   0.0 183.2 0
ANMO      140.2  44.3 303.4   1.0 3   0.0 109.5 0  20.0 3  18.2  45.2 0
ANTO       83.3 311.9 107.1   1.0 3   0.0 174.8 0  20.0 1  12.2  15.4 0
ARU        76.1 334.9 130.8  20.0 3   8.7  31.1 0
BJI        49.5   9.8 192.7   1.0 3   0.0 183.2 0  40.0 3   8.6  10.3 0
BNG        88.6 274.6  98.9   5.0 3  23.2  33.4 0
COL       104.6  25.1 280.8   1.0 3   0.0 150.2 0
COR       124.2  41.3 294.5   1.0 3   0.0 137.8 0  20.0 3  16.9  43.2 0
CRZF       59.6 220.8  69.1   1.0 3   0.0 165.5 0   5.0 3   5.8  26.0 0
CTAO       40.1 110.7 280.4   1.0 3   0.0 183.2 0  20.0 3   6.9  10.1 0
DRV        62.2 165.6 321.8   1.0 3   0.0 165.5 0   5.0 3  13.7  27.1 0
ESK       108.3 325.4  78.5   5.0 3   8.5  42.4 0
GRA1      100.0 318.9  91.5  20.0 3  11.3  36.7 0
GUMO       44.2  60.2 241.9   1.0 3   0.0 187.9 0
HIA        59.1  10.1 195.4   1.0 3   0.0 183.2 0  20.0 3   9.6  20.6 0  40.0 3   9.9  11.2 0
HRV       146.3 357.3   3.5   1.0 3   0.0 138.0 0  20.0 3  16.5  46.5 0
HYB        38.0 313.4 131.2   1.0 3   0.0 182.4 0  20.0 3   5.5  21.5 0
INU        52.6  31.6 219.4   1.0 3   0.0 182.4 0  20.0 3   7.3  24.2 0
KEV        94.6 339.9 102.8   1.0 3   0.0 150.2 0
KIP        98.3  69.6 263.9   1.0 3   0.0 173.1 0  20.0 3  12.0  36.1 0
KIV        77.9 318.5 114.8  20.0 3   8.9  32.4 0
KMI        34.0 354.0 173.4   1.0 3   0.0 183.2 0  20.0 3   6.4  17.1 0
LZH        44.8 357.0 176.3   1.0 3   0.0 183.2 0  20.0 3  12.0  21.9 0  40.0 3   8.1   9.8 0
MAJO       54.2  31.6 220.0   1.0 3   0.0 183.2 0  20.0 3   6.8  22.5 2
NNA       159.0 171.0 189.1   5.0 3  17.4  55.2 0
NOU        58.9 110.5 272.9   1.0 3   0.0 165.5 0
NWAO       26.1 159.0 335.0   1.0 3   0.0 183.2 0  20.0 1   5.2   8.5 0
OBN        86.0 327.2 111.3  20.0 3  10.4  34.4 0
PAF        50.5 210.1  49.3   1.0 3   0.0 182.4 0   5.0 3   7.1  24.0 0
PAS       131.9  51.6 291.4   1.0 3   0.0 138.6 0  20.0 3  17.5  44.6 0
PFO       133.5  51.6 292.4   5.0 3  17.3  55.2 0
SNZO       67.9 131.0 277.7   1.0 3   0.0 173.6 0
SSB       104.6 314.4  87.6   1.0 3   0.0 148.6 0
TATO       36.7  23.3 205.5   1.0 3   0.0 182.8 0  20.0 1   5.4  22.0 0
TOL       111.3 309.2  83.3   1.0 3   0.0 150.2 0
TSK        54.9  33.3 222.1   5.0 3   7.9  24.7 0
WMQ        55.2 343.5 157.2   1.0 3   0.0 183.2 0  20.0 3   9.2  19.9 0
WUS        55.8 335.3 146.8   1.0 3   0.0 182.4 0  20.0 3   7.9  24.7 0
YKW1      118.7  20.3 312.6  20.0 3  11.6  41.4 0

  1990  1  5  18 27 00.1    18.863  -106.795   33.0  5.4  5.9  seed 1990/jan/9000501.sed      900105b
AFI        71.9 247.9  64.6   1.0 3   0.0 182.6 0
ANMO       16.1   1.0 181.2   1.0 3   0.0 194.8 0  20.0 3   0.6  19.7 0
ARU       103.8   8.3 345.8  20.0 3  12.5  38.1 0
BJI       108.9 326.5  42.9   1.0 3   0.0 149.5 0
BNG       121.4  72.2 295.2   5.0 3  22.6  42.8 0
COL        53.4 339.6 129.3   1.0 3   0.0 182.6 0  20.0 1   8.6  21.0 0  20.0 3   9.1  21.0 0
COR        29.1 335.4 146.4   1.0 3   0.0 209.9 0  20.0 3   2.9  21.5 0
CRZF      147.3 152.0 219.3   1.0 3   6.2 124.3 0
CTAO      111.7 255.5  77.3   1.0 3   0.0 149.5 0
DRV       116.4 204.2 104.0   1.0 3   0.0 141.1 0
ESK        82.1  34.1 291.8   5.0 3   5.9  39.5 0
GRA1       92.5  35.0 303.4  20.0 3  10.3  36.5 0
GUMO      102.4 289.2  66.9   1.0 3   0.0 154.2 0
HIA       100.5 331.1  44.2   1.0 3   0.0 149.5 0  40.0 3  20.0  21.2 0
HRV        38.0  43.9 242.7   1.0 3   0.0 180.1 0  20.0 3   4.4  21.4 0
HYB       143.5 351.4   8.5   1.0 3   6.2 124.3 0
INU        98.9 312.1  59.2   1.0 3   0.0 158.0 0
KEV        85.7  14.6 316.8   1.0 3   0.0 182.6 0
KIP        48.0 282.2  83.4   1.0 3   0.0 192.8 0  20.0 3   7.2  23.6 0
KIV       111.4  23.1 329.0  20.0 3  12.0  40.3 0
KMI       127.6 325.8  36.0   1.0 3   0.0 149.5 0
LZH       118.0 332.2  33.0   1.0 3   0.0 149.5 0
MAJO       97.5 312.7  59.8   1.0 3   0.0 149.5 0  20.0 3  11.3  30.9 2
NNA        42.6 133.7 315.6   5.0 3   3.5  28.4 0  20.0 3   6.8   8.0 0
NOU        94.2 248.3  71.6   1.0 3   0.0 158.0 0   5.0 3  11.7  35.3 0
NWAO      138.3 241.7  98.9   1.0 3   0.0 149.5 0
OBN        99.9  20.3 325.1  20.0 3   9.8  38.1 0
PAF       149.5 176.1 185.5   1.0 3   6.2 124.3 0
PAS        18.3 328.6 143.5   1.0 3   0.0 209.5 0  20.0 3   2.6  20.3 0
PFO        17.1 331.5 147.1   5.0 3   0.0  23.3 0  20.0 3   2.9   4.9 0
SNZO       94.0 227.8  68.7   1.0 3   0.0 173.0 0
SSB        90.8  41.0 298.3   1.0 3   0.0 158.0 0  20.0 3  19.1  33.4 0
TATO      115.8 311.3  51.6   1.0 3   0.0 149.1 0  20.0 1  13.1  39.5 0
TOL        87.4  48.6 292.6   1.0 3   0.0 182.6 0
TSK        96.3 311.6  61.0   5.0 3  11.9  35.4 0
WMQ       116.1 348.4  15.2   1.0 3   0.0 149.5 0
WUS       119.8 354.8   6.5   1.0 3   0.0 141.1 0  20.0 3  31.1  40.4 0
YKW1       43.9 354.8 169.4  20.0 3   6.4  22.8 0

  1990  1  6  21 44 56.2   -10.681    92.987   14.0  5.7  5.5  seed 1990/jan/9000600.sed      900106a
AFI        92.5 104.6 258.3   1.0 3   0.0 168.1 1  20.0 1  12.3  23.8 0  20.0 3  13.1  23.8 0
ANMO      150.0  33.3 319.5   1.0 3   4.0 124.1 0  20.0 3  17.2  47.1 0
ANTO       75.1 316.2 117.9   1.0 3   0.0 168.1 1  20.0 1  11.4  14.6 0
ARU        72.8 340.8 144.3  20.0 3  10.0  32.0 0
BJI        55.0  21.7 208.3   1.0 3   0.0 168.1 1  20.0 3   9.2  20.2 0  40.0 3   9.4  12.0 0
COL       111.8  23.7 292.7   1.0 3   0.0 168.1 1  20.0 1  18.2  30.5 0  20.0 3  19.0  30.0 0
COR       134.0  36.1 306.4   1.0 3   0.0 131.9 0  20.0 3  15.0  44.8 0
CRZF       49.9 216.5  57.9   1.0 3   0.0 185.6 1   5.0 3   7.8  24.7 0
CTAO       52.0 107.2 271.9   1.0 3   0.0 201.2 1
DRV        64.2 161.1 306.9   1.0 3   0.0 168.8 1
ESK       102.3 324.4  90.8   5.0 3   6.6  44.0 0
GRA1       92.8 319.9 102.9  20.0 3  11.7  36.9 0
GUMO       56.9  66.1 247.5   1.0 3   0.0 168.1 1
HIA        64.3  19.1 209.5   1.0 3   0.0 168.1 1  20.0 3  10.1  21.1 0  40.0 3  10.4  12.2 0
HRV       145.5 339.5  27.3   1.0 3   0.0 131.9 0  20.0 3  18.5  47.9 0
HYB        31.4 332.8 151.9   1.0 3   0.0 149.1 1
INU        62.0  40.1 230.9   1.0 3   0.0 168.8 1
KEV        92.0 341.4 115.9   1.0 3   0.0 168.1 1
KIP       111.4  71.2 266.8   1.0 3  28.3 163.7 1  20.0 3  31.9  39.4 0
KIV        71.1 324.0 126.8  20.0 3   9.0  31.0 0
KMI        36.9  14.8 196.1   1.0 3   0.0 201.2 1  20.0 3   6.8  17.5 0  40.0 3   7.0   9.4 0
LZH        47.8  11.9 194.5   1.0 3   0.0 201.2 1  20.0 3   8.3  19.0 0  40.0 3   8.4  10.2 0
MAJO       63.4  39.8 231.4   1.0 3   0.0 168.1 1  20.0 3   9.7  26.7 2
NNA       155.2 204.3 155.6   5.0 3  14.8  52.6 0
NOU        70.7 109.8 265.9   1.0 3   0.0 168.8 1   5.0 3   9.2  29.4 0
NWAO       31.5 138.5 309.2   1.0 3   0.0 201.2 1  20.0 1   6.1   9.4 0
OBN        80.8 331.0 123.8  20.0 3   8.4  33.8 0
PAF        43.0 201.8  34.0   1.0 3   0.0 185.6 1   5.0 3   3.8  24.0 0
PAS       143.2  45.9 302.4   1.0 3   0.0 135.1 1  20.0 3  14.8  46.9 0
PFO       144.6  45.3 303.8   5.0 3  15.2  52.9 0  20.0 3  18.6  20.2 0
SNZO       76.8 130.1 267.2   1.0 3   0.0 168.1 1
SSB        96.4 314.7  98.4   1.0 3   0.0 151.9 1
TATO       45.1  37.8 221.6   1.0 3   0.0 201.2 1  20.0 1   5.9  22.4 0
TOL       102.2 308.6  93.6   1.0 3   0.0 168.1 1
TSK        64.5  41.1 233.1   5.0 3   8.8  29.0 0
WMQ        54.6 355.3 173.6   1.0 3   0.0 168.1 1  20.0 3   9.0  20.0 0  40.0 3   9.3  10.6 0
WUS        53.3 347.0 163.0   1.0 3   0.0 168.8 1  20.0 3   8.1  24.2 0
YKW1      124.6  15.1 326.7  20.0 3  14.3  42.5 0

  1990  1  7  09 06 43.4   -15.947   -74.245   48.0  5.9  5.3  seed 1990/jan/9000700.sed      900107a
AFI        93.3 254.5 107.3   1.0 3   0.0 147.7 0  20.0 1  11.1  22.7 0  20.0 3  11.7  22.7 0
ANMO       59.3 329.3 143.3   1.0 3   0.0 174.7 0  20.0 3   7.0  28.0 0
ANTO      113.1  53.2 268.4   1.0 3   0.0 147.7 0
ARU       126.2  30.4 299.3  20.0 3  17.5  43.8 0
BJI       154.3 341.2  23.4   1.0 3   0.0 147.7 0  40.0 3  19.8  21.0 0
CAY        30.1  48.0 225.9   5.0 3   3.7  20.6 0
COL        97.6 335.6 111.3   1.0 3   0.0 147.7 0
COR        75.1 326.0 131.1   1.0 3   0.0 170.8 0  20.0 3   9.0  30.9 0
CRZF      101.1 145.3 232.2   1.0 3   0.0 132.3 0
CTAO      126.4 229.2 129.2   1.0 3   0.0 147.7 0  20.0 3  17.6  41.8 6
DRV        93.7 193.0 147.2   1.0 3   0.0 161.7 0
ESK        92.7  32.8 245.8   5.0 3   7.6  40.1 0
GRA1       99.2  41.0 256.4  20.0 3   9.6  37.9 0
GUMO      142.2 271.4  98.3   1.0 3   0.0 147.7 0
HIA       144.8 343.9  23.6   1.0 3   0.0 147.7 0  20.0 3  19.2  29.9 0  40.0 3  19.4  21.0 0
HRV        58.4   2.3 183.0   1.0 3   0.0 171.7 0  20.0 3   6.5  26.0 0
HYB       153.9  83.3 269.7   1.0 3   5.8 123.9 0
INU       146.0 310.3  62.8   1.0 3   0.0 127.9 0
KEV       108.8  21.2 275.1   1.0 3   0.0 147.7 0
KIP        90.1 292.0 106.9   1.0 3   2.8 168.5 0  20.0 3  11.0  34.7 0
KIV       120.3  48.3 277.3  20.0 3  15.3  40.9 0
KMI       170.4  17.0 342.8   1.0 3   0.0 114.6 0  20.0 3  19.6  30.6 0
LZH       159.8   4.5 354.7   1.0 3   0.0 114.6 0
MAJO      144.6 311.4  62.6   1.0 3   0.0 147.7 0
NNA         4.7 327.0 147.7   5.0 3   0.0  24.9 0  20.0 3   0.2   5.0 0
NOU       109.6 238.9 117.4   1.0 3   0.0 142.5 0
NWAO      130.0 192.6 165.6   1.0 3   0.0 147.7 0  20.0 1  18.4  21.7 0
OBN       114.9  36.4 278.1  20.0 3  11.8  41.8 1
PAF       107.7 156.5 215.8   1.0 3   0.0 144.8 0
PAS        65.1 320.6 132.5   1.0 3   0.0 179.5 0  20.0 3   9.1  28.2 0
PFO        63.7 321.2 133.7   5.0 3   0.0  38.8 0  20.0 3   9.6  11.2 0
SNZO       94.6 224.8 115.9   1.0 3   0.0 150.0 0
SSB        93.6  44.0 251.2   1.0 3   0.0 161.7 0  20.0 3  21.4  34.0 0
TATO      162.7 303.3  60.8   1.0 3   0.0 114.6 0  20.0 1  18.7  48.5 0
TOL        85.7  46.6 245.4   1.0 3   0.0 176.9 0  20.0 1  11.4  23.8 0  20.0 3  12.2  23.8 0
TSK       143.4 309.8  65.1   5.0 3  17.8  48.0 0
WMQ       148.2  25.4 325.8   1.0 3   0.0 147.7 0  20.0 3  19.3  39.9 0  40.0 3  19.6  20.9 0
WUS       145.9  37.2 310.3   1.0 3   0.0 127.9 0  20.0 3  18.4  45.3 0
YKW1       84.4 342.4 141.2  20.0 3  11.0  33.5 0

  1990  1  8  19 44 34.6    52.038  -169.446   33.0  5.6  5.7  seed 1990/jan/9000800.sed      900108a
AFI        65.8 182.5   1.6   1.0 3   0.0 171.1 0
ANMO       47.2  85.3 311.5   1.0 3   0.0 172.7 0  20.0 3   7.0  25.0 0
ANTO       86.3 343.1  13.5   1.0 3   0.0 171.2 0  20.0 1  12.3  15.6 0
ARU        64.7 332.9  30.4  20.0 3   6.5  28.6 0
BJI        50.7 287.6  50.0   1.0 3   0.0 171.1 0  20.0 3   8.5  19.5 0  40.0 3   8.8  10.9 0
COL        17.0  32.5 231.1   1.0 3   0.0 204.2 0  20.0 1   3.3  19.8 0  20.0 3   3.9  20.4 0
CRZF      152.8 266.1  63.6   1.0 3   0.0 131.0 0
CTAO       81.7 221.7  25.9   1.0 3   0.0 171.1 0  20.0 3  11.7  24.7 1
DRV       124.5 202.0  35.5   1.0 3   0.0 147.9 0
ESK        72.2   8.2 351.2   5.0 3   8.2  36.7 0  20.0 3  10.8  12.0 0
GRA1       78.5 359.6   0.4  20.0 3   8.4  30.7 0
GUMO       52.9 240.8  33.6   1.0 3   0.0 171.2 0
HIA        43.3 295.7  58.1   1.0 3   0.0 204.2 0  20.0 3   7.7  18.4 0  40.0 3   7.8  10.3 0
HRV        62.1  55.8 316.3   1.0 3   0.0 192.4 0  20.0 3   7.8  28.8 0
HYB        89.2 297.9  34.9   1.0 3   0.0 166.2 0  20.0 3  25.2  33.6 0
INU        41.1 267.8  49.0   1.0 3   0.0 181.6 0  20.0 3   5.9  21.1 0
KEV        57.8 353.3  11.9   1.0 3   0.0 185.5 0
KIP        31.8 159.5 346.6   1.0 3   0.0 206.3 0  20.0 3   4.9  21.4 0
KIV        80.3 337.1  19.4  20.0 3  10.3  33.4 0
KMI        69.2 284.6  41.2   1.0 3   0.0 171.2 0  20.0 3  10.6  21.6 0  40.0 3  10.9  13.0 0
LZH        60.6 292.0  44.9   1.0 3   0.0 171.2 0  20.0 3   9.8  20.8 0  40.0 3   9.9  12.2 0
MAJO       39.6 268.2  50.0   1.0 3   0.0 204.2 0  20.0 3   7.0  10.2 0
NNA       101.0  95.2 321.0   5.0 3   8.9  46.7 0
NOU        77.0 203.1  15.1   1.0 3   0.0 164.8 0   5.0 3  10.5  30.8 0
NWAO      106.2 237.2  38.1  20.0 1  15.3  18.6 0
OBN        70.9 344.6  16.6  20.0 3   8.0  31.0 0
PAF       143.1 250.3  63.0   1.0 3   0.0 126.8 0
PAS        40.5  95.5 312.2   1.0 3   0.0 199.3 1  20.0 3   5.9  22.3 0
PFO        41.9  94.6 312.5   5.0 3   0.0  22.4 0  20.0 3   7.0   8.6 0
SNZO       94.2 191.9   9.8   1.0 3   0.0 171.2 0
SSB        82.7   4.3 356.3   1.0 3   0.0 164.7 0
TATO       57.9 270.4  42.8   1.0 3   0.0 190.5 0  20.0 1   7.7  25.9 0
TOL        87.4  11.2 351.1   1.0 3   0.0 151.8 0  20.0 1  11.8  24.1 0  20.0 3  12.6  23.6 0
TSK        38.6 266.2  49.6   5.0 3   4.9  21.7 0
WMQ        63.6 308.2  42.1   1.0 3   0.0 171.2 0  20.0 3  10.0  21.0 0  40.0 3  10.3  11.6 0
WUS        69.6 311.6  37.8   1.0 3   0.0 164.7 0  20.0 3  15.5  28.2 0
YKW1       30.5  48.4 275.8  20.0 3   5.0  21.5 0

  1990  1  9  18 51 29.2    24.753    95.241  119.0  6.1  0.0  seed 1990/jan/9000900.sed      900109a
AFI        98.4 101.3 293.3   1.0 3   0.0 257.3 0
AGD        51.2 265.0  67.5   5.0 3   6.4  23.3 0
ANMO      117.0  19.9 337.9   1.0 3   0.0 278.5 0  20.0 3  11.5  41.4 0
ANTO       53.8 302.4  86.2   1.0 3   0.0 224.2 0  20.0 1   8.5  19.3 1
ARU        41.3 329.8 124.6  20.0 3   6.0  23.4 0
BJI        23.3  44.0 235.4   1.0 3   0.0 224.2 0  20.0 3   4.6  19.5 0  40.0 3   4.7   9.6 0
COL        78.3  22.8 304.3   1.0 3   0.0 257.3 0  20.0 1  10.7  30.5 0  20.0 3  11.5  31.3 0
COR       102.4  27.1 324.7   1.0 3   0.0 268.9 0  20.0 3  12.2  37.3 0
CRZF       81.1 208.8  39.3   1.0 3   0.0 251.6 0   5.0 3  10.8  31.0 0
CTAO       66.8 127.2 309.6   1.0 3   0.0 257.3 0  20.0 3   9.3  26.3 2
DRV        97.3 163.5 319.7   1.0 3   0.0 251.6 0   5.0 3  32.5  35.9 0
ESK        74.5 324.2  68.7   5.0 3   8.9  36.2 0  20.0 3  10.3  12.7 0
GRA1       67.7 315.8  77.5  20.0 3   7.6  29.0 0
GUMO       47.9  93.8 291.1   1.0 3   0.0 224.2 0
HIA        31.1  31.7 227.0   1.0 3   0.0 224.2 0  20.0 3   5.7  20.6 0  40.0 3   6.0  13.6 1
HRV       111.8 349.5  12.9   1.0 3   0.0 275.4 0  20.0 3  11.3  40.2 0
HYB        17.2 248.1  62.1   1.0 3   0.0 217.8 0  20.0 3   2.1  19.0 0
INU        37.4  63.6 265.3   1.0 3   0.0 217.8 0  20.0 3   5.9  21.1 0
KIP        95.3  63.5 299.1   1.0 3   0.0 265.8 0  20.0 3  12.0  35.6 0
KMI         6.8  85.3 268.5   1.0 3   0.0 224.2 0  20.0 3   1.3  19.5 0  40.0 3   1.5  16.4 1
LZH        13.5  31.2 215.6   1.0 3   0.0 224.2 0  20.0 3   2.8  18.5 0  40.0 3   2.9  12.9 1
MAJO       38.5  61.8 264.6   1.0 3   0.0 224.2 0  20.0 3   6.5  11.3 0
NNA       165.2 328.6  29.8   5.0 3   9.6  59.8 0  20.0 3  19.0  20.2 0
NWAO       61.2 158.9 337.1   1.0 3   0.0 257.3 0  20.0 1   9.6  14.5 0
OBN        52.2 321.7 100.7  20.0 3   7.7  25.8 0
PAF        77.2 196.5  23.3   1.0 3   0.0 249.3 0   5.0 3   7.4  31.0 0
PAS       113.2  29.7 327.1   1.0 3   0.0 282.5 0  20.0 3  12.7  39.5 0
PFO       114.5  28.7 328.5   5.0 3  12.7  50.4 0  20.0 3  18.9  29.3 1
SNZO       98.6 131.4 295.1   1.0 3   0.0 257.3 0
SSB        73.2 312.6  71.5   1.0 3   0.0 234.7 0  20.0 3  10.2  28.8 0
TATO       23.8  83.9 275.1   1.0 3   0.0 224.2 0  20.0 1   2.7  20.9 0
TOL        81.1 309.9  65.1   1.0 3   0.0 257.3 0  20.0 1  10.9  26.5 0  20.0 3  11.7  26.3 0
TSK        40.0  62.5 266.3   5.0 3   4.2  21.0 0
WMQ        20.0 343.9 159.6   1.0 3   0.0 224.2 0  20.0 3   4.1  20.7 0  40.0 3   4.3  13.1 1
WUS        21.2 324.8 135.9   1.0 3   0.0 217.8 0  20.0 3   2.7  19.6 0
YKW1       89.7  13.3 333.3  20.0 3   9.7  34.5 0

  1990  1 10  03 11 17.6    39.706   143.306   36.0  5.7  5.5  seed 1990/jan/9001000.sed      900110a
AFI        67.9 132.1 323.9   1.0 3   0.0 172.4 0
ANMO       81.6  51.0 313.1   1.0 3   0.0 168.9 0  20.0 3   9.3  33.2 0
ANTO       78.4 312.8  47.4   1.0 3   0.0 172.4 0  20.0 1  10.2  15.1 0
ARU        55.3 317.8  68.9  20.0 3   6.6  25.5 0
BJI        20.8 279.7  82.1   1.0 3   0.0 205.5 0  40.0 3   3.3   4.6 0
COL        46.0  33.5 271.7   1.0 3   0.0 172.4 0  20.0 1   6.7  21.5 0  20.0 3   6.1  21.0 0
COR        65.5  51.4 302.4   1.0 3   0.0 167.8 0  20.0 3   8.9  28.1 0
CRZF      118.3 232.0  61.4   1.0 3   0.0 146.0 0
CTAO       59.7 176.8 357.4   1.0 3   0.0 168.4 1
DRV       106.2 181.4   2.7   1.0 3   0.0 146.0 0
ESK        81.0 341.4  25.5   5.0 3   3.5  36.0 0
GRA1       81.3 330.9  35.3  20.0 3   9.1  34.1 0
GUMO       26.1 176.5 357.3   1.0 3   0.0 205.5 0
HIA        19.2 307.5 110.8   1.0 3   0.0 205.5 0  20.0 3   1.9  12.9 0  40.0 3   3.0   5.4 0
HRV        92.1  24.9 333.9   1.0 3   0.0 167.9 0  20.0 3  10.8  35.6 0
HYB        59.7 268.1  53.8   1.0 3   0.0 179.8 0  20.0 3   8.5  26.2 0
INU         6.6 230.9  47.1   1.0 3   0.0 196.6 0  20.0 3   0.0  19.2 0
KIP        52.8  91.9 304.2   1.0 3   0.0 173.9 0  20.0 3   6.5  24.9 0
KIV        70.2 311.2  53.5  20.0 3   8.7  30.7 0
KMI        36.9 259.3  56.7   1.0 3   0.0 205.5 0  20.0 3   4.9  16.1 0  40.0 3   5.3   8.7 1
LZH        31.1 276.1  71.2   1.0 3   0.0 205.5 0  20.0 3   6.0  16.7 0  40.0 3   5.0   7.4 1
MAJO        5.1 233.4  50.3   1.0 3   0.0 205.5 0  20.0 3   0.0   6.6 0
NNA       135.1  62.9 315.1   5.0 3   9.9  47.6 0
NWAO       76.4 202.4  20.5   1.0 3   0.0 159.2 2  20.0 1  27.6  30.9 0
OBN        66.7 323.3  53.4  20.0 3   9.5  28.5 0
PAF       109.7 221.8  51.8   1.0 3   0.0 146.0 0
PAS        74.8  58.0 307.9   1.0 3   0.0 185.0 1  20.0 3   8.5  29.9 0
PFO        76.2  57.6 308.7   5.0 3   9.9  35.0 0  20.0 3  11.0  12.2 0
SNZO       85.7 156.7 336.2   1.0 3   0.0 162.9 0
SSB        87.5 332.3  30.5   1.0 3   0.0 162.9 0
TATO       23.5 237.9  46.0   1.0 3   0.0 205.5 0  20.0 1   3.8  20.3 0
TOL        95.2 335.4  24.6   1.0 3   0.0 172.4 0
TSK         4.3 216.9  34.9   5.0 3   0.0  20.4 0
WMQ        41.0 294.6  75.8   1.0 3   0.0 205.5 0  20.0 3   5.4  21.2 0  40.0 3   6.4   8.8 1
WUS        47.7 293.7  69.5   1.0 3   0.0 179.8 0  20.0 3   7.5  22.7 0
YKW1       60.7  31.3 300.3  20.0 3   7.2  27.2 0

  1990  1 14  03 03 19.2    37.819    91.971   12.0  6.1  6.1  seed 1990/jan/9001400.sed      900114a
AFI       103.3  97.1 305.9   1.0 3   0.0 279.6 0
ANMO      105.4  15.6 345.0   1.0 3   0.0 267.3 0  20.0 3  11.2  38.2 0
ANTO       45.3 291.9  72.7   1.0 3   0.0 246.5 0  20.0 1   7.2  13.7 0
BJI        18.9  75.7 271.1   1.0 3   0.0 213.5 0  20.0 3   4.1  20.6 0  40.0 3   4.2  11.8 1
COL        67.4  23.5 312.3   1.0 3   0.0 246.5 0  20.0 1  10.2  25.8 0  20.0 3  10.7  25.8 0
COR        91.8  24.3 332.9   1.0 3   0.0 265.7 0  20.0 3   9.7  35.4 0
CRZF       91.4 206.6  30.8   1.0 3   2.2 255.2 0
CTAO       77.0 128.3 318.6   1.0 3   0.0 235.8 0  20.0 3  11.2  14.4 0
DRV       110.6 161.5 320.9   1.0 3   2.2 255.2 0
ESK        62.5 320.2  62.6   5.0 3   5.4  31.9 0  20.0 3   9.3  10.5 0
GRA1       56.7 310.1  68.9  20.0 3   8.4  27.2 0
GUMO       52.6 102.5 307.4   1.0 3   0.0 246.5 0
HIA        23.0  51.3 250.7   1.0 3   0.0 213.5 0  20.0 3   4.6  21.2 0  40.0 3   4.9   8.0 0
HRV        98.5 347.8  13.1   1.0 3   0.0 265.7 1  20.0 3  12.1  37.5 0
HYB        23.5 213.8  27.4   1.0 3   0.0 221.5 0  20.0 3   3.4  20.3 0
INU        36.0  79.8 287.6   1.0 3   0.0 221.5 0  20.0 3   5.5  20.7 0
KIP        91.7  61.0 312.0   1.0 3   0.0 265.3 0  20.0 3  10.6  35.5 0
KIV        37.3 295.5  82.0  20.0 3   5.3  23.3 0
KMI        15.6 141.0 326.7   1.0 3   0.0 213.5 0  20.0 3   3.2  19.2 0  40.0 3   3.4   6.5 0
KONO       54.5 321.9  74.3   1.0 3   0.0 246.5 0
LZH         9.6  96.7 283.8   1.0 3   0.0 213.5 0  20.0 3   2.0  20.1 0  40.0 3   2.1   9.6 0
MAJO       36.5  77.4 286.3   1.0 3   0.0 246.5 0
NNA       152.3 336.1  19.5   5.0 3  17.8  55.4 0  20.0 3  18.7  20.3 0
NWAO       74.4 158.0 339.4   1.0 3   0.0 246.5 0  20.0 1  11.1  14.3 0
PAF        89.1 194.1  17.1   1.0 3   2.2 255.2 0
PAS       102.9  25.2 336.0   1.0 3   0.0 266.1 1  20.0 3  11.1  39.1 0
PFO       104.0  24.1 337.2   5.0 3   5.3  43.0 0
RER        68.0 216.6  30.4   5.0 3   7.9  28.1 0
SCZ        99.6  26.6 333.9   5.0 3  20.3  37.2 0
SNZO      109.1 127.6 303.6   1.0 3   0.0 279.6 0
SSB        62.7 307.6  62.7   1.0 3   0.0 238.3 0
TATO       28.1 108.5 304.2   1.0 3   0.0 213.5 0  20.0 1   3.5  20.0 0
TOL        70.9 306.1  56.3   1.0 3   0.0 246.5 0  20.0 1  10.1  25.7 0  20.0 3  10.9  25.2 1
TSK        38.1  77.2 287.3   5.0 3   4.8  21.6 0
WMQ         6.8 333.0 150.2   1.0 3   0.0 213.5 0  20.0 3   1.3  19.5 0  40.0 3   1.5  18.7 1
WUS        10.4 292.9 104.7   1.0 3   0.0 204.6 0  20.0 3   0.9  19.5 0
YKW1       77.6  12.2 338.9  20.0 3   9.5  32.2 0

  1990  1 14  03 38 04.6    45.345   150.913   48.0  5.7  5.7  seed 1990/jan/9001401.sed      900114b
AFI        68.1 140.5 332.5   1.0 3   0.0 178.7 0
ANMO       73.8  56.4 314.3   1.0 3   0.0 172.4 0  20.0 3   9.4  30.4 0
ANTO       78.5 316.3  39.3   1.0 3   0.0 178.7 0  20.0 1  11.2  29.4 1
BJI        25.9 270.6  66.7   1.0 3   0.0 211.8 0  40.0 3   5.4   7.0 0
COL        38.1  37.2 269.7   1.0 3   0.0 178.7 0  20.0 1   5.9  18.3 0  20.0 3   7.0  17.7 0
COR        57.7  57.3 303.9   1.0 3   0.0 171.0 0  20.0 3   6.4  26.5 0
CRZF      126.2 238.0  59.8   1.0 3   1.2 136.1 0
CTAO       65.4 184.8   3.6   1.0 3   0.0 168.0 0
DRV       112.2 184.7   8.3   1.0 3   1.2 153.0 0
ESK        77.2 345.2  18.3   5.0 3   5.3  32.0 0  20.0 3  10.9  12.1 0
GRA1       78.9 334.7  27.6  20.0 3   8.4  30.7 0
GUMO       32.1 191.1   8.0   1.0 3   0.0 211.8 0
HIA        21.4 291.8  88.6   1.0 3   0.0 211.8 0  20.0 3   2.8  15.8 0  40.0 3   4.5   6.8 0
HRV        84.5  30.0 331.5   1.0 3   0.0 171.1 0  20.0 3  10.3  34.0 0
HYB        65.4 270.4  47.6   1.0 3   0.0 169.8 0
INU        14.5 231.4  42.4   1.0 3   0.0 203.6 0  20.0 3   2.0   5.5 0
KIP        47.9 102.3 312.4   1.0 3   0.0 197.5 0  20.0 3   6.5  24.1 0
KIV        70.5 313.5  45.1  20.0 3   7.3  30.0 0
KMI        43.4 259.1  49.8   1.0 3   0.0 178.7 0  20.0 3   6.1  22.6 0  40.0 3   7.8  18.4 1
KONO       70.5 340.4  27.8   1.0 3   0.0 178.7 0
LZH        36.4 272.2  60.4   1.0 3   0.0 178.7 0  20.0 3   5.2  17.6 0  40.0 3   6.9   8.6 0
MAJO       13.0 231.9  43.5   1.0 3   0.0 211.8 0
NNA       127.6  65.8 318.7   5.0 3   8.1  45.8 0
NWAO       83.8 208.1  23.2   1.0 3   0.0 178.7 0
PAF       117.6 226.9  51.9   1.0 3   1.2 136.1 0
PAS        67.1  63.9 310.2   1.0 3   0.0 186.2 0  20.0 3   7.4  29.4 0
PFO        68.6  63.4 311.0   5.0 3   8.2  33.4 0
RER       108.3 258.5  47.8   5.0 3  10.2  40.6 0
SCZ        63.6  63.7 308.2   5.0 3   9.2  29.4 0
SNZO       89.0 162.2 343.4   1.0 3   0.0 178.7 0
SSB        84.8 337.0  23.0   1.0 3   1.2 153.0 0
TATO       31.2 239.4  41.9   1.0 3   0.0 211.8 0  20.0 1   5.1  21.7 0
TOL        92.0 341.0  17.3   1.0 3   0.0 178.7 0
TSK        12.2 225.6  38.5   5.0 3   0.3  20.5 0
WMQ        43.9 291.6  64.9   1.0 3   0.0 178.7 0  20.0 3   7.7  18.7 0
WUS        50.7 292.4  59.7   1.0 3   0.0 169.8 0
YKW1       52.9  35.4 298.4  20.0 3   7.9  26.0 0

  1990  1 14  21 04 03.2   -29.709  -177.467   58.0  5.5  6.0  seed 1990/jan/9001402.sed      900114c
AFI        16.6  19.7 197.6   1.0 3   0.0 209.0 1  20.0 1   2.6  18.2 0  20.0 3   3.4  18.0 0
ANMO       92.9  51.2 235.6   1.0 3   0.0 266.1 1  20.0 3  11.1  35.1 0
ANTO      153.3 299.8  76.3   1.0 3   0.0 275.1 1  20.0 1  19.4  24.3 0
BJI        92.9 315.1 126.9   1.0 3   0.0 275.1 1  20.0 3  13.1  35.1 1  40.0 3  12.9  33.2 1
COL        97.2  12.3 205.8   1.0 3   0.0 275.1 1  20.0 1  12.6  30.0 0  20.0 3  13.2  30.0 0
COR        89.0  35.5 225.0   1.0 3   0.0 265.7 1  20.0 3  11.6  34.9 0
CRZF       91.9 211.6 138.8   1.0 3   0.9 243.4 1
CTAO       34.1 277.8 113.5   1.0 3   0.0 242.1 1  20.0 3   6.2   9.4 0
DRV        44.9 202.4  56.4   1.0 3   0.0 226.5 1
ESK       154.1   7.6 348.7   5.0 3  14.2  54.6 0
GRA1      159.0 343.9  21.1  20.0 3  18.5  50.3 0
GUMO       56.4 314.4 140.3   1.0 3   0.0 242.1 1
HIA        96.6 324.0 128.7   1.0 3   0.0 275.1 1
HRV       120.6  55.9 256.6   1.0 3   0.0 265.8 1  20.0 3  15.0  42.3 0
HYB       110.4 278.7 115.7   1.0 3   1.0 260.3 1  20.0 3  25.7  38.3 0
INU        77.8 323.3 140.5   1.0 3   0.9 243.4 1  20.0 3  11.5  30.0 0
KIP        54.3  22.5 201.0   1.0 3   0.0 232.1 1  20.0 3   8.0  25.5 0
KIV       145.2 304.9  78.9  20.0 3  16.9  46.1 0
KMI        94.0 296.4 120.7   1.0 3   0.0 275.1 1  20.0 3  13.0  23.7 0  40.0 3  13.2  14.4 0
KONO      149.7 352.8  12.1   1.0 3   0.0 275.1 1
LZH        98.8 306.4 120.2   1.0 3   0.0 257.1 2
MAJO       78.1 324.8 141.5   1.0 3   0.0 242.1 1
NNA        93.1 105.8 238.8   5.0 3   5.7  43.4 0
NWAO       55.0 248.7 105.5   1.0 3   0.0 242.1 1
PAF        80.8 217.7 125.6   1.0 3   0.9 243.4 1
PAS        84.8  45.8 228.8   1.0 3   0.0 265.8 1  20.0 3  10.7  32.7 0
PFO        85.5  47.2 229.9   5.0 3   5.8  43.5 0  20.0 3  11.9  13.1 0
SNZO       13.2 206.7  31.3   1.0 3   0.0 209.0 1
SSB       164.4 354.6   6.3   1.0 3   1.0 294.0 1
TATO       80.0 306.1 129.3   1.0 3   0.0 242.1 1  20.0 1  10.7  32.2 0
TOL       168.5  27.0 330.9   1.0 3   0.0 308.2 1  20.0 1  19.1  30.7 0  20.0 3  20.0  30.7 0
TSK        76.9 325.8 142.8   5.0 3   9.4  32.9 0
WMQ       113.2 308.1 109.2   1.0 3   0.0 275.1 1  40.0 3  33.8  35.0 0
WUS       118.4 303.2 105.6   1.0 3   0.9 260.3 1
YKW1      104.8  25.4 233.4  20.0 3  11.8  39.0 0

  1990  1 14  21 10 30.2   -29.080  -177.628   33.0  5.5  5.7  seed 1990/jan/9001403.sed      900114d
AFI        16.1  21.0 198.8   1.0 3   0.0 202.6 1  20.0 1   1.1  11.8 0  20.0 3   1.9  11.5 0
ANMO       92.6  51.2 236.2   1.0 3   0.0 169.5 0  20.0 3  10.6  34.6 0
ANTO      152.9 300.8  75.3   1.0 3   0.0 118.3 0
BJI        92.3 315.2 126.6   1.0 3   0.0 151.4 0  20.0 3  11.6  29.7 1  40.0 3  25.5  33.8 1
COL        96.7  12.4 206.1   1.0 3   0.0 151.3 0  20.0 1  11.2  23.5 0  20.0 3  11.7  23.5 0
COR        88.6  35.6 225.5   1.0 3   0.0 161.6 0  20.0 3  10.7  34.1 0
CRZF       92.4 211.7 138.4   1.0 3   0.0 163.1 0
CTAO       33.9 277.0 112.5   1.0 3   0.0 202.5 1
DRV        45.4 202.1  55.9   1.0 3   0.0 186.4 1
ESK       153.5   7.2 349.2   5.0 3  17.6  55.8 0
GRA1      158.3 344.1  21.0  20.0 3  18.3  50.1 0
GUMO       55.9 314.2 139.8   1.0 3   0.0 169.5 0
HIA        96.0 324.1 128.4   1.0 3   0.0 151.4 0
HRV       120.4  55.6 257.3   1.0 3   0.0 162.1 0  20.0 3  11.6  41.8 0
HYB       110.1 279.0 115.0   1.0 3   0.0 146.3 0  20.0 3  19.2  37.8 0
INU        77.2 323.3 140.2   1.0 3   0.0 163.1 0  20.0 3  10.1  30.3 0
KIP        53.8  22.9 201.4   1.0 3   0.0 169.5 0  20.0 3   6.8  24.7 0
KIV       144.8 305.6  78.2  20.0 3  13.6  48.1 0
KMI        93.6 296.5 120.2   1.0 3   0.0 151.4 0  20.0 3  11.5  17.3 0
KONO      149.0 352.8  12.2   1.0 3   0.0 151.4 0
LZH        98.3 306.5 119.7   1.0 3   0.0 151.4 0
MAJO       77.5 324.8 141.2   1.0 3   0.0 169.5 0
NNA        93.4 105.8 239.4   5.0 3  11.8  37.0 0
NWAO       55.1 248.3 104.7   1.0 3   0.0 169.5 0
PAF        81.3 217.7 125.1   1.0 3   0.0 163.1 0
PAS        84.4  46.0 229.4   1.0 3   0.0 169.5 0  20.0 3   9.9  32.0 0
PFO        85.2  47.3 230.5   5.0 3   0.0  37.1 0
SNZO       13.7 205.1  29.5   1.0 3   0.0 202.6 1
SSB       163.7 354.4   6.6   1.0 3   0.0 112.6 0
TATO       79.5 306.1 128.8   1.0 3   0.0 169.5 0  20.0 1  10.8  30.7 0
TOL       168.0  25.1 332.7   1.0 3   0.0 118.3 0  20.0 1  17.7  24.2 0  20.0 3  17.9  24.2 0
TSK        76.3 325.9 142.6   5.0 3   9.7  29.8 0
WMQ       112.7 308.4 108.7   1.0 3   0.0 151.4 0  40.0 3  27.3  28.6 0
WUS       117.9 303.5 105.1   1.0 3   0.0 146.3 0
YKW1      104.3  25.4 233.8  20.0 3  10.8  37.9 0

  1990  1 18  12 45 23.6   -30.141  -177.688   13.0  6.0  5.8  seed 1990/jan/9001800.sed      900118a
AFI        17.1  19.9 197.7   1.0 3   0.0 226.6 0  20.0 1   3.1  17.9 0  20.0 3   3.6  17.9 0
AGD       138.1 252.1 122.4   5.0 3  16.9  46.3 1
ANMO       93.3  51.3 235.4   1.0 3   0.0 262.1 1  20.0 3   9.9  36.8 0
ANTO      153.3 299.0  77.4   1.0 3   0.0 292.7 0  20.0 1  19.4  22.6 0
ARU       133.1 320.5  79.9  20.0 3  16.3  44.9 0
BJI        93.0 315.2 127.4   1.0 3   0.0 259.7 0  40.0 3  13.1  14.4 0
BNG       150.1 213.8 150.8   1.0 3 214.6 282.1 0
COL        97.7  12.4 205.9   1.0 3   0.0 259.7 0
COR        89.5  35.6 224.9   1.0 3   0.0 251.1 0  20.0 3   9.6  33.8 0
CRZF       91.5 211.7 138.9   1.0 3   0.0 246.6 0   5.0 3  20.6  34.1 0
CTAO       34.0 278.6 114.4   1.0 3   0.0 226.6 0  20.0 3   6.2  20.1 1
DRV        44.4 202.5  56.4   1.0 3   0.0 229.7 0   5.0 3   6.7  23.5 0
GRA1      159.3 343.2  22.0  20.0 3  18.3  49.9 0
GUMO       56.6 314.8 140.8   1.0 3   0.0 255.3 0
HIA        96.8 324.1 129.1   1.0 3   0.0 259.7 0
HRV       121.0  56.2 256.3   1.0 3   0.0 282.3 1  20.0 3  16.6  42.8 0
HYB       110.2 278.6 116.1   1.0 3   0.0 263.5 0  20.0 3  13.1  38.4 0
INU        78.0 323.5 140.9   1.0 3   0.0 246.6 0
KIP        54.8  22.7 201.0   1.0 3   0.0 245.9 0  20.0 3   7.3  25.9 0
KIV       145.3 304.3  79.7  20.0 3  16.5  47.9 0
KMI        94.0 296.5 121.2   1.0 3   0.0 259.7 0
KONO      150.1 352.5  12.6   1.0 3   0.0 292.7 0
LZH        98.9 306.4 120.6   1.0 3   0.0 259.7 0
MAJO       78.3 325.0 141.9   1.0 3   0.0 259.7 0
NNA        93.2 105.9 238.4   5.0 3   1.3  39.0 0
NWAO       54.7 249.0 105.9   1.0 3   0.0 226.6 0  20.0 1   9.3  12.5 0
OBN       145.1 325.3  58.0  20.0 3  18.6  46.4 0
PAF        80.4 217.8 125.7   1.0 3   0.0 246.6 0   5.0 3  16.6  33.5 0
PAS        85.2  45.9 228.6   1.0 3   0.0 250.2 0  20.0 3  11.5  33.4 0
SCZ        84.9  42.3 226.5   5.0 3  10.0  33.6 0
SNZO       12.7 206.9  31.4   1.0 3   0.0 226.6 0
SSB       164.8 353.9   7.2   1.0 3   0.0 280.3 0
TATO       80.1 306.3 129.7   1.0 3   0.0 259.7 0
TOL       169.0  27.3 330.8   1.0 3   0.0 292.7 0
TSK        77.1 326.0 143.2   5.0 3  10.8  30.9 0
WMQ       113.4 308.0 109.7   1.0 3   0.0 259.7 0
WUS       118.5 303.1 106.1   1.0 3   0.0 263.5 0
YKW1      105.3  25.5 233.4  20.0 3  11.7  38.9 0

  1990  1 18  20 57 49.2   -20.760  -178.487  585.0  5.7  0.0  seed 1990/jan/9001801.sed      900118b
AFI         9.4  44.3 222.3   1.0 3   0.0 215.2 1  20.0 1   0.7  18.0 0  20.0 3   1.8  17.5 0
ANTO      147.2 312.1  63.2   1.0 3   0.0 131.0 0  20.0 1  17.9  23.6 0
ARU       125.2 325.1  73.5  20.0 3  13.0  94.8 0
BJI        85.9 315.5 121.3   1.0 3   0.0 164.0 0  40.0 3  11.5  12.8 0
BNG       156.8 227.4 135.8   1.0 3   0.0 127.0 0
COL        88.7  12.6 208.6   1.0 3   0.0 164.0 0
COR        82.3  36.4 231.0   1.0 3   0.0 161.0 0  20.0 3   9.6  88.6 0
CRZF       99.0 212.6 133.3   1.0 3   0.0 159.0 0
CTAO       33.0 264.8  97.4   1.0 3   0.0 182.2 0  20.0 3   5.2  10.0 0
DRV        52.9 199.3  51.0   1.0 3   0.0 175.8 0
GRA1      150.1 347.2  18.2  20.0 3  16.2  96.4 0
GUMO       49.7 310.3 132.8   1.0 3   0.0 182.2 0
HIA        88.7 324.7 124.3   1.0 3   0.0 164.0 0  20.0 3  11.5  22.2 0  40.0 3  11.7  84.3 2
HRV       116.1  52.1 265.4   1.0 3   0.0 149.2 0  20.0 3  14.7  92.9 0
HYB       107.8 282.1 106.6   1.0 3   0.0 142.1 0
INU        70.1 322.4 135.6   1.0 3   0.0 175.8 0
KIP        46.6  26.7 206.9   1.0 3   0.0 182.2 0  20.0 3   6.5  83.4 0
KIV       138.8 313.5  68.8  20.0 3  14.4  93.7 0
KMI        89.1 297.1 113.2   1.0 3   0.0 164.0 0  20.0 3  11.5  66.4 1  40.0 3  11.8  57.1 2
KONO      140.7 353.5  11.9   1.0 3   0.0 131.0 0
LZH        92.6 307.5 113.6   1.0 3   0.0 164.0 0  20.0 3  12.0  22.7 0  40.0 3  12.0  15.5 1
MAJO       70.3 324.0 136.9   1.0 3   0.0 164.0 0
NNA        96.4 105.5 247.2   5.0 3  11.7  99.7 0
NWAO       57.8 243.4  95.3   1.0 3   0.0 182.2 0  20.0 1   8.6  13.5 0
OBN       136.8 331.0  51.3  20.0 3  14.9  94.1 0
PAF        87.4 217.5 119.4   1.0 3   0.0 159.0 0
PAS        79.3  47.3 236.0   1.0 3   0.0 165.5 1  20.0 3   9.7  87.5 0
SNZO       21.3 194.2  17.8   1.0 3   0.0 215.2 1
SSB       155.4 354.8   6.7   1.0 3   7.2 125.2 0  20.0 3  17.4  40.3 0
TATO       74.0 305.0 122.4   1.0 3   0.0 164.0 0  20.0 1   9.9  13.1 0
TOL       160.3  13.0 344.6   1.0 3   0.0 131.0 0  20.0 1  32.1  44.5 0  20.0 3  32.9  43.9 0
TSK        69.0 325.0 138.3   5.0 3   8.9  86.2 0
WMQ       106.8 310.9 102.5   1.0 3   0.0 164.0 0  40.0 3  83.2  88.8 1
WUS       112.5 306.9  98.1   1.0 3   0.0 142.1 0
YKW1       97.1  24.9 238.1  20.0 3  11.5  91.9 0

  1990  1 20  01 27 09.8    35.832    52.954   24.0  5.5  5.9  seed 1990/jan/9002000.sed      900120a
AFI       134.4  72.7 306.6   1.0 3   0.0 144.3 0
ANMO      106.8 342.5  17.3   1.0 3   3.3 153.5 0  20.0 3  11.6  38.6 0
ANTO       16.4 290.3  97.8   1.0 3   0.0 210.4 0  20.0 1   3.1   9.6 0
ARU        20.9   8.7 192.8  20.0 3   0.9  21.9 0
BJI        49.1  65.0 286.4   1.0 3   0.0 177.4 0  40.0 3   8.7  10.3 0
BNG        44.5 233.6  40.9   1.0 3   0.0 182.7 0
CCM        99.2 332.2  28.7   1.0 3   3.0 152.9 0  20.0 3  11.6  35.6 0
COL        78.1   8.9 342.9   1.0 3   0.0 177.4 0  20.0 1  10.8  24.0 0  20.0 3  11.7  23.8 0
COR        99.7 357.3   3.1   1.0 3   2.7 152.3 0  20.0 3  10.8  38.1 0
CRZF       82.1 180.8   0.9   1.0 3   0.0 165.8 0   5.0 3  18.8  32.3 0
CTAO      104.1 104.5 303.1   1.0 3   0.0 144.3 0
DRV       121.3 152.1 288.2   1.0 3   2.6 137.5 0
GRA1       33.1 307.9  98.6  20.0 3   4.0  22.8 0
GUMO       83.7  77.7 305.3   1.0 3   0.0 177.4 0
HIA        49.4  52.3 280.7   1.0 3   0.0 177.4 0  20.0 3   8.5  19.2 0  40.0 3   8.7   9.9 0
HRV        86.9 322.5  42.0   1.0 3   2.7 152.3 0  20.0 3  11.5  35.4 0
HYB        29.2 122.2 314.0   1.0 3   0.0 182.7 0  20.0 3   4.7  20.8 0
INU        66.1  62.6 298.0   1.0 3   0.0 165.8 0  20.0 3  14.4  27.9 0
KIP       115.8  32.1 332.4   1.0 3   0.0 154.2 0  20.0 3  13.7  40.4 0
KIV        11.3 319.0 132.4  20.0 3   0.8  22.0 0
KMI        43.8  89.8 296.4   1.0 3   0.0 177.4 0  20.0 3   7.7  18.6 0  40.0 3   7.9  10.1 0
KONO       36.6 324.3 110.8   1.0 3   0.0 177.4 0
LZH        40.8  74.1 285.3   1.0 3   0.0 177.4 0  20.0 3   7.3  18.2 0  40.0 3   7.5   9.8 0
MAJO       66.4  61.0 298.0   1.0 3   0.0 177.4 0
NNA       129.0 285.1  53.6   5.0 3  13.3  51.0 0
NOU       121.2  95.7 299.2   5.0 3  38.8  42.2 0
NWAO       91.2 130.6 312.8   1.0 3   0.0 155.9 1  20.0 1  12.6  33.1 2
OBN        22.3 334.8 142.9  20.0 3   0.8  21.9 0
PAF        86.4 168.8 346.0   1.0 3   0.0 164.7 1
PAS       109.7 352.2   7.6   1.0 3   2.7 152.5 0  20.0 3  12.3  39.4 0
SNZO      134.9 114.9 282.4   1.0 3   0.0 144.3 0
SSB        37.4 299.8  87.2   1.0 3   4.0 189.5 0
TATO       59.0  80.0 298.2   1.0 3   0.0 177.4 0
TOL        44.5 293.1  76.2   1.0 3   0.0 177.4 0  20.0 1   6.6  21.5 0  20.0 3   8.0  22.0 1
TSK        67.9  60.5 299.0   5.0 3   6.9  30.4 0
WMQ        27.7  62.5 265.2   1.0 3   0.0 210.4 0  20.0 3   5.5  20.4 0  40.0 3   5.7   6.9 0
WUS        21.2  67.4 263.9   1.0 3   0.0 199.6 0  20.0 3   3.1  19.9 0
YKW1       81.3 354.2  10.2  20.0 3  10.0  32.7 0

  1990  1 20  02 55 54.8    40.097   142.314   47.0  5.2  5.7  seed 1990/jan/9002001.sed      900120b
AFI        68.7 131.4 323.7   1.0 3   0.0 187.8 0
ANMO       82.0  50.5 313.9   1.0 3   0.0 155.1 0  20.0 3   9.7  33.6 0
ANTO       77.6 312.2  47.6   1.0 3   0.0 187.8 0  20.0 1  11.2  14.4 0
ARU        54.5 317.4  69.3  20.0 3   8.0  26.8 0
BJI        20.0 278.3  81.3   1.0 3   0.0 187.8 0  40.0 3   4.3  14.5 1
BNG       112.0 296.8  43.5   1.0 3   0.0 144.5 0
CCM        87.9  39.3 322.0   1.0 3   0.0 154.3 0  20.0 3   9.7  33.6 0
COL        46.1  33.7 272.9   1.0 3   0.0 187.8 0
COR        65.9  51.2 303.2   1.0 3   0.0 183.3 0  20.0 3   7.4  29.5 0
CRZF      118.0 231.7  60.5   1.0 3   0.0 144.5 0
CTAO       60.1 175.7 356.5   1.0 3   0.0 187.8 0
DRV       106.6 181.0   1.8   1.0 3   0.0 150.0 0
GRA1       80.6 330.4  35.8  20.0 3   9.4  31.5 0
GUMO       26.6 174.4 355.6   1.0 3   0.0 187.8 0
HIA        18.4 307.3 111.3   1.0 3   0.0 187.8 0  20.0 3   3.7  14.7 0  40.0 3   4.0   5.3 0
HRV        92.1  24.3 334.8   1.0 3   0.0 153.4 0  20.0 3   9.4  35.9 0
HYB        59.0 267.3  53.3   1.0 3   0.0 178.3 0
INU         6.3 223.1  39.9   1.0 3   0.0 195.1 0
KIP        53.5  91.6 304.7   1.0 3   0.0 178.4 0  20.0 3   6.9  24.8 0
KIV        69.3 310.6  53.8  20.0 3   8.8  30.8 0
KMI        36.2 257.9  55.8   1.0 3   0.0 187.8 0  40.0 3   6.8   8.1 0
KONO       73.1 337.1  36.0   1.0 3   0.0 187.8 0
LZH        30.3 274.9  70.6   1.0 3   0.0 187.8 0
MAJO        4.8 223.6  41.0   1.0 3   0.0 220.9 0  20.0 3   0.5   5.3 0
NNA       135.6  61.6 316.1   5.0 3  12.6  50.3 0
NWAO       76.4 201.6  19.6   1.0 3   1.1 166.4 0
OBN        65.9 322.8  53.8  20.0 3   8.5  29.8 0
PAF       109.5 221.4  50.9   1.0 3   0.0 143.4 1
PAS        75.2  57.6 308.7   1.0 3   0.0 162.0 1  20.0 3   9.2  29.9 0
SNZO       86.4 156.1 335.6   1.0 3   0.0 154.8 0
SSB        86.8 331.7  31.0   1.0 3   0.0 151.4 0
TATO       23.1 235.5  44.1   1.0 3   0.0 187.8 0
TOL        94.5 334.8  25.1   1.0 3   0.0 154.7 0
TSK         4.3 204.8  23.5   5.0 3   0.0  19.0 0
WMQ        40.1 293.9  75.8   1.0 3   0.0 187.8 0  20.0 3   7.2  18.2 0
WUS        46.9 293.0  69.4   1.0 3   0.0 178.3 0
YKW1       60.7  31.1 301.3  20.0 3   8.6  26.7 0

  1990  1 22  17 26 11.4     3.885    96.100   45.0  6.0  5.8  seed 1990/jan/9002200.sed      900122a
AFI        93.0 103.6 273.2   1.0 3   0.0 243.4 0
ANMO      135.8  26.9 326.9   1.0 3   2.4 272.3 0  20.0 3  16.4  43.4 0
ANTO       67.2 311.8 104.6   1.0 3   0.0 234.9 0  20.0 1  10.4  15.3 0
ARU        60.4 337.1 135.5  20.0 3   6.4  28.4 0
BJI        40.4  24.0 212.0   1.0 3   0.0 243.4 0  20.0 3   5.4  18.2 0  40.0 3   7.5  11.3 0
BNG        77.3 273.7  87.0   1.0 3   0.0 235.7 0   5.0 3   8.6  32.2 0
CCM       137.6   8.6 349.2   1.0 3   1.7 271.2 0  20.0 3  18.2  45.1 0
COL        97.2  22.7 295.6   1.0 3   0.0 252.7 0
COR       120.2  31.7 313.1   1.0 3   0.0 286.4 0  20.0 3  16.7  41.2 0
CRZF       63.6 212.6  51.1   1.0 3   0.0 235.7 0
CTAO       54.7 117.8 290.1   1.0 3   0.0 243.4 0  20.0 3   8.9  12.1 0
DRV        77.1 163.5 314.7   1.0 3   0.0 240.8 0
GRA1       83.7 319.4  91.2  20.0 3   8.3  33.7 0
GUMO       49.1  75.4 263.3   1.0 3   0.0 243.4 0
HIA        49.6  20.2 211.8   1.0 3   0.0 243.4 0  20.0 3   8.3  23.2 0  40.0 3   8.6  12.1 0
HRV       132.4 347.6  16.7   1.0 3   0.0 284.3 0  20.0 3  16.3  44.8 0
INU        49.1  45.1 240.0   1.0 3   0.0 235.7 0  20.0 3   7.5  22.7 0
KIP       103.3  67.0 279.7   1.0 3   0.0 269.5 0  20.0 3  11.8  37.5 0
KIV        61.6 318.8 114.3  20.0 3   8.7  27.5 0
KMI        22.1  16.2 197.9   1.0 3   0.0 210.3 0  20.0 3   4.6  19.5 0  40.0 3   4.8   8.3 0
KONO       84.9 329.4  90.9   1.0 3   0.0 243.4 0
LZH        32.9  11.6 194.4   1.0 3   0.0 243.4 0  20.0 3   6.2  16.9 0  40.0 3   6.4   9.3 0
MAJO       50.5  44.4 240.2   1.0 3   0.0 243.4 0
NNA       169.3 220.7 139.0   5.0 3  10.0  60.3 0
OBN        69.8 328.2 113.5  20.0 3   8.3  30.1 0
PAF        57.7 199.8  31.1   1.0 3   0.0 239.6 0   5.0 3   8.1  24.9 0
PAS       130.2  37.7 312.9   1.0 3   0.0 285.7 0  20.0 3  16.6  43.5 0
RER        46.8 236.1  62.6   5.0 3   5.4  22.3 0
SNZO       84.0 132.0 280.3   1.0 3   0.0 243.4 0
SSB        88.4 315.1  86.0   1.0 3   0.0 252.5 0  20.0 3  21.9  32.9 0
TATO       32.2  46.9 233.5   1.0 3   0.0 212.7 0
TOL        95.3 310.5  80.3   1.0 3   0.0 254.6 0  20.0 1  12.9  24.4 0  20.0 3  13.4  24.2 0
TSK        51.7  45.7 242.1   5.0 3   5.5  25.6 0
WMQ        40.5 350.6 167.0   1.0 3   0.0 243.4 0  20.0 3   7.3  22.2 0  40.0 3   7.4   9.6 0
WUS        40.2 340.1 153.3   1.0 3   0.0 218.8 0  20.0 3   6.0  21.2 0
YKW1      109.7  14.5 327.4  20.0 3  12.9  39.4 0

  1990  1 24  19 33 31.1    14.603   119.437   23.0  5.6  5.8  seed 1990/jan/9002400.sed      900124a
AFI        73.8 109.4 289.9   1.0 3  29.4 161.7 0
ANMO      114.2  40.2 310.5   1.0 3   0.0 149.7 0  20.0 3  11.8  38.8 0
ANTO       78.2 308.4  80.6   1.0 3   0.0 186.1 0  20.0 1  11.5  14.8 0
ARU        61.9 326.7 106.5  20.0 3   6.8  28.8 0
BJI        25.5 354.2 172.6   1.0 3   0.0 182.2 0  20.0 3   5.0  16.0 0  40.0 3   5.3   8.3 0
CAN        57.1 151.2 325.2   1.0 3   0.0 175.8 0  20.0 3   8.6  25.5 0
CCM       120.1  27.7 325.3   1.0 3   3.0 154.9 0  20.0 3  14.8  42.7 0
COL        78.0  25.8 278.9   1.0 3   0.0 182.2 0  20.0 1  10.8  26.5 0  20.0 3  11.6  26.2 0
COR        98.1  39.8 299.8   1.0 3   0.0 171.3 0  20.0 3  11.6  36.8 0
CRZF       85.8 219.9  64.0   1.0 3   0.0 158.9 0
CTAO       43.5 141.9 320.5   1.0 3   0.0 182.2 0  20.0 3   7.4  10.6 0
DRV        82.6 171.9 339.9   1.0 3   1.4 153.1 0   5.0 3  30.6  33.9 0
GRA1       90.3 322.0  66.7  20.0 3  10.0  36.3 0
GUMO       24.7  89.2 275.4   1.0 3   0.0 215.3 0
HIA        34.6   0.4 180.5   1.0 3   0.0 182.2 0
HRV       122.1   9.6 347.5   1.0 3   0.0 143.6 0  20.0 3  16.6  42.2 0
HYB        39.3 279.8  88.0   1.0 3   0.0 175.8 0  20.0 3   6.1  21.2 0
INU        26.0  34.3 221.9   1.0 3   0.0 192.7 0  20.0 3   4.5  20.5 0
KIP        78.0  70.8 281.2   1.0 3   1.7 180.0 0  20.0 3   9.9  31.9 0
KIV        70.5 311.8  88.2  20.0 3   8.8  31.2 0
KMI        18.9 306.3 120.6   1.0 3   0.0 215.3 0  20.0 3   4.1  19.9 0  40.0 3   4.3   6.4 0
KONO       87.1 331.5  65.6   1.0 3   0.0 182.2 0
LZH        25.6 329.7 142.9   1.0 3   0.0 182.2 0  20.0 3   5.1  16.1 0  40.0 3   5.3   8.6 0
MAJO       27.6  34.1 222.4   1.0 3   0.0 182.2 0
NNA       163.9  82.0 280.6   5.0 3   8.4  58.7 0
NWAO       47.4 182.5   2.9   1.0 3   0.0 195.9 0  20.0 1   8.4  11.6 0
PAF        77.2 210.6  48.9   5.0 3  12.5  32.7 0
PAS       106.8  46.9 301.5   1.0 3   3.5 153.5 0  20.0 3  11.8  38.5 0
SNZO       75.6 140.2 304.6   1.0 3   0.0 182.2 0
SSB        96.3 319.9  61.9   1.0 3   0.0 158.9 0  20.0 3  12.4  35.1 0
TATO       10.5  10.3 191.0   1.0 3   0.0 215.3 0
TOL       104.4 318.6  56.3   1.0 3   0.0 161.4 0
TSK        28.4  36.9 226.0   5.0 3   2.5  22.6 0
WMQ        39.8 323.5 127.2   1.0 3   0.0 182.2 0  20.0 3   7.3  18.0 0
WUS        43.8 315.2 115.3   1.0 3   0.0 175.8 0  20.0 3   6.7  21.9 0
YKW1       92.4  22.0 308.6  20.0 3  10.1  35.3 0

  1990  2  2  14 49 09.4   -18.407   176.924   10.0  5.6  5.7  seed 1990/feb/9003300.sed      900202a
CAN        29.9 230.1  63.1   1.0 3   0.0 190.3 0  20.0 3   4.7  20.7 0
CRZF       98.6 214.9 128.4   1.0 3 102.8 153.4 0
DRV        53.8 197.2  45.0   5.0 3   7.1  27.3 0
GRA1      146.7 342.9  25.0  20.0 3  18.5  48.1 0
HYB       103.1 284.1 105.3   1.0 3   0.0 156.6 0  20.0 3  22.6  36.9 0
INU        65.6 324.8 137.9   1.0 3   0.0 173.4 0  20.0 3   9.1  27.7 0
NOU        10.6 248.0  71.7   5.0 3   0.0  19.3 0
PAF        86.5 218.8 114.5   1.0 3   0.0 156.6 0   5.0 3  16.9  33.7 0
SCZ        79.9  46.1 238.2   5.0 3  10.9  31.1 0
SSB       152.4 348.2  15.6   1.0 3   4.8 122.8 0
WUS       107.6 308.2  99.0   1.0 3   0.0 156.6 0  20.0 3  30.9  37.7 0

  1990  2  2  18 53 40.3    -5.294   151.099   43.0  5.7  5.5  seed 1990/feb/9003301.sed      900202b
ANMO      103.2  55.5 273.0   1.0 3   0.0 164.6 0  20.0 3  11.6  38.6 0
ANTO      114.9 311.6  75.0   1.0 3   3.6 168.9 0  20.0 1  18.9  22.2 0
AQU       127.4 321.0  57.2   1.0 3   3.8 153.5 0  20.0 3  14.2  41.8 0
ARU        95.8 326.1  90.6  20.0 3   9.6  34.9 0
BJI        55.5 327.7 136.1   1.0 3   0.0 189.0 0  20.0 3   9.1  20.1 0  40.0 3   9.4  11.1 0
CAN        30.0 183.4   4.2   1.0 3   0.0 181.9 0  20.0 3   4.5  20.5 0
CCM       114.9  50.5 283.8   1.0 3   0.0 147.2 0  20.0 3  12.3  39.2 0
COL        83.0  22.1 241.6   1.0 3   0.0 155.9 0  20.0 1  11.8  24.2 0  20.0 3  12.7  23.7 0
COR        90.6  45.5 263.4   1.0 3   0.0 153.3 0  20.0 3  11.4  34.9 0
CRZF       92.5 223.1 100.5   1.0 3   0.0 161.9 0
CTAO       15.5 197.3  18.4   1.0 3   0.0 192.0 0  20.0 3   3.1   6.3 0
ESK       126.0 342.1  32.1   5.0 3   9.8  46.8 0
GRA1      124.3 329.5  50.7  20.0 3  12.9  43.0 0
GUMO       19.8 341.8 161.3   1.0 3   0.0 189.0 0
HIA        60.9 337.0 143.5   1.0 3   0.0 189.0 0  20.0 3   9.7  20.6 0  40.0 3   9.9  11.8 0
HRV       127.1  39.0 302.5   1.0 3   3.9 153.5 0  20.0 3  14.7  42.8 0
HYB        75.1 289.5 100.4   1.0 3   0.0 165.1 0
INU        42.6 342.9 159.0   1.0 3   0.0 181.9 0  20.0 3   6.2  21.4 0
KMI        55.9 305.1 115.9   1.0 3   0.0 189.0 0  20.0 3   9.4  20.1 0  40.0 3   9.5  11.6 0
KONO      118.3 338.9  44.6   1.0 3   0.0 155.9 0
LZH        60.5 316.8 122.7   1.0 3   0.0 189.0 0  20.0 3   9.8  20.5 0  40.0 3  10.0  11.6 0
MAJO       43.4 344.8 161.1   1.0 3   0.0 189.0 0  20.0 3   7.4  10.6 0
NNA       129.3 110.2 252.8   5.0 3   8.7  46.4 0
NOU        22.3 140.1 316.4   5.0 3   3.4  20.3 0
NWAO       41.9 224.6  56.3   1.0 3   0.0 189.0 0  20.0 1   7.2  10.5 0
OBN       108.2 326.6  72.3  20.0 3  13.4  39.5 0
PAF        80.1 220.9  86.7   1.0 3   0.0 165.0 0
PAS        93.6  56.2 266.2   1.0 3   0.0 175.8 0  20.0 3  11.5  34.6 0
SNZO       41.7 153.0 323.1   1.0 3   0.0 189.0 0
SSB       130.6 329.1  46.0   1.0 3   0.0 131.3 0  20.0 3  39.1  42.5 0
TATO       41.7 317.6 132.2   1.0 3   0.0 200.9 0  20.0 1   7.6  10.9 0
TOL       138.9 330.5  39.2   1.0 3   0.0 155.9 0
WMQ        75.0 317.9 112.6   1.0 3   0.0 189.0 0  20.0 3  11.7  22.2 0
WUS        80.0 313.2 105.9   1.0 3   0.0 165.1 0

  1990  2  4  07 58 14.0   -10.233   110.290   45.0  5.7  5.4  seed 1990/feb/9003500.sed      900204a
ANMO      138.4  48.0 297.8   1.0 3   1.7 151.6 0  20.0 3  15.3  45.3 0
ANTO       87.1 311.2 105.6   1.0 3   0.0 183.1 0  20.0 1  12.2  15.5 0
ARU        79.0 333.6 127.9  20.0 3   8.4  33.2 0
BJI        50.4   5.9 187.5   1.0 3   0.0 183.1 0  40.0 3   8.7  11.4 0
CAN        43.2 131.6 295.7   1.0 3   0.0 179.6 0
CCM       146.2  31.5 319.9   1.0 3   1.6 121.6 0  20.0 3  15.7  45.6 0
COL       104.3  25.5 276.6   1.0 3   0.0 150.0 0
COR       122.7  43.2 290.0   1.0 3   0.7 150.3 0  20.0 3  13.6  42.2 0
CRZF       61.1 222.3  73.5   1.0 3   0.0 179.5 0
CTAO       36.0 110.1 280.4   1.0 3   0.0 183.1 0  20.0 3   6.3  11.1 0
DRV        59.9 166.8 325.6   1.0 3   0.0 166.0 0   5.0 3   7.0  27.2 0
ESK       111.7 325.6  76.0   5.0 3  10.2  44.9 0
GUMO       41.7  56.1 237.2   1.0 3   0.0 183.1 0
HIA        60.0   7.2 190.8   1.0 3   0.0 183.1 0  20.0 3   9.7  20.4 0  40.0 3   9.8  11.1 0
HRV       147.7   2.6 356.6   1.0 3   0.7 120.4 0  20.0 3  16.7  48.5 0
HYB        41.8 311.0 128.9   1.0 3   0.0 179.6 0  20.0 3   6.5  21.7 0
INU        52.0  27.9 214.3   1.0 3   0.0 179.5 0  20.0 3   7.7  23.8 0
KMI        36.0 348.3 167.2   1.0 3   0.0 183.1 0  20.0 3   6.6  17.6 0  40.0 3   6.9   9.0 0
KONO      104.2 329.0  85.8   1.0 3   0.0 150.0 0
LZH        46.6 352.8 171.2   1.0 3   0.0 183.1 0  20.0 3   8.2  18.9 0  40.0 3   8.3  10.4 0
MAJO       53.5  28.0 215.1   1.0 3   0.0 198.7 0  20.0 3   8.6  11.8 0
NNA       156.7 162.1 198.0   5.0 3  10.3  48.1 0
NOU        54.8 109.8 272.9   5.0 3   7.5  24.4 0
NWAO       23.5 165.2 342.6   1.0 3   0.0 216.2 0  20.0 1   4.4  12.6 0
OBN        89.3 326.5 108.9  20.0 3  11.5  35.8 0
PAF        51.3 212.7  54.4   1.0 3   0.0 179.5 0   5.0 3   5.9  26.2 0
PAS       129.8  54.0 286.9   1.0 3   0.8 150.4 0  20.0 3  13.9  44.1 0
SNZO       64.1 131.0 279.3   1.0 3   0.0 183.1 0
SSB       108.3 314.2  85.8   1.0 3   0.0 145.8 0  20.0 3  28.5  37.8 0
TATO       36.8  17.2 198.7   1.0 3   0.0 209.0 0  20.0 1   6.6  19.6 1
TOL       115.2 309.2  81.9   1.0 3   0.0 150.0 0
TSK        54.2  29.8 217.2   5.0 3   5.6  25.8 0
WMQ        57.7 340.8 153.3   1.0 3   0.0 183.1 0  20.0 3   8.4  17.7 0  40.0 3   9.7  11.3 0
WUS        58.7 332.8 143.4   1.0 3   0.0 179.6 0  20.0 3   8.8  25.7 0

  1990  2  5  05 16 46.1    37.047    71.250  109.0  6.1  0.0  seed 1990/feb/9003600.sed      900205a
ANMO      108.2 358.0   1.9   1.0 3   0.0 252.8 0  20.0 3  12.5  39.4 0
ANTO       30.1 287.4  82.9   1.0 3   0.0 212.3 0  20.0 1   5.3  19.1 1
ARU        21.2 340.3 150.9  20.0 3   2.5  21.8 0
BJI        34.9  71.0 279.9   1.0 3   0.0 245.4 0  20.0 3   6.3  17.2 0  40.0 3   6.5  10.8 0
CAN       102.0 125.1 306.8   1.0 3   0.0 256.7 0
CCM       103.4 345.9  14.3   1.0 3   0.0 252.5 0  20.0 3  12.5  36.4 0
COL        73.7  16.2 328.4   1.0 3   0.0 245.4 0  20.0 1  10.1  29.9 0  20.0 3  11.2  29.3 0
COR        97.5  10.4 348.3   1.0 3   0.0 252.0 0  20.0 3  12.1  36.7 0
CRZF       85.1 193.4  15.5   1.0 3   0.0 239.8 0
CTAO       90.7 114.6 309.3   1.0 3   0.0 245.4 0  20.0 3  11.4  31.8 2
DRV       115.9 155.5 303.9   1.0 3   0.0 263.9 0   5.0 3  11.6  41.9 0
ESK        52.0 315.8  77.7   5.0 3   3.6  26.0 0  20.0 3   8.2   9.8 0
GRA1       44.2 306.4  82.9  20.0 3   6.8  22.6 0
GUMO       68.9  88.5 304.7   1.0 3   0.0 245.4 0
HIA        36.8  54.9 269.3   1.0 3   0.0 245.4 0  20.0 3   6.6  21.4 0  40.0 3   6.8  10.9 0
HRV        93.7 333.5  28.9   1.0 3   0.0 252.0 0  20.0 3  10.2  35.4 0
HYB        20.6 159.8 343.2   1.0 3   0.0 206.1 0  20.0 3   2.8  19.7 0
INU        52.1  70.7 292.5   1.0 3   0.0 222.9 0  20.0 3   7.8  23.8 0
KMI        29.3 104.8 301.5   1.0 3   0.0 212.3 0  20.0 3   5.4  20.3 0  40.0 3   5.7   9.9 0
KONO       44.7 320.7  91.8   1.0 3   0.0 245.4 0
LZH        26.1  82.2 281.9   1.0 3   0.0 212.3 0  20.0 3   5.0  19.9 0  40.0 3   5.3   9.7 0
MAJO       52.5  68.9 292.1   1.0 3   0.0 245.4 0  20.0 3   8.5  11.7 0
NNA       142.0 303.2  43.6   5.0 3   9.9  47.6 0  20.0 3  18.2  19.4 0
NOU       106.9 104.9 303.5   5.0 3  10.4  37.4 0
NWAO       81.9 142.2 324.4   1.0 3   0.0 263.4 0  20.0 1  11.8  16.7 0
OBN        29.6 318.7 113.0  20.0 3   3.0  21.5 0
PAF        86.2 180.7   0.8   1.0 3   0.0 239.8 0   5.0 3   9.7  33.4 0
PAS       108.4   8.2 352.1   1.0 3   0.0 261.0 0  20.0 3  12.9  39.3 0
RER        59.9 196.8  14.4   5.0 3   6.8  27.1 0
SCZ       105.6  10.5 349.6   5.0 3   9.9  36.9 0
SNZO      122.4 119.6 292.6   1.0 3   0.0 278.4 0
SSB        49.5 301.7  74.7   1.0 3   0.0 223.0 0  20.0 3   6.8  22.9 0
TOL        57.3 298.0  66.7   1.0 3   0.0 254.7 2  20.0 1   8.1  24.6 0  20.0 3   9.2  24.4 0
TSK        54.0  68.5 293.0   5.0 3   5.8  25.9 0
WMQ        14.2  56.5 247.2   1.0 3   0.0 212.3 0  20.0 3   3.0  19.5 0  40.0 3   3.1   7.9 0
WUS         7.4  53.8 238.8   1.0 3   0.0 206.1 0  20.0 3   0.3  18.9 0

  1990  2  8  07 15 32.2     9.755   124.694   25.0  6.2  6.6  seed 1990/feb/9003900.sed      900208a
ANMO      114.3  44.5 302.8   1.0 3   0.0 345.1 0  20.0 3  13.5  40.4 0
ANTO       85.2 309.5  81.1   1.0 3   0.0 358.1 0  20.0 1  12.3  21.9 1
AQU        98.7 315.7  68.1   1.0 3   0.0 342.0 0  20.0 3  11.5  36.2 0
ARU        68.8 327.0 104.7  20.0 3   7.2  30.4 0
BJI        31.2 347.3 163.6   1.0 3   0.0 391.1 0  20.0 3   6.0  16.7 0  40.0 3   6.1  13.7 1
BNG       105.1 277.4  78.7   1.0 3   3.0 340.3 0   5.0 3  12.7  39.7 0
CAN        50.5 154.1 328.2   1.0 3   0.0 357.2 0  20.0 3   7.6  23.6 0
CAY       165.0 348.4  11.5   5.0 3  18.3  52.0 0
CCM       121.7  33.0 317.3   1.0 3   0.0 344.0 0  20.0 3  16.3  43.2 0
COL        80.2  25.6 272.1   1.0 3   0.0 358.0 0  20.0 1  10.6  32.1 0  20.0 3  11.7  31.5 0
COR        98.3  42.0 292.7   1.0 3   0.0 353.2 1  20.0 3  12.0  35.8 0
CRZF       85.5 221.6  71.0   1.0 3   0.0 353.3 1
CTAO       36.5 144.5 322.4   1.0 3   0.0 391.1 0  20.0 3   6.3  11.1 0
DRV        77.1 173.8 344.5   1.0 3   0.0 342.3 0   5.0 3  10.7  30.9 0
ESK       101.9 332.6  52.5   5.0 3   9.6  40.8 0
GRA1       97.2 323.1  65.5  20.0 3  10.7  35.6 0
GUMO       20.1  77.1 261.3   1.0 3   0.0 391.1 0
HIA        39.7 354.9 172.3   1.0 3   0.0 391.1 0  20.0 3   7.1  22.0 0  40.0 3   7.4   9.5 0
HRV       125.8  14.8 340.2   1.0 3   0.0 341.5 0  20.0 3  17.3  43.2 0
HYB        45.4 284.8  93.4   1.0 3   0.0 374.1 0  20.0 3   7.2  22.4 0
INU        27.9  21.9 206.8   1.0 3   0.0 374.0 0  20.0 3   4.1  20.2 0
KMI        25.9 309.0 122.3   1.0 3   0.0 391.1 0  20.0 3   5.1  20.0 0  40.0 3   5.4   8.0 0
KONO       93.8 332.6  63.3   1.0 3   0.0 358.0 0
MAJO       29.4  22.6 208.1   1.0 3   0.0 391.1 0  20.0 3   5.6  10.6 0
NNA       158.7  97.6 265.7   5.0 3  17.1  54.6 0  20.0 3  19.1  21.1 0
NOU        51.7 128.2 303.4   5.0 3   6.3  26.6 0
NWAO       43.2 189.2  10.8   1.0 3   0.0 391.1 0  20.0 1   7.3  13.8 0
OBN        81.0 324.5  85.8  20.0 3  11.0  32.8 0
PAF        75.8 213.3  56.0   1.0 3   0.0 357.2 0   5.0 3   7.4  31.0 0
PAS       106.1  50.2 294.2   1.0 3   0.0 341.7 0  20.0 3  12.3  38.3 0
PFO       107.7  50.0 295.2   5.0 3   3.8  41.2 0  20.0 3  18.1  19.3 0
RER        74.4 244.8  72.9   5.0 3   8.7  32.3 0
SCZ       102.7  48.9 292.7   5.0 3  12.9  36.5 0
SNZO       68.6 141.6 305.6   1.0 3   0.0 358.1 0
SSB       103.2 321.2  60.9   1.0 3   3.0 340.3 0  20.0 3  12.6  37.1 0
TATO       15.5 349.0 168.0   1.0 3   0.0 391.1 0  20.0 1   3.0   7.9 0
TOL       111.5 319.9  55.5   1.0 3   0.0 325.0 0
TSK        29.9  25.6 211.8   5.0 2   4.6  21.4 0
WFM       125.7  14.7 340.3   5.0 3  15.5  42.5 0
WMQ        46.7 323.2 125.3   1.0 3   0.0 358.1 0  20.0 3   8.1  23.0 0  40.0 3   8.4   9.6 0
WUS        50.8 316.1 114.8   1.0 3   0.0 357.2 0  20.0 3   7.5  23.6 0

  1990  2  8  07 46 59.7     9.725   124.625   30.0  6.0  6.5  seed 1990/feb/9003901.sed      900208b
ANMO      114.3  44.5 302.9   1.0 3   0.0 343.8 0  20.0 3  11.9  38.9 0
ANTO       85.2 309.5  81.2   1.0 3   0.0 359.7 0  20.0 1  12.3  17.2 0
AQU        98.7 315.7  68.2   1.0 3   0.0 340.5 0  20.0 3  12.2  35.4 0
ARU        68.8 327.0 104.8  20.0 3   9.5  29.0 0
BJI        31.2 347.4 163.7   1.0 3   0.0 392.7 0  20.0 3   6.1  16.8 0  40.0 3   6.1   8.8 0
BNG       105.0 277.3  78.7   1.0 3   0.0 342.6 0   5.0 3  11.6  38.6 0
CAN        50.5 154.0 328.1   1.0 3   0.0 359.5 0  20.0 3   7.4   8.3 0
CAY       165.1 348.2  11.8   5.0 3  17.2  50.9 0
CCM       121.7  32.9 317.4   1.0 3   0.0 342.6 0  20.0 3  17.8  42.5 0
COL        80.2  25.6 272.1   1.0 3   0.0 359.7 0  20.0 1  11.3  27.0 0  20.0 3  11.9  27.0 0
COR        98.4  42.0 292.7   1.0 3   0.0 351.7 1  20.0 3  11.6  36.2 0
CRZF       85.4 221.6  71.0   1.0 3   0.0 338.7 1
CTAO       36.6 144.3 322.3   1.0 3   0.0 392.7 0  20.0 3   6.4   9.6 0
DRV        77.1 173.8 344.4   1.0 3   0.0 344.6 0   5.0 3   9.6  33.2 0
ESK       101.9 332.5  52.6   5.0 3   9.3  39.6 0  20.0 3  13.2  14.4 0
GRA1       97.2 323.1  65.6  20.0 3  10.4  35.1 0
GUMO       20.2  77.1 261.2   1.0 3   0.0 392.7 0
HIA        39.7 355.0 172.4   1.0 3   0.0 392.7 0  20.0 3   4.9  17.9 0  40.0 3   7.4   9.6 0
HRV       125.8  14.7 340.3   1.0 3   0.0 340.0 0  20.0 3  17.8  41.7 0
HYB        45.3 284.9  93.4   1.0 3   0.0 359.5 0  20.0 3   6.9  22.1 0
INU        28.0  22.0 206.9   1.0 3   0.0 376.3 0  20.0 3   4.7   6.5 0
KMI        25.8 309.2 122.5   1.0 3   0.0 392.7 0  20.0 3   5.2  15.9 0  40.0 3   5.4   7.8 0
KONO       93.8 332.6  63.4   1.0 3   0.0 359.7 0
LZH        32.4 327.5 139.1   1.0 3   0.0 392.7 0  20.0 3   6.2  20.8 1  40.0 3   6.4   9.6 0
MAJO       29.5  22.7 208.2   1.0 3   0.0 392.7 0  20.0 3   5.6   8.8 0
NNA       158.8  97.7 265.6   5.0 3  10.4  58.3 0  20.0 3  19.2  20.4 0
NOU        51.7 128.2 303.3   5.0 3   5.2  25.5 0
NWAO       43.1 189.1  10.7   1.0 3   0.0 359.7 0  20.0 1   7.4  12.3 0
OBN        81.0 324.5  85.8  20.0 3  10.0  33.4 0
PAF        75.7 213.3  56.0   1.0 3   0.0 342.6 0   5.0 3   9.6  29.9 0
PAS       106.2  50.1 294.3   1.0 3   0.0 340.2 0  20.0 3  11.8  39.1 0
PFO       107.7  50.0 295.2   5.0 3   9.7  46.7 0
RER        74.3 244.8  72.9   5.0 3   7.6  31.2 0
SCZ       102.8  48.9 292.7   5.0 3  11.8  38.8 0
SNZO       68.6 141.6 305.6   1.0 3   0.0 359.7 0
SSB       103.2 321.2  61.0   1.0 3   0.0 342.6 0  20.0 3  12.4  36.7 1
TATO       15.5 349.3 168.3   1.0 3   0.0 392.7 0  20.0 1   3.0   7.9 0
TOL       111.4 319.8  55.6   1.0 3   0.0 326.6 0
TSK        29.9  25.7 211.9   5.0 3   3.4  20.2 0
WFM       125.7  14.6 340.4   5.0 3  17.8  41.4 0
WMQ        46.7 323.3 125.4   1.0 3   0.0 359.7 0  20.0 3   8.2  18.9 0  40.0 3   8.4   9.7 0
WUS        50.8 316.1 114.9   1.0 3   0.0 359.5 0  20.0 3   7.3  23.3 0

  1990  2 10  03 27 41.2   -42.343   172.798    9.0  6.0  6.0  seed 1990/feb/9004100.sed      900210a
ANMO      106.7  58.0 229.9   1.0 3   3.0 273.8 0  20.0 3  10.8  37.8 0
ANTO      150.0 278.2 107.2   1.0 3   0.0 288.3 0  20.0 1  19.5  22.8 0
AQU       164.8 275.5  95.5   1.0 3   1.1 301.2 0  20.0 3  18.0  49.8 0
ARU       136.7 312.1  99.6  20.0 3  17.6  46.3 0
BJI        96.9 319.7 141.3   1.0 3   0.0 255.2 0
BNG       135.8 218.1 152.4   1.0 3   0.0 281.4 0   5.0 3  40.3  43.7 0
CAN        19.8 282.8 117.9   1.0 3   0.0 214.0 0  20.0 3   3.5  19.5 0
CAY       125.3 120.4 220.1   5.0 3  29.1  42.6 0
CCM       118.3  63.3 237.1   1.0 3   4.4 275.5 0  20.0 3  13.8  40.8 0
COL       111.4  17.0 210.4   1.0 3   0.0 255.2 0
COR       103.8  41.5 223.4   1.0 3   1.8 271.2 0  20.0 3  12.4  38.2 0
CRZF       77.1 217.4 139.4   1.0 3   0.0 247.7 0
CTAO       31.5 306.5 140.7   1.0 3   0.0 222.2 0  20.0 3   5.9   9.1 0
DRV        30.2 205.3  52.9   1.0 3   0.0 214.0 0   5.0 3   3.2  23.4 0
ESK       166.8 349.7  12.7   5.0 3  16.8  56.9 0
GRA1      165.3 305.0  65.7  20.0 3  18.5  50.0 0
GUMO       61.4 328.7 156.7   1.0 3   0.0 255.2 0
HIA       102.6 327.5 142.5   1.0 3   0.0 255.2 0
HRV       133.6  67.3 247.7   1.0 3   1.8 271.3 0  20.0 3  17.2  44.2 0
HYB       104.7 280.1 130.1   1.0 3   0.0 264.6 0  20.0 3  20.1  36.9 0
INU        84.1 331.2 154.1   1.0 3   0.0 247.7 0  20.0 3  11.9  32.1 0
KMI        93.2 301.2 135.6   1.0 3   0.0 255.2 0  20.0 3  26.9  35.1 0  40.0 3  24.7  28.4 1
KONO      159.8 334.4  37.8   1.0 3   0.0 288.3 0
LZH       100.4 309.6 135.2   1.0 3   0.0 255.2 0
MAJO       84.8 332.6 154.9   1.0 3   0.0 255.2 0  20.0 3  12.0  15.2 0
NNA        96.5 112.8 224.3   5.0 3   1.4  38.5 0
NOU        20.9 342.9 166.4   5.0 3   3.7  20.5 0
NWAO       44.3 263.2 119.0   1.0 3   0.0 222.2 0  20.0 1   7.5  10.8 0
OBN       149.0 309.0  83.5  20.0 3  17.0  48.7 0
PAF        66.2 224.1 127.9   1.0 3   0.0 230.8 0   5.0 3   8.5  28.7 0
PAS        99.0  51.8 224.6   1.0 3   0.0 275.8 0  20.0 3  10.7  36.5 0
PFO        99.7  53.2 225.4   5.0 3   5.9  43.7 0
SNZO        1.8  54.7 233.5   1.0 3   0.0 200.3 1
SSB       171.0 290.8  72.7   1.0 3   0.0 298.3 0
TATO       82.1 314.2 144.2   1.0 3   0.0 255.2 0  20.0 1  29.8  31.5 0
TOL       176.6 220.9 132.2   1.0 3   0.0 301.4 1
TSK        83.9 333.9 156.2   5.0 3  10.7  34.2 0
WMQ       114.8 307.2 125.4   1.0 3   0.0 271.8 0
WUS       118.5 300.9 122.5   1.0 3   0.0 264.6 0  20.0 3  34.4  40.3 0

  1990  2 10  03 34 31.9   -18.756   -71.456   34.0  4.8  5.9  seed 1990/feb/9004101.sed      900210b
ANMO       63.0 328.0 142.3   1.0 3   0.0 176.6 0  20.0 3   7.0  27.9 0
ANTO      112.6  54.0 264.3   1.0 3   0.0 149.2 0  20.0 1  12.6  15.9 0
AQU        98.8  48.4 252.9   1.0 3   0.0 173.5 0  20.0 3  11.1  36.4 0
ARU       127.2  32.4 294.7  20.0 3  17.0  42.6 0
BJI       157.8 344.2  19.1   1.0 3   0.0 116.1 0
BNG        91.4  85.9 251.4   1.0 3   0.0 156.5 0
CAN       113.8 215.4 137.9   1.0 3   0.0 139.7 0  20.0 3  13.5  28.8 0
CCM        59.6 341.9 158.1   1.0 3   0.0 178.3 0  20.0 3   7.0  27.9 0
COL       101.2 334.9 110.0   1.0 3   0.0 149.2 0
COR        78.9 325.0 130.4   1.0 3   0.0 174.6 0  20.0 3   9.4  32.1 0
CRZF       97.3 144.4 232.8   1.0 3   0.0 156.5 0
CTAO      126.5 225.5 134.0   1.0 3   0.0 149.2 0
DRV        91.5 192.0 150.4   1.0 3   0.0 156.5 0   5.0 3   9.8  36.8 0
ESK        93.6  32.2 242.0   5.0 3  10.0  42.8 0
GRA1       99.5  40.9 252.5  20.0 3  11.7  36.8 0
GUMO      144.8 266.7 103.0   1.0 3   0.0 149.2 0
HIA       148.2 345.9  20.2   1.0 3   0.0 149.2 0
HRV        61.1 359.9 179.9   1.0 3   0.0 174.6 0  20.0 3   7.4  28.3 0
HYB       151.5  88.3 263.1   1.0 3   4.7 122.8 0  20.0 3  18.3  47.0 0
INU       149.9 308.7  63.6   1.0 3   4.7 122.8 0  20.0 3  18.5  46.3 0
KMI       171.7  40.4 319.8   1.0 3   0.0 116.1 0  20.0 3  20.0  31.0 0  40.0 3  18.7  21.6 1
KONO      101.6  30.9 253.0   1.0 3   0.0 149.2 0
LZH       162.2  12.7 345.5   1.0 3   0.0 116.1 0
MAJO      148.5 310.0  63.2   1.0 3   0.0 149.2 0
NNA         8.5 321.6 143.0   5.0 3   0.0  31.1 0  20.0 3   1.3   2.5 0
NOU       110.4 236.7 121.4   5.0 3  10.3  40.7 0
NWAO      127.8 189.2 169.6   1.0 3   0.0 149.2 0
OBN       115.5  37.4 273.9  20.0 3  13.3  41.9 0
PAF       104.0 155.3 217.2   1.0 3   0.0 156.5 0   5.0 3  11.7  38.7 0
PAS        69.0 319.6 132.2   1.0 3   0.0 184.6 0  20.0 3   8.9  29.6 0
PFO        67.6 320.2 133.4   5.0 3   0.0  36.9 0
SNZO       94.4 223.6 119.8   1.0 3   0.0 160.4 0
SSB        93.8  43.4 247.3   1.0 3   0.0 156.5 0
TATO      166.5 298.7  64.2   1.0 3   0.0 116.1 0  20.0 1  23.0  26.3 0
TOL        85.7  45.5 241.5   1.0 3   0.0 182.3 0
TSK       147.2 308.2  65.9   5.0 3  17.3  47.5 0
WMQ       149.5  30.7 318.9   1.0 3   0.5 132.7 0
WUS       146.4  42.2 303.5   1.0 3   4.7 122.8 0  20.0 3  27.6  46.1 0

  1990  2 10  03 54 47.7   -42.347   172.595   10.0  5.0  5.7  seed 1990/feb/9004102.sed      900210c
ANMO      106.8  58.1 230.0   1.0 3   0.0 156.3 0  20.0 3  10.7  37.6 0
ANTO      149.9 278.3 107.3   1.0 3   0.0 128.9 0  20.0 1  19.2  25.7 0
AQU       164.6 275.6  95.6   1.0 3   3.7 124.4 0  20.0 3  17.7  49.4 0
ARU       136.6 312.1  99.8  20.0 3  12.5  44.3 0
BJI        96.8 319.8 141.4   1.0 3   0.0 162.0 0
BNG       135.7 218.4 152.3   1.0 3   1.3 136.3 0   5.0 3  13.2  43.6 0
CAN        19.6 283.1 118.0   1.0 3   0.0 186.9 0  20.0 3   3.3   8.5 0
CAY       125.5 120.6 220.0   5.0 3  12.1  42.5 0
CCM       118.4  63.4 237.1   1.0 3   0.0 158.1 0  20.0 3  13.7  40.6 0
COL       111.5  17.1 210.6   1.0 3   0.0 162.0 0
COR       103.9  41.6 223.5   1.0 3   0.0 154.3 0  20.0 3  11.8  38.2 0
CRZF       77.0 217.5 139.3   1.0 3   1.3 170.0 0
CTAO       31.4 306.8 140.9   1.0 3   0.0 195.1 0
DRV        30.1 205.2  52.6   1.0 3   0.0 186.9 0   5.0 3   3.1  23.3 0
ESK       166.7 349.2  13.3   5.0 3  17.5  55.1 0
GRA1      165.2 304.8  66.1  20.0 3  16.6  51.2 0
GUMO       61.3 328.9 156.8   1.0 3   0.0 195.1 0
HIA       102.5 327.6 142.6   1.0 3   0.0 162.0 0
HRV       133.8  67.4 247.7   1.0 3   4.7 154.4 0  20.0 3  14.1  44.0 0
HYB       104.5 280.2 130.1   1.0 3   1.3 153.1 0  20.0 3  12.4  36.8 0
INU        84.1 331.3 154.2   1.0 3   1.3 153.1 0  20.0 3  10.9  32.0 0
KMI        93.1 301.4 135.7   1.0 3   0.0 162.0 0
KONO      159.8 334.1  38.2   1.0 3   0.0 128.9 0
LZH       100.3 309.7 135.3   1.0 3   0.0 162.0 0
NNA        96.6 112.9 224.3   5.0 3  11.4  36.3 0  20.0 3  12.6  13.8 0
NOU        20.9 343.4 166.8   5.0 3   3.5  20.4 0
NWAO       44.1 263.3 118.9   1.0 3   0.0 195.1 0
OBN       148.9 309.0  83.7  20.0 3  18.2  46.7 0
PAF        66.1 224.2 127.8   1.0 3   0.0 170.0 0   5.0 3   8.3  28.6 0
PAS        99.2  51.9 224.7   1.0 3   0.0 164.3 0  20.0 3  10.7  37.8 0
PFO        99.8  53.3 225.5   5.0 3   4.0  41.7 0
SNZO        1.9  57.4 236.0   1.0 3   0.0 206.3 0
SSB       170.9 290.5  73.2   1.0 3   1.3 119.4 0
TATO       82.0 314.4 144.3   1.0 3   0.0 162.0 0
TOL       176.5 222.7 130.6   1.0 3   0.0 128.9 0
TSK        83.8 334.0 156.3   5.0 3  10.5  34.0 0
WMQ       114.7 307.3 125.5   1.0 3   0.0 145.5 0
WUS       118.4 300.9 122.6   1.0 3   1.3 136.3 0  20.0 3  14.0  40.2 0

  1990  2 15  22 08 01.5    -5.225   151.355   15.0  5.7  4.9  seed 1990/feb/9004600.sed      900215a
ANMO      103.0  55.5 272.9   1.0 3   0.0 172.2 1  20.0 3  11.4  38.3 0
ANTO      115.1 311.7  74.7   1.0 3   0.0 145.0 1  20.0 1  19.1  22.4 0
AQU       127.5 321.2  56.9   1.0 3   0.0 141.9 1  20.0 3  14.6  42.6 0
ARU        95.9 326.1  90.4  20.0 3  10.5  36.3 0
BJI        55.5 327.5 135.8   1.0 3   0.0 178.1 1  20.0 3   9.2  20.2 0  40.0 3   9.5  11.2 0
BNG       133.0 271.1  92.9   1.0 3   0.0 128.8 1
CAN        30.1 183.9   4.7   1.0 3   0.0 196.3 1  20.0 3   4.7  20.7 0
CCM       114.7  50.5 283.6   1.0 3   0.0 142.1 1  20.0 3  12.1  39.2 0
COL        82.9  22.1 241.4   1.0 3   0.0 178.1 1
COR        90.3  45.4 263.2   1.0 3   0.0  68.0 0  20.0 3  11.3  34.9 0
CRZF       92.7 223.1 100.7   1.0 3   0.0 162.6 1
CTAO       15.6 198.1  19.2   1.0 3   0.0 189.7 1  20.0 3   3.2   6.4 0
DRV        61.9 185.1  12.9   1.0 3   0.0 179.4 1   5.0 3   8.1  28.3 0
ESK       126.0 342.3  31.8   5.0 3   5.9  47.8 0
GRA1      124.4 329.7  50.4  20.0 3  13.7  42.1 0
GUMO       19.8 341.0 160.6   1.0 3   0.0 211.2 1
HIA        60.9 336.8 143.2   1.0 3   0.0 178.1 1  20.0 3   9.8  20.8 0  40.0 3  10.1  11.8 0
HRV       126.9  39.1 302.3   1.0 3   0.0 141.9 1  20.0 3  12.4  44.0 0
HYB        75.3 289.4 100.3   1.0 3   0.0 162.6 1
INU        42.7 342.6 158.6   1.0 3   0.0 179.4 1
KIP        56.3  60.1 247.9   1.0 3  73.9 170.9 1
KIV       107.0 314.3  80.4  20.0 3  11.1  39.4 0
KMI        56.1 304.9 115.7   1.0 3   0.0 178.1 1  20.0 3   9.2  20.2 0  40.0 3   9.5  10.8 0
KONO      118.3 339.0  44.3   1.0 3   0.0 145.0 1
LZH        60.6 316.7 122.4   1.0 3   0.0 178.1 1  20.0 3   9.7  20.7 0  40.0 3  10.0  12.4 0
MAJO       43.4 344.5 160.7   1.0 3   0.0 178.1 1  20.0 3   7.6  10.8 0
NNA       129.1 110.0 252.9   5.0 3   4.0  54.3 0
NOU        22.2 140.6 317.0   5.0 3   2.0  22.3 0
NWAO       42.1 224.7  56.5   1.0 3   0.0 178.1 1  20.0 1   7.3  13.0 0
OBN       108.3 326.6  72.0  20.0 3  10.3  40.2 0
PAF        80.3 220.9  86.9   1.0 3   0.0 162.6 1
PAS        93.3  56.2 266.1   1.0 3   0.0 171.9 1
PFO        94.7  56.8 267.1   5.0 3   0.4  39.9 0  20.0 3  12.4  13.6 0
SNZO       41.6 153.3 323.4   1.0 3   0.0 178.1 1
SSB       130.7 329.3  45.7   5.0 3  13.2  43.6 0  20.0 3  14.7  25.2 0
TATO       41.8 317.3 131.8   1.0 3   0.0 178.1 1  20.0 1   7.6  10.9 0
TOL       138.9 330.7  38.9   1.0 3   0.0 145.0 1
TSK        42.6 346.5 163.3   5.0 3   5.9  22.7 0
WMQ        75.1 317.8 112.4   1.0 3   0.0 178.1 1  20.0 3  11.3  22.3 0
WUS        80.2 313.2 105.7   1.0 3   0.0 162.6 1

  1990  2 17  01 22 06.8    -4.567  -105.583   10.0  5.5  5.8  seed 1990/feb/9004800.sed      900217a
ANMO       39.4 358.9 178.6   1.0 3   0.0 188.1 0  20.0 3   4.7  22.2 0
ANTO      128.6  40.9 302.4   1.0 3   0.0 149.4 0
AQU       114.3  45.4 287.2   1.0 3   0.0 157.3 0  20.0 3  12.6  41.2 0
ARU       126.7  10.9 340.2  20.0 3  15.3  43.6 0
BJI       128.4 319.2  57.6   1.0 3   0.0 149.3 0
CAN        99.8 233.1 102.9   1.0 3   2.2 154.0 0  20.0 3  19.2  36.1 0
COL        76.0 342.8 136.2   1.0 3   0.0 182.4 0  20.0 1  10.3  30.1 0  20.0 3  11.4  30.6 1
COR        51.6 343.8 157.1   1.0 3   0.0 187.3 0  20.0 3   5.9  24.4 0
CRZF      125.3 161.0 207.8   1.0 3   2.2 137.1 0
CTAO      105.4 247.8 100.9   1.0 3   0.0 149.4 0
DRV        95.2 201.4 114.4   1.0 3   2.2 154.0 0   5.0 3  11.3  34.9 0
ESK       100.8  34.7 277.8   5.0 3   4.1  41.2 0
GRA1      110.6  38.3 288.3  20.0 3  12.2  40.5 0
GUMO      110.1 282.7  89.8   1.0 3   0.0 149.3 0
HIA       121.2 327.0  55.7   1.0 3   0.0 149.3 0
HRV        56.2  29.9 222.3   1.0 3   0.0 187.3 0  20.0 3   7.2  25.7 0
HYB       166.6 342.7  17.8   1.0 3   2.2 120.3 0  20.0 3  45.6  49.0 0
INU       114.9 306.8  77.0   1.0 3   2.2 137.1 0  20.0 3  27.4  39.2 0
KIP        57.5 298.8 110.4   1.0 3   0.0 185.1 0  20.0 3   8.5  26.1 0
KMI       146.0 309.7  57.3   1.0 3   0.0 149.3 0
KONO      106.5  28.7 290.0   1.0 3   0.0 149.3 0  20.0 1  15.7  19.0 0
LZH       138.5 323.0  47.4   1.0 3   0.0 149.3 0
MAJO      113.7 307.9  77.3   1.0 3   0.0 149.3 0
MBO        89.8  75.7 265.4   1.0 3   2.2 154.0 0   5.0 3   9.0  36.0 0
NNA        29.4 106.3 282.1   5.0 3   0.0  25.9 0
NOU        86.5 248.2  93.6   5.0 3  19.9  33.4 0
NWAO      124.8 224.1 124.6   1.0 3   0.0 149.4 0
OBN       121.1  24.3 314.6  20.0 3  15.3  43.3 0
PAF       126.1 176.6 185.2   1.0 3   2.2 137.1 0   5.0 3  39.9  43.3 0
PAS        40.4 343.8 160.3   1.0 3   0.0 203.9 1  20.0 3   6.1  23.1 0
PFO        39.4 345.6 162.7   5.0 3   5.9  30.0 0  20.0 3   6.7  21.5 1
SNZO       79.3 229.0  86.8   1.0 3   0.0 182.4 0
TATO      130.5 299.0  73.4   1.0 3   0.0 149.4 0
TOL       101.8  50.4 274.1   1.0 3   0.0 149.3 0
TSK       112.2 307.2  78.7   5.0 3  12.0  38.8 0
WMQ       139.1 345.2  20.3   1.0 3   0.0 149.3 0
WUS       143.2 353.9   7.9   1.0 3   2.2 137.1 0  20.0 3  44.0  44.8 0

  1990  2 17  02 28 01.8    29.533   130.732   65.0  5.9  0.0  seed 1990/feb/9004801.sed      900217b
AGD        82.6 279.2  61.4   5.0 3   8.0  31.6 0
ANMO       96.1  43.9 312.7   1.0 3   2.2 152.3 0  20.0 3  12.0  36.6 0
ANTO       77.2 308.7  62.1   1.0 3   0.0 182.6 0  20.0 1  11.3  16.2 0
AQU        88.0 318.9  50.6   1.0 3   1.7 151.2 0  20.0 3  11.6  34.5 0
ARU        56.1 320.5  86.4  20.0 3   6.0  24.8 0
BJI        15.9 315.2 126.8   1.0 3   0.0 215.7 0  20.0 3   3.4  14.1 0  40.0 3   3.6   6.5 0
CAN        66.9 163.8 342.7   1.0 3   0.0 172.4 0  20.0 3   8.9  27.5 0
COL        60.0  29.1 276.2   1.0 3   0.0 182.6 0  20.0 1   8.7  26.9 0  20.0 3   9.5  26.1 0
COR        80.0  44.1 301.9   1.0 3   1.6 181.2 0  20.0 3   8.7  32.2 0
CRZF      103.9 224.5  61.9   1.0 3   3.8 155.6 0
CTAO       51.7 161.2 342.7   1.0 3   0.0 182.6 0  20.0 3   8.3  13.1 0
DRV        96.3 176.3 351.9   1.0 3   0.0 155.6 0   5.0 3   9.4  36.4 0
ESK        86.6 335.7  38.8   5.0 3   2.9  38.2 0
GRA1       84.5 325.5  49.5  20.0 3   9.1  34.2 0
GUMO       20.6 137.5 322.7   1.0 3   0.0 215.7 0
HIA        21.4 340.0 152.9   1.0 3   0.0 215.7 0  20.0 3   4.3  20.8 0  40.0 3   4.6   7.1 0
HRV       105.3  16.9 340.0   1.0 3   1.7 151.3 0  20.0 3  11.4  38.9 0
HYB        49.0 268.0  65.8   1.0 3   0.0 172.4 0  20.0 3   7.6  22.7 0
INU         7.9  40.9 224.3   1.0 3   0.0 206.2 0  20.0 3   0.3  18.9 0
KIP        63.9  79.0 293.4   1.0 3   0.0 178.9 0  20.0 3   8.5  27.2 0
KMI        25.2 266.7  73.7   1.0 3   0.0 182.6 0  20.0 3   4.8  19.7 0  40.0 3   5.1   7.8 0
KONO       78.7 333.8  49.4   1.0 3   0.0 182.6 0
LZH        23.5 293.2  98.4   1.0 3   0.0 215.7 0  20.0 3   4.8  15.5 0  40.0 3   4.9   8.0 0
MAJO        9.4  40.0 224.0   1.0 3   0.0 215.7 0  20.0 3   1.6   6.9 0
MBO       126.2 320.2  35.2   1.0 3   3.8 138.7 0   5.0 3  17.3  44.2 0
NNA       149.0  61.0 308.2   5.0 3  10.0  38.7 0  20.0 3  18.9  20.1 0
NOU        61.8 142.2 324.8   5.0 3   6.8  27.1 0
NWAO       63.6 192.7  13.2   1.0 3   0.0 182.6 0  20.0 1  10.1  13.3 0
OBN        68.5 322.1  68.9  20.0 3   9.1  30.6 0
PAF        95.3 215.0  49.8   1.0 3   0.0 158.9 1   5.0 3  22.0  35.5 0
PAS        89.1  50.6 305.7   1.0 3   0.0 171.3 0  20.0 3  10.5  34.7 0
PFO        90.6  50.2 306.7   5.0 3   0.6  38.8 0  20.0 3  12.0  13.2 0
SNZO       81.5 148.0 322.2   1.0 3   0.0 182.6 0
TATO        9.4 243.3  59.1   1.0 3   0.0 215.7 0  20.0 1   1.9   6.8 0
TOL        99.0 326.5  38.7   1.0 3   0.0 149.6 0
TSK        10.3  47.4 232.5   5.0 3   0.0  20.0 0
WMQ        36.9 304.7  98.0   1.0 3   0.0 182.6 0  20.0 3   6.6  17.6 0
WUS        43.0 300.1  88.7   1.0 3   0.0 189.3 0  20.0 3   6.7  21.9 0

  1990  2 18  12 21 58.0    -5.516   149.432  142.0  5.9  0.0  seed 1990/feb/9004900.sed      900218a
ANMO      104.7  55.5 273.8   1.0 3   0.0 158.2 0  20.0 3  11.9  38.9 0
ANTO      113.8 311.2  76.3   1.0 3   0.0 150.8 0  20.0 1  13.4  21.0 1
AQU       126.5 320.1  59.0   1.0 3   6.4 156.0 0  20.0 3  16.3  42.8 0
ARU        95.1 326.1  92.1  20.0 3   9.0  35.4 0
BJI        54.8 328.9 138.0   1.0 3   0.0 183.9 0  20.0 3   9.0  19.8 0  40.0 3   9.0  11.9 0
CAN        29.7 180.7   0.9   1.0 3   0.0 185.7 0  20.0 3   4.4  19.6 0
COL        83.9  22.4 243.0   1.0 3   0.0 183.9 0  20.0 1  10.9  24.1 0  20.0 3  12.0  23.8 0
COR        91.9  45.6 264.4   1.0 3   0.0 156.0 0  20.0 3  10.8  34.0 0
CRZF       91.2 223.3  99.4   1.0 3   0.2 151.9 0
CTAO       14.9 191.8  12.5   1.0 3   0.0 217.0 0  20.0 3   2.9   9.3 0
DRV        61.4 184.3  10.7   1.0 3   0.0 168.8 0   5.0 3   8.3  28.5 0
ESK       125.7 341.1  34.1   5.0 3  12.7  44.3 0
GRA1      123.6 328.6  52.6  20.0 3  15.5  40.7 0
GUMO       19.6 346.6 166.3   1.0 3   0.0 217.0 0
HIA        60.5 338.1 145.4   1.0 3   0.0 183.9 0  20.0 3   9.6  20.3 0  40.0 3   9.8  25.8 1
HRV       128.3  38.2 304.0   1.0 3   6.4 156.1 0  20.0 3  15.6  42.5 0
HYB        73.6 289.8 101.2   1.0 3   0.2 168.8 0
INU        42.4 344.9 161.5   1.0 3   0.0 185.7 0  20.0 3   6.6  20.9 0
KIP        58.1  60.7 248.7   1.0 3   0.0 182.5 0  20.0 3   8.3  25.8 0
KIV       105.9 314.0  82.0  20.0 3  12.0  37.2 0
KMI        54.7 306.0 117.3   1.0 3   0.0 183.9 0  20.0 3   9.0  19.7 0  40.0 3   9.2  11.0 0
KONO      117.9 338.2  46.4   1.0 3   0.0 150.8 0
LZH        59.5 317.8 124.3   1.0 3   0.0 183.9 0  20.0 3   9.5  20.2 0  40.0 3   9.7  12.2 0
MAJO       43.2 346.7 163.5   1.0 3   0.0 183.9 0  20.0 3   7.1  12.2 1
MBO       163.9 304.1  57.4   1.0 3   8.0 126.1 0   5.0 3  17.5  51.2 0
NNA       130.8 111.0 251.7   5.0 3  13.4  51.1 0  20.0 3  18.1  19.3 0
NOU        23.2 136.9 312.8   5.0 3   1.0  21.2 0
NWAO       40.6 223.6  54.8   1.0 3   0.0 183.9 0  20.0 1   6.7  11.6 0
OBN       107.5 326.3  73.8  20.0 3  10.8  37.9 1
PAF        78.8 220.9  85.6   1.0 3   0.2 168.8 0   5.0 3  20.1  30.2 0
PAS        95.1  56.3 267.0   1.0 3   0.0 168.8 0  20.0 3  10.8  36.7 0
PFO        96.5  56.9 267.9   5.0 3   0.0  37.5 0
SNZO       42.2 151.4 320.7   1.0 3   0.0 183.9 0
TATO       40.8 319.3 134.3   1.0 3   0.0 183.9 0  20.0 1   6.6   9.9 0
TOL       138.2 328.9  41.6   1.0 3   0.0 150.8 0
TSK        42.5 348.8 166.2   5.0 3   4.0  24.1 0
WMQ        74.1 318.4 114.1   1.0 3   0.0 183.9 0  20.0 3  11.1  21.8 0  40.0 3  11.1  12.4 0
WUS        79.0 313.6 107.2   1.0 3   0.2 168.8 0

  1990  2 19  05 34 37.0   -40.347   176.102   24.0  5.9  6.3  seed 1990/feb/9005000.sed      900219a
ANMO      103.5  55.7 230.2   1.0 3   0.0 266.3 0  20.0 3  12.6  36.6 0
ANTO      152.1 280.3 102.2   1.0 3   0.0 225.7 0  20.0 1  19.4  47.2 2
AQU       166.9 282.8  85.4   1.0 3   0.0 292.7 0  20.0 3  18.9  49.5 0
BJI        97.0 317.9 138.1   1.0 3   0.0 260.6 0
CAN        21.9 274.5 111.3   1.0 3   0.0 222.0 0  20.0 3   3.7  19.7 0
CAY       124.1 116.2 223.7   5.0 3  34.2  40.9 0
COL       108.8  15.5 208.5   1.0 3   0.0 260.6 0
COR       100.7  39.4 222.8   1.0 3   0.0 264.1 0  20.0 3  12.4  36.5 0
CRZF       80.2 215.4 140.2   1.0 3   0.0 238.8 0
CTAO       32.5 299.5 135.0   1.0 3   0.0 227.5 0  20.0 3   6.0  10.8 0
DRV        33.1 205.4  55.5   1.0 3   0.0 222.0 0   5.0 3   2.2  22.5 0
ESK       165.0 358.4   2.0   5.0 3  13.6  53.2 0
GRA1      165.8 315.2  53.3  20.0 3  17.4  48.8 0
GUMO       61.1 324.7 153.0   1.0 3   0.0 227.5 0
HIA       102.3 326.0 139.2   1.0 3   0.0 260.6 0
HRV       130.5  64.4 248.7   1.0 3   0.0 264.1 0  20.0 3  15.5  43.6 0
HYB       106.8 278.5 127.6   1.0 3   2.7 255.7 0  20.0 3  13.1  37.5 0
INU        83.6 328.7 150.9   1.0 3   0.0 243.2 1  20.0 3  10.7  31.8 0
KEV       146.4 341.0  44.9   1.0 3  60.3 291.8 0
KIP        66.2  26.5 201.4   1.0 3   0.0 242.6 0  20.0 3   9.1  28.6 0
KIV       145.7 291.1  99.8  20.0 3  17.4  44.3 0
KMI        94.3 299.3 132.6   1.0 3   0.0 260.6 0  20.0 3  13.2  23.9 0
KONO      158.9 340.4  29.3   1.0 3   0.0 293.6 0
LZH       101.0 308.0 132.0   1.0 3   0.0 260.6 0
MAJO       84.2 330.1 151.8   1.0 3   0.0 180.9 0
MBO       151.7 152.8 201.5   1.0 3   2.7 289.4 0   5.0 3  16.2  46.6 0
NNA        94.9 110.3 227.1   5.0 3   4.6  42.3 0  20.0 3  12.3  13.5 0
NOU        20.0 332.5 157.7   5.0 3   1.7  22.0 0
NWAO       47.0 259.4 116.7   1.0 3   0.0 245.2 0  20.0 1   8.2  18.4 1
OBN       149.6 312.1  77.4  20.0 3  15.9  48.0 0
PAF        69.3 222.1 128.4   1.0 3   0.0 238.8 0   5.0 3   9.0  29.2 0
PAS        95.9  49.6 224.6   1.0 3   0.0 264.1 0  20.0 3   9.9  36.8 0
PFO        96.5  51.0 225.4   5.0 3   0.0  37.8 0
SNZO        1.4 227.3  48.2   1.0 3   0.0 203.4 1
TOL       179.5 172.2 233.5   1.0 3   0.0 296.9 1
TSK        83.2 331.3 153.0   5.0 3   8.1  31.6 0
WMQ       115.5 306.5 122.0   1.0 3   0.0 260.6 0
WUS       119.6 300.3 119.1   1.0 3   2.7 272.6 0  20.0 3  13.6  40.6 0

  1990  2 19  06 48 10.1   -15.465   166.385   12.0  6.4  6.7  seed 1990/feb/9005001.sed      900219b
AGD       125.1 273.2 100.7   5.0 3  16.7  43.7 0
ANMO       96.5  55.7 255.9   1.0 3   0.0 343.6 0  20.0 3  10.9  34.8 0
ANTO      132.9 310.3  72.1   1.0 3   0.0 152.1 0  20.0 1  18.8  34.8 1
AQU       144.5 324.3  48.6   1.0 3   0.0 308.9 0  20.0 3  18.0  45.7 0
BJI        72.4 321.7 128.8   1.0 3   0.0 352.4 0  20.0 3  11.2  21.9 0  40.0 3  11.3  13.9 0
CAN        25.2 215.0  42.7   1.0 3   0.0 367.7 0  20.0 3   4.1  20.2 0
CAY       140.6 101.5 251.8   5.0 3  18.0  45.0 0
COL        87.4  17.9 223.9   1.0 3   0.0 352.4 0  20.0 1  11.8  33.3 0  20.0 3  12.4  33.8 0
COR        87.4  42.4 245.5   1.0 3   0.0 340.3 0  20.0 3  10.6  34.2 0
CRZF       94.8 219.1 118.5   1.0 3   0.0 333.9 0
CTAO       19.7 253.6  79.8   1.0 3   0.0 385.4 0  20.0 3   2.1  12.7 1
DRV        54.1 192.6  32.0   1.0 3   0.0 367.7 0   5.0 3   6.3  26.5 0
ESK       139.4 350.8  15.4   5.0 3  10.6  50.2 0
GRA1      140.3 334.6  39.1  20.0 3  16.1  47.0 0
GUMO       35.9 322.5 142.8   1.0 3   0.0 385.4 0
HIA        76.6 330.6 133.8   1.0 3   0.0 352.4 0  20.0 3  11.5  22.2 0  40.0 3  11.6  13.9 0
HRV       123.9  49.1 280.7   1.0 3   0.0 340.2 0  20.0 3  17.0  41.6 0
HYB        92.6 287.2 105.2   1.0 3   0.0 334.0 0  20.0 3  11.7  34.5 0
INU        57.8 331.7 145.9   1.0 3   0.0 355.2 0  20.0 3   8.4  25.2 0
KEV       120.2 344.8  46.4   1.0 3   0.0 350.5 0
KIP        50.7  44.6 226.6   1.0 3   0.0 380.0 0  20.0 3   6.7  23.7 0
KMI        74.0 302.3 115.9   1.0 3   0.0 352.4 0  20.0 3  11.2  22.2 0  40.0 3  11.5  13.2 0
KONO      132.7 344.1  31.0   1.0 3   0.0 319.3 0
LZH        78.3 312.7 118.9   1.0 3   0.0 352.4 0  20.0 3  11.7  22.7 0  40.0 3  11.8  14.5 0
MAJO       58.3 333.4 147.5   1.0 3   0.0 365.4 1  20.0 3   9.3  12.5 0
MBO       176.6 111.0 254.3   1.0 3   0.0 300.2 0   5.0 3  16.9  50.6 0
NNA       111.7 110.0 247.8   5.0 3   5.5  48.9 0
NOU         6.6 180.7   0.7   5.0 3   0.0  19.3 0
NWAO       47.6 239.4  80.9   1.0 3   0.0 370.0 0  20.0 1   8.1  14.6 0
OBN       124.9 327.4  64.2  20.0 3  16.2  41.8 0
PAF        82.3 220.9 104.9   1.0 3   0.0 350.8 0   5.0 3   9.7  33.3 0
PAS        87.0  53.6 249.3   1.0 3   0.0 353.6 1  20.0 3  10.2  35.2 0
PFO        88.2  54.6 250.3   5.0 3   1.7  38.5 0  20.0 3  11.8  13.0 0
RER       102.8 243.5 112.4   5.0 3  31.5  38.2 0
SCZ        85.5  50.3 247.2   5.0 3  10.3  33.9 0
SNZO       26.8 166.0 341.9   1.0 3   0.0 394.4 0
TOL       154.2 342.7  21.4   1.0 3   0.0 322.6 1  20.0 1  19.3  34.1 0  20.0 3  19.8  34.7 0
TSK        57.2 334.7 149.4   5.0 3   8.5  25.3 0
WFM       123.9  49.0 280.8   5.0 3  16.6  43.6 0
WMQ        92.7 314.6 108.6   1.0 3   0.0 352.4 0  20.0 3  11.0  30.5 0  40.0 3  13.1  14.4 0
WUS        98.0 310.4 103.3   1.0 3   0.0 334.0 0  20.0 3  12.6  35.3 0

  1990  2 20  06 53 39.8    34.706   139.252   14.0  6.1  6.4  seed 1990/feb/9005100.sed      900220a
AGD        88.7 283.2  54.9   5.0 3  10.8  34.4 0
ANMO       87.3  48.4 311.4   1.0 3   0.0 338.5 0  20.0 3  11.4  35.3 0
ANTO       79.4 311.5  53.3   1.0 3   0.0 346.9 0  20.0 1  11.6  16.5 0
AQU        88.6 323.2  41.8   1.0 3   0.0 359.5 0  20.0 3  11.6  34.3 0
BJI        19.1 293.0  98.9   1.0 3   0.0 379.9 0  20.0 3   4.2  14.9 0  40.0 3   4.2   7.3 0
CAN        70.4 171.5 351.5   1.0 3   0.0 345.3 0  20.0 3   9.8  28.4 0
CCM        93.6  37.5 320.6   1.0 3   0.0 335.6 0  20.0 3  11.4  35.3 0
COL        51.9  31.1 271.8   1.0 3   0.0 379.9 0  20.0 1   8.2  24.7 0  20.0 3   8.7  23.6 0
CRZF      112.6 228.6  63.3   1.0 3   0.0 328.5 0
CTAO       55.0 171.9 352.9   1.0 3   0.0 379.9 0  20.0 3   8.8  23.8 1
DRV       101.2 179.7 359.4   1.0 3   0.0 345.3 0   5.0 3  12.3  35.9 0
ESK        84.6 339.6  30.2   5.0 3  10.8  38.7 0
GRA1       84.0 329.1  40.6  20.0 3  10.6  32.5 0
GUMO       21.7 165.0 347.4   1.0 3   0.0 379.9 0
HIA        20.4 321.3 128.0   1.0 3   0.0 379.9 0  20.0 3   4.2  20.2 0  40.0 3   4.5   7.6 0
HRV        98.0  22.4 334.9   1.0 3   0.0 340.9 0  20.0 3  11.4  37.5 0
HYB        56.4 268.7  59.6   1.0 3   0.0 362.2 0  20.0 3   8.2  25.1 0
INU         1.9 290.0 108.8   1.0 3   0.0 395.9 0  20.0 3   0.0  19.1 0
KEV        64.9 339.2  57.2  20.0 1   9.8  21.3 0  20.0 3  10.3  21.3 0
KIP        56.1  86.0 298.2   1.0 3   0.0 380.2 0  20.0 3   8.6  25.8 0
KMI        32.9 263.2  64.4   1.0 3   0.0 379.9 0  20.0 3   6.1  17.1 0  40.0 3   6.4   8.1 0
KONO       77.1 336.4  40.5   1.0 3   0.0 346.9 0
LZH        28.8 283.1  82.2   1.0 3   0.0 379.9 0  20.0 3   5.8  16.5 0  40.0 3   5.9   8.6 0
MAJO        2.0 335.4 154.8   1.0 3   0.0 399.8 1  20.0 3   0.0  14.5 2
MBO       126.1 331.2  24.2   1.0 3   8.0 328.5 0   5.0 3  15.2  42.2 0
NNA       140.2  63.8 310.5   5.0 3  13.8  51.5 0  20.0 3  18.8  20.0 0
NOU        62.2 151.4 334.9   5.0 3   6.9  27.2 0
NWAO       70.5 199.6  19.2   1.0 3   0.0 346.9 0  20.0 1   9.3  14.1 0
OBN        68.8 323.1  59.4  20.0 3   9.2  30.0 0
PAF       103.8 219.1  52.5   1.0 3   0.0 328.5 0   5.0 3  11.1  38.1 0
PAS        80.2  55.1 305.5   1.0 3   0.0 369.1 0  20.0 3  11.0  32.9 0
PFO        81.7  54.7 306.4   5.0 3   1.2  38.5 0  20.0 3  11.5  13.5 0
SCZ        76.7  54.5 303.5   5.0 3  10.1  30.3 0
SNZO       82.5 153.8 331.1   1.0 3   0.0 346.9 0
TATO       18.2 242.6  53.6   1.0 3   0.0 396.1 0  20.0 1   3.7   7.0 0
TOL        98.3 332.4  29.7   1.0 3   0.0 346.9 0
TSK         1.7  24.8 205.3   5.0 3   0.0  19.8 0
WFM        97.9  22.3 334.9   5.0 3  18.6  35.5 0
WMQ        40.3 299.0  84.9   1.0 3   0.0 379.9 0  20.0 3   7.4  22.3 0  40.0 3   7.5   8.8 0
WUS        46.9 296.6  77.5   1.0 3   0.0 362.2 0  20.0 3   7.4  22.6 0

  1990  2 21  18 20 14.5    16.903   -62.326  109.0  5.9  0.0  seed 1990/feb/9005200.sed      900221a
ALE        65.6 360.0 180.0  20.0 3   9.2  28.8 0
ANMO       43.2 303.3 103.0   1.0 3   0.0 189.1 0  20.0 3   6.0  23.9 0
AQU        68.3  50.6 273.6   1.0 3   0.0 189.5 0  20.0 3   8.6  28.2 0
BJI       123.2   1.4 358.3   1.0 3   0.0 156.3 0  40.0 3  18.6  23.2 1
CAN       146.6 230.9 115.8   1.0 3   0.0 131.0 0
CCM        33.0 315.5 121.7   1.0 3   0.0 187.9 0  20.0 3   3.9  21.9 0
COL        72.9 333.6  86.6   1.0 3   0.0 189.3 0  20.0 1  10.1  23.3 0  20.0 3  10.9  23.0 0
COR        57.7 312.4  97.9   1.0 3  33.4 183.2 0
CRZF      118.7 133.9 264.2   1.0 3   0.0 147.9 0
CTAO      152.7 259.3  92.4   1.0 3   0.0 123.2 0  20.0 3  19.3  22.5 0
DRV       128.1 191.1 152.6   1.0 3   1.2 136.1 0   5.0 3  17.2  44.2 0
ESK        58.8  35.0 253.9   5.0 3   7.6  32.0 0  20.0 3   8.7   9.9 0
GRA1       66.6  42.7 269.0  20.0 3   6.9  29.0 0
GUMO      139.4 317.0  42.2   1.0 3   0.0 156.3 0
HIA       114.0 358.5   2.2   1.0 3   0.0 156.3 0
HRV        26.8 344.7 160.0   1.0 3   0.0 186.9 0  20.0 3   2.7  20.6 0
HYB       128.5  50.2 309.6   1.0 3   0.0 131.0 0
INU       124.8 340.8  22.6   1.0 3   0.0 131.0 0
KEV        74.0  21.2 275.5   1.0 3   0.0 189.4 0
KIP        89.0 292.1  72.2   1.0 3   0.0 167.6 0  20.0 3  11.6  33.6 0
KIV        88.7  44.2 292.5  20.0 3   8.9  34.3 0
KMI       135.6  19.5 339.4   1.0 3   0.0 156.3 0  20.0 3  18.8  29.5 0  40.0 3  19.0  23.6 1
KONO       66.4  31.7 263.3   1.0 3   0.0 189.3 0
LZH       125.6  13.7 343.7   1.0 3   0.0 156.3 0  40.0 3  18.6  19.9 0
MAJO      123.3 340.3  23.6   1.0 3   0.0 156.3 0
MBO        43.7  86.7 279.5   1.0 3   0.0 173.9 0   5.0 3   5.9  22.7 0
NNA        32.2 207.5  26.9   5.0 3   0.3  23.1 0  20.0 3   5.2   7.2 0
NOU       134.0 255.7  87.8   5.0 3  33.8  43.9 0
NWAO      164.0 178.6 181.5   1.0 3   0.0 130.4 0
OBN        81.2  35.0 287.0  20.0 3   8.0  33.0 0
PAF       129.9 140.9 246.5   1.0 3   0.0 131.0 0
PAS        52.6 300.3  94.3   1.0 3   0.0 183.7 1  20.0 3   6.8  24.2 0
PFO        51.1 299.8  94.9   5.0 3   5.4  30.8 0  20.0 3   7.8   9.4 0
SNZO      125.6 231.2  99.2   1.0 3   0.0 156.3 0
SSB        61.9  47.3 266.1   1.0 3   0.0 173.7 0   5.0 3   9.0  25.9 0  20.0 3   8.8  26.5 0
TATO      138.1 354.8   5.4   1.0 3   0.0 156.3 0  20.0 1  34.3  37.6 0
TOL        55.1  52.9 263.2   1.0 3   0.0 193.8 0  20.0 1   8.4  20.8 0  20.0 3   9.0  20.5 0
TSK       122.9 338.5  25.7   5.0 3  15.3  42.2 0
WMQ       113.5  23.2 328.7   1.0 3   0.0 156.3 0
WUS       112.0  30.4 320.2   1.0 3   0.0 147.9 0

  1990  2 22  16 51 51.0   -11.458    66.380   12.0  5.7  5.6  seed 1990/feb/9005300.sed      900222a
ALE       106.1 353.9  52.7  20.0 3  12.3  39.5 0
ANTO       59.9 330.5 141.1   1.0 3   0.0 195.3 0  20.0 1   9.8  13.1 0
AQU        72.3 321.5 124.6   1.0 3   0.0 185.5 0  20.0 3   9.6  29.2 0
BJI        69.0  39.0 233.5   1.0 3   0.0 178.5 0  20.0 3  10.8  21.5 0  40.0 3  10.9  12.2 0
CAN        77.5 123.9 264.6   1.0 3   0.2 168.8 0
CCM       146.8 326.6  42.5   1.0 3   7.0 127.0 0  20.0 3  16.6  46.7 0
COL       121.6  16.4 319.9   1.0 3   0.0 145.5 0
COR       145.9  12.4 343.1   1.0 3   5.9 125.6 0  20.0 3  16.0  46.9 0
CRZF       37.0 196.8  24.1   1.0 3   0.0 185.7 0
CTAO       76.7 108.1 262.4   1.0 3   0.0 178.5 0  20.0 3  11.4  14.6 0
DRV        73.1 156.5 280.4   1.0 3   0.0 160.2 0   5.0 3   9.0  29.2 0
ESK        88.1 327.5 113.0   5.0 3   5.1  38.8 0
GRA1       77.7 326.9 124.4  20.0 3   8.6  32.6 0
GUMO       81.7  74.4 256.2   1.0 3   0.0 178.5 0
HIA        76.5  32.8 234.1   1.0 3   0.0 178.5 0  20.0 3  11.3  22.3 0  40.0 3  11.6  12.9 0
HRV       132.1 318.0  62.0   1.0 3   5.9 155.6 0  20.0 3  13.9  43.9 0
HYB        31.2  22.9 203.6   1.0 3   0.0 185.7 0  20.0 3   4.9  20.9 0
INU        81.3  51.3 249.5   1.0 3   0.2 168.8 0  20.0 3  11.7  31.1 0
KEV        85.6 347.2 141.3   1.0 3   0.0 178.5 0
KIP       136.4  71.2 276.2   1.0 3   0.1 148.1 0  20.0 3  14.7  45.3 0
KIV        59.3 340.2 152.7  20.0 3   8.5  27.8 0
KMI        50.9  43.9 228.7   1.0 3   0.0 178.5 0  20.0 3   8.8  19.5 0  40.0 3   8.9  10.2 0
KONO       84.2 334.7 124.3   1.0 3   0.0 178.5 0
LZH        59.1  35.1 224.1   1.0 3   0.0 178.5 0
MAJO       82.6  50.6 250.1   1.0 3   0.0 178.5 0  20.0 3  11.7  14.9 0
MBO        86.5 285.3 102.6   1.0 3   0.1 151.9 0   5.0 3   8.9  32.5 0
NOU        94.7 113.6 255.6   5.0 3   9.5  36.3 1
NWAO       51.1 123.2 282.4   1.0 3   0.0 178.5 0  20.0 1   8.8  12.0 0
OBN        71.0 342.4 148.9  20.0 3  10.1  31.4 0
PAF        38.0 175.9 353.9   1.0 3   0.0 185.7 0   5.0 3   3.7  22.2 0
PAS       157.0   9.8 348.7   1.0 3   0.0 142.1 0  20.0 3  17.6  47.7 0
PFO       157.7   6.3 352.7   5.0 3  18.1  56.0 0
RER        14.1 225.2  48.3   5.0 3   0.2  20.4 0
SNZO       95.8 134.1 249.1   1.0 3   0.0 178.5 0
SSB        79.3 320.6 118.2   1.0 3   0.2 168.8 0   5.0 3  10.3  33.9 0
TATO       64.8  55.4 242.8   1.0 3   0.0 178.5 0
TOL        82.8 313.0 111.2   1.0 3   0.0 178.5 0
TSK        84.0  51.4 251.3   5.0 3   9.6  33.1 0
WMQ        58.5  18.0 204.8   1.0 3   0.0 178.5 0  20.0 3   9.5  20.5 0
WUS        53.8  12.0 195.7   1.0 3   0.0 168.8 0  20.0 3   7.5  24.4 0

  1990  2 24  19 13 14.8   -15.523  -175.236   33.0  5.7  6.0  seed 1990/feb/9005500.sed      900224a
ALE       108.3   7.3 290.8  20.0 3  11.8  40.1 0
ANMO       82.3  50.7 245.2   1.0 3   0.0 261.2 0  20.0 3   8.6  32.6 0
ANTO      145.5 320.0  52.7   1.0 3   4.1 187.1 0  20.0 1  19.0  23.9 0
AQU       152.2 346.1  17.9   1.0 3   0.0 286.8 0  20.0 3  17.7  47.0 0
ARU       122.5 327.8  67.0  20.0 3  17.6  42.2 0
BJI        84.4 314.0 115.4   1.0 3   0.0 268.6 0  20.0 3  10.9  13.6 0  40.0 3  12.4  14.1 0
CAN        37.6 231.6  67.6   1.0 3   0.0 137.3 0  20.0 3   6.1  21.3 0
CCM        94.9  52.1 254.4   1.0 3   0.0 254.8 0  20.0 3   9.8  36.7 0
COL        83.0  11.4 206.7   1.0 3   0.0 268.6 0  20.0 1  11.2  24.4 0  20.0 3  12.1  24.4 0
COR        76.3  35.4 231.5   1.0 3   0.0 253.7 0  20.0 3  10.1  30.7 0
CRZF      105.1 211.6 133.2   1.0 3   0.0 263.5 0
CTAO       36.9 257.1  89.3   1.0 3   0.0 237.6 0  20.0 3   6.6  20.9 1
DRV        58.9 199.1  52.5   1.0 3   0.0 229.8 0   5.0 3   8.6  25.5 0
ESK       139.8   7.1 348.1   5.0 3  14.2  50.1 0
GRA1      145.5 352.5  10.9  20.0 3  18.3  46.7 0
GUMO       49.0 304.1 124.9   1.0 3   0.0 235.5 0
HIA        86.3 323.4 118.7   1.0 3   0.0 268.6 0
HRV       110.4  50.1 267.6   1.0 3   0.0 268.1 0  20.0 3  11.8  39.8 0
HYB       109.7 283.1 100.5   1.0 3   0.0 263.5 0
INU        68.0 319.2 129.5   1.0 3   0.0 246.7 0  20.0 3   9.9  27.6 0
KEV       124.0 350.8  26.0   1.0 3   4.1 268.6 0
KIP        40.5  25.2 206.1   1.0 3   0.0 240.1 0  20.0 3   5.9  21.8 0
KIV       137.1 319.1  60.2  20.0 3  15.9  46.2 0
KMI        89.5 296.0 107.2   1.0 3   0.0 268.6 0  20.0 3  12.8  23.5 0  40.0 3  12.9  14.2 0
KONO      135.8 356.5   6.6   1.0 3   4.1 268.6 0
LZH        91.9 306.8 107.6   1.0 3   0.0 268.6 0  40.0 3  13.0  14.2 0
MAJO       68.0 320.8 130.8   1.0 3   0.0 235.5 0  20.0 3  10.0  13.2 0
NNA        94.7 103.9 253.0   5.0 3   5.0  42.7 0
NOU        18.7 246.7  72.7   5.0 3   1.8  22.0 0
NWAO       63.0 240.7  91.7   1.0 3   0.0 235.6 0
OBN       133.5 335.2  44.2  20.0 3  17.1  45.4 0
PAF        93.4 216.5 118.7   1.0 3   0.0 246.7 0   5.0 3  20.8  34.3 0
PAS        73.5  46.6 237.7   1.0 3   0.0 257.7 0  20.0 3   8.4  31.1 0
PFO        74.4  47.9 239.0   5.0 3   3.1  40.9 0  20.0 3  10.8  12.0 0
SCZ        72.6  43.0 234.8   5.0 3   9.2  29.5 0
SNZO       27.2 196.8  21.7   1.0 3   0.0 235.6 0
SSB       150.3   0.3 359.6   1.0 3   0.0 280.4 0   5.0 3  17.3  47.7 0
TATO       73.7 302.3 116.1   1.0 3   0.0 253.3 1
TOL       154.5  16.0 340.2   1.0 3   4.1 286.7 0
TSK        66.6 321.7 132.3   5.0 3   9.3  29.5 0
WMQ       105.7 311.7  96.3   1.0 3   4.1 268.6 0
WUS       111.7 308.4  91.6   1.0 3   0.0 263.5 0  20.0 3  28.8  39.0 0

  1990  2 26  19 06 36.4   -26.651  -114.726   14.0  5.6  6.1  seed 1990/feb/9005700.sed      900226a
ALE       111.8   6.5 229.8  20.0 3  11.0  40.6 0
ANMO       61.9   7.7 188.4   1.0 3   0.0 232.2 0  20.0 3   7.0  27.9 0
ANTO      150.0  56.2 286.8   1.0 3   0.0 289.5 0  20.0 1  19.4  34.1 1
AQU       135.2  56.1 273.7   1.0 3   0.0 290.2 0  20.0 3  17.5  44.8 0
BJI       136.0 300.6  87.9   1.0 3   0.4 293.4 0  20.0 3  16.9  26.5 0  40.0 3  43.1  44.0 0
COL        94.9 346.5 150.6   1.0 3   0.0 275.2 0  20.0 1  12.2  24.6 0  20.0 3  13.0  24.3 0
COR        71.5 353.5 171.9   1.0 3   0.0 260.2 0  20.0 3  10.1  30.0 0
CTAO       88.8 248.1 118.0   1.0 3   0.0 242.2 0
ESK       123.7  39.9 271.3   5.0 3  17.4  46.3 0
GUMO      105.2 277.6 114.1   1.0 3   0.0 280.6 1
HIA       132.7 313.3  81.7   1.0 3   5.2 269.7 0  20.0 3  18.1  29.1 0
HRV        79.6  31.0 218.6   1.0 3   0.0 260.3 0  20.0 3  10.9  31.0 0
KEV       131.5  16.8 312.5   1.0 3   1.2 265.8 0
KMI       146.4 275.4 100.4   1.0 3   0.0 274.7 0  20.0 3  19.5  30.2 0  40.0 3  19.5  21.3 0
KONO      129.9  33.3 286.1   1.0 3   0.0 275.2 0  20.0 1  22.6  25.9 0
LZH       146.0 295.2  84.4   1.0 3   0.0 275.2 0  20.0 3  19.4  30.1 0  40.0 3  19.5  21.8 0
MAJO      118.5 298.7 103.1   1.0 3   0.0 275.3 0
NNA        38.4  75.2 242.1   5.0 3   0.0  30.4 0  20.0 3   6.6   7.8 0
NWAO      102.7 222.7 133.9   1.0 3   0.0 275.3 0
OBN       144.7  28.8 312.4  20.0 3  18.0  46.2 0
PAS        60.7 356.7 176.5   1.0 3   0.0 241.2 0  20.0 3   8.7  27.4 0
PFO        60.1 358.3 178.2   5.0 3   0.0  34.0 0  20.0 3   9.0  10.2 0
SNZO       58.8 236.1  99.5   1.0 3   0.0 242.2 0
TATO      129.8 281.0 104.5   1.0 3   4.9 269.4 0
TOL       121.9  58.2 260.7   1.0 3   0.0 278.0 0
TSK       116.9 298.7 104.2   5.0 3  12.6  39.5 0
WMQ       155.1 318.7  53.3   1.0 3   0.0 277.5 0  20.0 3  19.6  30.3 0
