  1990 10 15   1 35 44.7    -2.200    92.290   23.0  5.9  6.5  seed seed.dat                  101590A
AGD        51.0 286.6 102.3   0.1 3   0.0 999.9 0   5.0 3   0.0  96.5 0
CAN        62.0 129.2 288.7   0.1 3   0.0 999.9 0   1.0 3   0.0 999.9 0  20.0 3   0.0  41.9 0
CAY       144.6 275.4  86.8   0.1 3   0.0 999.9 0   5.0 3   0.0 111.4 0
CRZF       56.4 212.6  51.2   0.1 3   0.0 999.9 0   1.0 3   0.0 999.9 0   5.0 3   0.0  96.3 0
DRV        72.4 162.0 309.0   0.1 3   0.0 999.9 0   1.0 3   0.0 999.9 0   5.0 3   0.0  81.3 0
HYB        23.8 325.7 143.9   0.1 3   0.0 999.9 0   1.0 3   0.0 999.9 0  20.0 3   0.0  36.5 0
INU        56.1  43.9 238.1   0.1 3   0.0 999.9 0   1.0 3   0.0 999.9 0  20.0 3   0.0  40.5 0
KIP       109.1  68.2 275.5   0.1 3   0.0 999.9 0   1.0 3   0.0 999.9 0  20.0 3   3.5  63.5 0
MBO       109.2 284.4  87.2   0.1 3   0.0 999.9 0   1.0 3   0.0 999.9 0   5.0 3   0.0 184.3 0
NOUC       74.4 112.2 273.9   0.1 3   0.0 999.9 0   1.0 3   0.0 999.9 0   5.0 3   0.3 152.3 0
PAF        50.7 198.5  29.1   0.1 3   0.0 999.9 0   1.0 3   0.0 999.9 0   5.0 3   0.0 183.3 0
PPT       116.0 110.7 258.4   0.1 3   0.0 999.9 0
SCZ       133.7  38.2 310.2   0.1 3   0.0 999.9 0   5.0 3   0.0 114.5 0
SEY        78.9  23.8 242.1   0.1 3   0.0 999.9 0   1.0 3   0.0 859.8 0  20.0 3   0.0  47.5 0
SSB        90.0 315.1  92.9   0.1 3   0.0 999.9 0   1.0 3   0.0 999.9 0  20.0 3   0.0  59.0 0
UNM       159.6  32.7 325.6   0.1 3   0.0 999.9 0   1.0 3   0.0 999.9 0  20.0 3   0.0 112.5 0
WFM       137.1 342.3  24.1   0.1 3   0.0 999.9 0   5.0 3  12.4 132.4 0
WUS        44.9 346.0 161.3   0.1 3   0.0 999.9 0   1.0 3   0.0 999.9 0  20.0 3   0.0  40.4 0

  1990 10 15   6 30 20.1    15.420   -46.210   15.0  5.2  4.9  seed seed.dat                  101590B
AGD        86.1  79.1 284.9   0.1 3   0.0 999.9 0
CAN       155.9 212.0 142.2   0.1 3   0.0 999.9 0   1.0 3   0.0 974.1 0
CAY        12.0 210.6  29.5   0.1 3   0.0 999.9 0
CRZF      106.6 134.3 274.8   0.1 3   0.0 999.9 0   1.0 3   0.0 999.9 0
DRV       128.6 183.2 172.4   0.1 3   0.0 999.9 0   1.0 3   0.0 999.9 0
HYB       116.5  61.1 297.9   0.1 3   0.0 999.9 0   1.0 3   0.0 999.9 0
INU       129.3 356.6   4.0   0.1 3   0.0 999.9 0   1.0 3   0.0 999.9 0
KIP       103.7 297.2  67.1   0.1 3   0.0 999.9 0   1.0 3   0.0 999.9 0
MBO        28.3  88.2 275.9   0.1 3   0.0 999.9 0   1.0 3   0.0 999.9 0   5.0 3   0.0  21.7 0
NOUC      148.6 253.2  97.0   0.1 3   0.0 999.9 0   1.0 3   0.0 999.9 0
PAF       118.7 138.0 259.7   0.1 3   0.0 999.9 0   1.0 3   0.0 999.9 0
PPT       107.0 256.1  79.0   0.1 3   0.0 999.9 0
SCZ        69.2 303.7  85.8   0.1 3   0.0 999.9 0
SEY       100.4 351.5  18.2   0.1 3   0.0 999.9 0   1.0 3   0.0 565.2 0
SSB        51.8  44.0 251.9   0.1 3   0.0 999.9 0   1.0 3   0.0 999.9 0  20.0 3   0.0  58.4 0
UNM        50.5 282.5  85.6   0.1 3   0.0 999.9 0   1.0 3   0.0 999.9 0
WFM        34.7 326.4 133.6   0.1 3   0.0 999.9 0
WUS       104.3  39.3 306.0   0.1 3   0.0 999.9 0   1.0 3   0.0 905.5 0

  1990 10 15  19  6 52.7    33.560    56.740   15.0  4.9  4.1  seed seed.dat                  101590C
AGD        25.4 213.4  28.0   0.1 3   0.0 999.9 0
CAN       110.2 119.3 297.1   0.1 3   0.0 293.0 0   1.0 3   0.0 217.5 0
CAY       102.9 285.1  54.1   0.1 3   0.0 999.9 0
CRZF       79.9 183.4   4.2   0.1 3   0.0 999.9 0   1.0 3   0.0 999.9 0
DRV       117.9 153.3 290.2   0.1 3   0.0 999.9 0   1.0 3   0.0 999.9 0
HYB        25.3 124.0 313.5   0.1 3   0.0 999.9 0   1.0 3   0.0 794.3 0  20.0 3   0.0 108.7 0
INU        64.3  63.2 294.2   0.1 3   0.0 999.9 0   1.0 3   0.0 999.9 0
KIP       115.9  36.1 328.1   0.1 3   0.0 999.9 0   1.0 3   0.0 999.9 0
MBO        68.7 273.6  59.3   0.1 3   0.0 785.0 0   1.0 3   0.0 830.1 0
NOUC      117.8  98.9 297.1   0.1 3   0.0 705.0 0   1.0 3   0.0 700.1 0
PAF        83.6 171.2 348.7   0.1 3   0.0 999.9 0   1.0 3   0.0 999.9 0
PPT       151.5  61.9 308.7   0.1 3   0.0 999.9 0
SCZ       110.0 358.4   1.6   0.1 3   0.0 999.9 0
SEY        63.0  30.6 291.4   0.1 3   0.0 999.9 0   1.0 3   0.0 999.9 0
SSB        41.3 302.4  87.7   0.1 3   0.0 999.9 0   1.0 3   0.0 999.9 0
UNM       122.5 332.9  23.8   0.1 3   0.0 999.9 0   1.0 3   0.0 999.9 0
WFM        90.4 324.7  40.9   0.1 3   0.0 999.9 0
WUS        19.4  60.3 254.1   0.1 3   0.0 293.0 0   1.0 3   0.0 149.0 0  20.0 3   0.0  39.2 0

  1990 10 15  19 50 19.1   -10.820   114.620   33.0  5.4  4.4  seed seed.dat                  101590D
AGD        74.7 285.1 104.6   0.1 3   0.0 999.9 0
CAN        39.6 133.6 299.5   0.1 3   0.0 249.6 0   1.0 3   0.0 174.1 0
CAY       165.8 246.2 114.8   0.1 3   0.0 999.9 0
CRZF       63.5 223.4  77.5   0.1 3   0.0 999.9 0   1.0 3   0.0 999.9 0
DRV        58.4 168.4 330.3   0.1 3   0.0 999.9 0   1.0 3   0.0 999.9 0
HYB        45.4 307.8 125.6   0.1 3   0.0 999.9 0   1.0 3   0.0 750.8 0  20.0 3   0.0  65.3 0
INU        50.7  23.8 209.0   0.1 3   0.0 999.9 0   1.0 3   0.0 999.9 0
KIP        91.5  68.7 259.2   0.1 3   0.0 999.9 0   1.0 3   0.0 999.9 0
MBO       132.7 279.4  91.3   0.1 3   0.0 741.5 0   1.0 3   0.0 786.7 0
NOUC       50.6 109.7 274.0   0.1 3   0.0 661.5 0   1.0 3   0.0 656.7 0
PAF        53.1 214.9  59.3   0.1 3   0.0 999.9 0   1.0 3   0.0 999.9 0   5.0 3   4.7  32.7 0
PPT        92.2 108.3 257.9   0.1 3   0.0 999.9 0
SCZ       123.5  53.3 282.5   0.1 3   0.0 999.9 0
SEY        79.2  16.6 217.9   0.1 3   0.0 999.9 0   1.0 3   0.0 999.9 0
SSB       111.7 314.4  83.1   0.1 3   0.0 999.9 0   1.0 3   0.0 999.9 0
UNM       146.3  71.6 280.0   0.1 3   0.0 999.9 0   1.0 3   0.0 999.9 0
WFM       147.8   8.5 348.8   0.1 3   0.0 999.9 0
WUS        61.3 330.1 139.4   0.1 3   0.0 249.5 0   1.0 3   0.0 105.5 0  20.0 3   5.8  65.8 0

  1990 10 16   6 13 14.8    49.010   155.060   89.5  6.1  0.0  seed seed.dat                  101690A
AGD        95.4 294.5  37.7   0.1 3   0.0 999.9 0
CAN        84.3 185.0   4.0   0.1 3   0.0 999.9 0   1.0 3   0.0 999.9 0
CAY       121.1  32.2 339.3   0.1 3   0.0 999.9 0
CRZF      130.5 242.5  57.6   0.1 3   0.0 452.6 0   1.0 3   0.0 407.7 0
DRV       116.1 186.6  11.0   0.1 3   0.0 999.9 0   1.0 3   0.0 999.9 0
HYB        68.2 271.9  43.5   0.1 3   0.0 999.9 0   1.0 3   0.0 127.9 0  20.0 3   0.0  52.2 0
INU        19.0 230.9  38.7   0.1 3   0.0 999.9 0   1.0 3   0.0 999.9 0  20.0 3   0.0  35.0 0
KIP        46.2 109.3 318.2   0.1 3   0.0 999.9 0   1.0 3   0.0 999.9 0  20.0 3   0.0  50.0 0
MBO       116.3 351.4   5.9   0.1 3   0.0 118.6 0   1.0 3   0.0 163.7 0   5.0 3  34.8  78.8 0
NOUC       71.7 169.0 352.2   0.1 3   0.0 999.9 1   1.0 3   0.0 999.9 1   5.0 3  10.8  42.8 0
PAF       122.2 230.5  51.0   0.1 3   0.0 999.9 0   1.0 3   0.0 999.9 0
PPT        82.6 127.5 326.8   0.1 3   0.0 999.9 0
SCZ        59.5  67.9 310.7   0.1 3   0.0 999.9 0
SEY        14.0 354.9 172.7   0.1 3   0.0 999.9 0   1.0 3   0.0 999.9 0  20.0 3   0.0  38.0 0
SSB        82.4 339.5  19.0   0.1 3   0.0 999.9 0   1.0 3   0.0 999.9 0  20.0 3  15.5  75.5 0
UNM        85.4  65.6 320.6   0.1 3   0.0 999.9 0   1.0 3   0.0 999.9 0
WFM        79.9  32.9 331.0   0.1 3   0.0 999.9 0
WUS        51.9 291.9  54.0   0.1 3   0.0 999.9 0   1.0 3   0.0 999.9 0  20.0 3   0.0  54.9 0

  1990 10 17  12 16 27.6   -25.520  -175.920   15.0  5.5  5.5  seed seed.dat                  101790A
AGD       140.9 256.0 116.2   0.1 3   0.0 999.9 0
CAN        31.6 243.6  81.8   0.1 3   0.0 999.9 0   1.0 3   0.0 999.9 0  20.0 3   0.0  47.2 0
CAY       122.3 101.1 243.0   0.1 3   0.0 999.9 0
CRZF       96.2 210.9 137.8   0.1 3   0.0  49.4 0   1.0 3   0.0 999.9 1
DRV        49.3 201.4  56.0   0.1 3   0.0 999.9 0   1.0 3   0.0 999.9 0   5.0 3   4.5  32.5 0
HYB       111.0 279.6 111.0   0.1 3   0.0 999.9 0   1.0 3   0.0 999.9 0
INU        75.3 321.7 136.7   0.1 3   0.0 999.9 0   1.0 3   0.0 999.9 0  20.0 3   0.0  43.8 0
KIP        49.9  22.1 201.4   0.1 3   0.0 999.9 0   1.0 3   0.0 999.9 0
MBO       157.4 116.0 237.9   0.1 3   0.0 999.9 0   1.0 3   0.0 999.9 0   5.0 3  22.5  62.5 0
NOUC       16.6 278.1 105.3   0.1 3   0.0 999.9 0   1.0 3   0.0 999.9 0   5.0 3   0.0  19.5 0
PAF        85.0 216.8 124.1   0.1 3   0.0 999.9 0   1.0 3   0.0 999.9 0   5.0 3  18.5  50.5 0
PPT        25.7  77.4 247.5   0.1 3   0.0 999.9 0
SCZ        80.5  41.7 228.4   0.1 3   0.0 999.9 0
SEY        91.8 346.0 151.6   0.1 3   0.0 999.9 0   1.0 3   0.0 520.9 0  20.0 3   0.0  78.8 1
SSB       160.3 359.0   1.2   0.1 3   0.0 197.5 0   1.0 3   0.0 200.4 0
UNM        86.9  67.1 241.8   0.1 3   0.0 999.9 0   1.0 3   0.0 999.9 0  20.0 3  17.8  77.8 0
WFM       117.1  53.6 259.7   0.1 3   0.0 703.4 0
WUS       117.2 304.8 100.8   0.1 3   0.0 999.9 0   1.0 3   0.0 999.9 0

  1990 10 17  14 30 14.9   -10.950   -70.730  616.1  6.7  0.0  seed seed.dat                  101790B
AGD       115.0  82.4 263.3   0.1 3   0.0 999.9 0   5.0 3   0.0 109.7 0
CAN       120.5 217.3 133.4   0.1 3   0.0 999.9 0   1.0 3   0.0 999.9 0  20.0 3   0.0  53.4 0
CAY        24.2  50.2 229.2   0.1 3   0.0 999.9 0   5.0 3   0.0  94.9 0
CRZF      103.2 143.3 238.0   0.1 3   0.0 999.9 0   1.0 3   0.0 999.9 0   5.0 3   0.0 113.8 0
DRV        99.3 191.9 149.5   0.1 3   0.0 999.9 0   1.0 3   0.0 999.9 0   5.0 3   0.0 102.8 0
HYB       149.6  74.5 278.5   0.1 3   0.0 999.9 0   1.0 3   0.0 999.9 0  20.0 3   0.0  49.5 0
INU       145.0 318.3  52.4   0.1 3   0.0 999.9 0   1.0 3   0.0 999.9 0  20.0 3   0.0  50.0 0
KIP        91.5 291.3 101.0   0.1 3   0.0 999.9 0   1.0 3   0.0 999.9 0  20.0 3   0.0  57.0 0
MBO        59.0  65.9 247.7   0.1 3   0.0 999.9 0   1.0 3   0.0 999.9 0   5.0 3   0.0 224.7 0
NOUC      115.1 239.2 114.7   0.1 3   0.0 999.9 0   1.0 3   0.0 999.9 0   5.0 3   0.0 177.8 0
PAF       110.7 153.9 221.3   0.1 3   0.0 999.9 0   1.0 3   0.0 999.9 0   5.0 3   0.0 140.8 0
PPT        76.2 254.4  97.4   0.1 3   0.0 999.9 0
SCZ        67.2 317.5 124.4   0.1 3   0.0 999.9 0   5.0 3   0.0 100.0 0
SEY       119.7 338.9  50.4   0.1 3   0.0 999.9 0   1.0 3   0.0 387.1 0  20.0 3   0.0  55.0 0
SSB        87.6  43.2 252.1   0.1 3   0.0  63.8 0   1.0 3   0.0  66.6 0  20.0 3   0.0  46.5 0
UNM        41.2 316.8 134.6   0.1 3   0.0 999.9 0   1.0 3   0.0 999.9 0  20.0 3   0.0  38.0 0
WFM        53.4 359.3 179.1   0.1 3   0.0 569.6 0   5.0 3   0.0 100.2 0
WUS       139.9  36.1 310.6   0.1 3   0.0 999.9 0   1.0 3   0.0 999.9 0  20.0 3   0.0  49.9 0

  1990 10 18  22 21 15.0    -3.160   143.360   15.0  5.5  4.5  seed seed.dat                  101890A
AGD       100.9 281.0  90.9   0.1 3   0.0 999.9 0
CAN        32.5 171.4 349.4   0.1 3   0.0 999.9 0   1.0 3   0.0 999.9 0
CAY       164.3  83.2 276.1   0.1 3   0.0 999.9 0
CRZF       88.8 223.7  93.4   0.1 3   0.0 954.6 0   1.0 3   0.0 939.7 0
DRV        63.5 181.5   3.7   0.1 3   0.0 999.9 0   1.0 3   0.0 999.9 0
HYB        67.1 290.3 101.1   0.1 3   0.0 999.9 0   1.0 3   0.0 521.3 0
INU        38.9 351.7 169.9   0.1 3   0.0 999.9 0   1.0 3   0.0 999.9 0
KIP        62.3  63.9 254.4   0.1 3   0.0 999.9 0   1.0 3   0.0 999.9 0
MBO       157.6 301.0  61.5   0.1 3   0.0 999.9 0   1.0 3   0.0 999.9 0   5.0 3   0.0  37.7 0
NOUC       29.2 132.1 307.0   0.1 3   0.0 318.6 0   1.0 3   0.0  78.7 0
PAF        76.7 220.0  79.3   0.1 3   0.0 999.9 0   1.0 3   0.0 999.9 0
PPT        67.2 107.6 273.9   0.1 3   0.0 999.9 0
SCZ        96.1  53.7 270.8   0.1 3   0.0 999.9 0
SEY        66.4   4.5 189.9   0.1 3   0.0 999.9 0   1.0 3   0.0 999.9 0  20.0 3   0.7  60.7 0
SSB       124.7 325.5  52.8   0.1 3   0.0 999.9 0   1.0 3   0.0 999.9 0
UNM       116.9  70.1 276.6   0.1 3   0.0 999.9 0   1.0 3   0.0 999.9 0
WFM       129.9  33.4 312.2   0.1 3   0.0 999.9 0
WUS        73.0 314.7 109.9   0.1 3   0.0 999.9 0   1.0 3   0.0 999.9 0

  1990 10 20   8  7 30.5    37.060   103.540   15.0  5.5  5.8  seed seed.dat                  102090A
AGD        59.8 261.5  53.8   0.1 3   0.0 999.9 0
CAN        83.6 144.0 324.9   0.1 3   0.0 999.9 0   1.0 3   0.0 999.9 0
CAY       132.4 326.7  26.3   0.1 3   0.0 999.9 0
CRZF       95.3 213.1  39.2   0.1 3   0.0 278.3 0   1.0 3   0.0 298.5 0
DRV       107.3 165.6 330.1   0.1 3   0.0 999.9 0   1.0 3   0.0 999.9 0
HYB        29.5 235.1  43.4   0.1 3   0.0 999.9 0   1.0 3   0.0 999.9 0  20.0 3   0.0  43.8 0
INU        27.0  83.4 283.6   0.1 3   0.0 999.9 0   1.0 3   0.0 999.9 0  20.0 3   0.0  40.8 0
KIP        83.7  67.8 307.3   0.1 3   0.0 999.9 0   1.0 3   0.0 999.9 0
MBO       104.1 300.7  45.2   0.1 3   0.0 999.9 0   1.0 3   0.0 999.9 0   5.0 3   0.0  91.5 0
PAF        91.1 201.1  26.2   0.1 3   0.0 999.9 0   1.0 3   0.0 999.9 0   5.0 3  23.5  51.5 0
PPT       113.7  94.3 303.2   0.1 3   0.0 999.9 0
SCZ        95.6  34.7 325.5   0.1 3   0.0 999.9 0
SEY        39.2  32.9 252.2   0.1 3   0.0 999.9 0   1.0 3   0.0 999.9 0  20.0 3   0.0  48.4 0
SSB        70.2 312.3  56.9   0.1 3   0.0 952.3 0   1.0 3   0.0 999.9 0  20.0 3   8.4  68.4 0
UNM       119.8  24.8 339.2   0.1 3   0.0 999.9 0   1.0 3   0.0 600.0 0
WFM       100.4 356.3   4.0   0.1 3   0.0 999.9 0
WUS        19.3 289.9  94.4   0.1 3   0.0 999.9 0   1.0 3   0.0 999.9 0  20.0 3   0.0  36.6 0

  1990 10 21  15 10 43.6    -4.160   -77.290  108.1  5.7  0.0  seed seed.dat                  102190A
AGD       120.3  79.2 272.0   0.1 3   0.0 999.9 0
CAN       121.4 223.8 122.6   0.1 3   0.0 999.9 0   1.0 3   0.0 999.9 0
CAY        26.5  70.3 250.5   0.1 3   0.0 999.9 0
CRZF      112.5 144.5 236.6   0.1 3   0.0 999.9 0   1.0 3   0.0 999.9 0
DRV       104.4 194.4 141.5   0.1 3   0.0 999.9 0   1.0 3   0.0 999.9 0
HYB       152.9  59.2 296.7   0.1 3   0.0 999.9 0   1.0 3   0.0 861.6 0
INU       135.6 318.7  53.2   0.1 3   0.0 999.9 0   1.0 3   0.0 999.9 0
KIP        82.9 292.1  97.2   0.1 3   0.0 999.9 0   1.0 3   0.0 999.9 0
MBO        62.6  71.6 257.6   0.1 3   0.0 999.9 0   1.0 3   0.0 999.9 0   5.0 3   8.3  40.3 0
PAF       119.6 156.2 217.9   0.1 3   0.0 999.9 0   1.0 3   0.0 999.9 0
PPT        71.9 253.0  88.7   0.1 3   0.0 999.9 0
SCZ        57.8 318.5 124.7   0.1 3   0.0 999.9 0
SEY       111.0 338.0  54.4   0.1 3   0.0 529.1 0   1.0 3   0.0 999.9 0
SSB        87.2  44.4 261.5   0.1 3   0.0 999.9 0   1.0 3   0.0 999.9 1  20.0 3   0.0  57.2 0
UNM        31.8 318.0 135.0   0.1 3   0.0 999.9 0   1.0 3   0.0 999.9 0
WFM        47.0   5.9 188.0   0.1 3   0.0 999.9 0
WUS       137.5  26.5 324.2   0.1 3   0.0 999.9 0   1.0 3   0.0 999.9 0

  1990 10 21  19  5 48.1   -20.260  -178.230  517.7  5.2  0.0  seed seed.dat                  102190B
AGD       139.7 263.6 107.5   0.1 3   0.0 999.9 0
CAN        32.5 235.5  71.3   0.1 3   0.0 999.9 0   1.0 3   0.0 999.9 0
CAY       125.3  98.7 248.8   0.1 3   0.0 999.9 0
CRZF       99.6 212.5 133.2   0.1 3   0.0 999.9 0   1.0 3   0.0 999.9 0
DRV        53.5 199.2  51.1   0.1 3   0.0 999.9 0   1.0 3   0.0 999.9 0
HYB       107.9 282.2 106.0   0.1 3   0.0 999.9 0   1.0 3   0.0 626.6 0
INU        69.8 322.1 135.1   0.1 3   0.0 999.9 0   1.0 3   0.0 999.9 0
KIP        46.0  26.7 206.9   0.1 3   0.0 999.9 0   1.0 3   0.0 999.9 0
MBO       161.2 105.8 249.8   0.1 3   0.0 999.9 0   1.0 3   0.0 999.9 0   5.0 3   0.0  21.2 0
PAF        87.9 217.4 119.3   0.1 3   0.0 999.9 0   1.0 3   0.0 999.9 0
PPT        27.2  89.2 259.8   0.1 3   0.0 999.9 0
SCZ        78.0  43.6 233.6   0.1 3   0.0 999.9 0
SEY        86.2 347.0 152.4   0.1 3   0.0 294.0 0   1.0 3   0.0 999.9 0  20.0 3   0.0  58.1 0
SSB       154.9 355.3   6.1   0.1 3   0.0 999.9 0   1.0 3   0.0 999.9 0
UNM        86.9  68.3 247.5   0.1 3   0.0 999.9 0   1.0 3   0.0 999.9 0
WFM       115.6  51.8 265.7   0.1 3   0.0 999.9 0
WUS       112.4 307.1  97.5   0.1 3   0.0 999.9 0   1.0 3   0.0 999.9 0

  1990 10 21  22 53 27.3    -8.580   123.260   64.7  5.1  4.7  seed seed.dat                  102190C
AGD        82.5 282.8 100.3   0.1 3   0.0 999.9 0
CAN        35.6 142.3 312.3   0.1 3   0.0 999.9 0   1.0 3   0.0 999.9 0
CAY       174.3 230.0 129.1   0.1 3   0.0 999.9 0   5.0 3   0.0   7.7 0
CRZF       71.0 223.9  82.5   0.1 3   0.0 999.9 0   1.0 3   0.0 999.9 0
DRV        59.2 172.3 340.6   0.1 3   0.0 999.9 0   1.0 3   0.0 999.9 0
HYB        51.2 300.4 116.7   0.1 3   0.0 999.9 0   1.0 3   0.0 398.9 0
INU        45.7  15.8 199.3   0.1 3   0.0 999.9 0   1.0 3   0.0 999.9 0
KIP        82.8  67.1 258.0   0.1 3   0.0 999.9 0   1.0 3   0.0 999.9 0
MBO       140.6 282.0  85.8   0.1 3   0.0 999.9 0   1.0 3   0.0 999.9 0
PAF        60.0 217.1  66.0   0.1 3   0.0 999.9 0   1.0 3   0.0 999.9 0
PPT        84.8 107.0 262.6   0.1 3   0.0 999.9 0
SCZ       115.4  53.7 278.7   0.1 3   0.0 999.9 0
SEY        74.8  13.3 210.0   0.1 3   0.0  66.4 0   1.0 3   0.0 999.9 0
SSB       116.1 316.3  74.7   0.1 3   0.0 999.9 0   1.0 3   0.0 999.9 0
UNM       137.6  70.9 278.8   0.1 3   0.0 999.9 0   1.0 3   0.0 999.9 0
WFM       143.6  18.6 335.1   0.1 3   0.0 999.9 0
WUS        64.0 324.3 130.0   0.1 3   0.0 999.9 0   1.0 3   0.0 999.9 0

  1990 10 22  14 35 22.1   -15.970  -173.400   15.0  5.6  5.2  seed seed.dat                  102290A
AGD       144.6 267.2 101.1   0.1 3   0.0 999.9 0
CAN        38.7 232.9  69.9   0.1 3   0.0 999.9 0   1.0 3   0.0 999.9 0
CAY       121.2  94.1 254.5   0.1 3   0.0 564.5 0
CRZF      105.6 210.6 135.0   0.1 3   0.0 999.9 0   1.0 3   0.0 999.9 0
DRV        59.1 199.7  54.6   0.1 3   0.0 999.9 0   1.0 3   0.0 999.9 0
HYB       111.5 282.6 100.5   0.1 3   0.0 999.9 0   1.0 3   0.0 894.0 0
INU        69.5 318.3 128.4   0.1 3   0.0 999.9 0   1.0 3   0.0 999.9 0
KIP        40.2  22.6 203.4   0.1 3   0.0 999.9 0   1.0 3   0.0 999.9 0
MBO       157.2  91.3 263.5   0.1 3   0.0 999.9 0   1.0 3   0.0 999.9 0
PAF        94.1 215.9 120.4   0.1 3   0.0 999.9 0   1.0 3   0.0 999.9 0
PPT        22.9  97.4 270.4   0.1 3   0.0 999.9 0
SCZ        71.8  42.0 233.1   0.1 3   0.0 999.9 0
SEY        83.2 345.0 146.9   0.1 3   0.0 999.9 0   1.0 3   0.0 103.7 0  20.0 3   0.0  10.6 0
SSB       150.7   3.0 356.0   0.1 3   0.0 999.9 0   1.0 3   0.0 999.9 0
UNM        81.0  67.0 249.7   0.1 3   0.0 999.9 0   1.0 3   0.0 999.9 0
WFM       109.4  50.1 266.1   0.1 3   0.0 999.9 0
WUS       113.4 308.2  90.8   0.1 3   0.0 999.9 0   1.0 3   0.0 999.9 0

  1990 10 23   4  8  1.8   -21.450  -179.640  610.0  5.2  0.0  seed seed.dat                  102390A
AGD       138.2 262.9 109.1   0.1 3   0.0 999.9 0
CAN        30.7 236.4  71.7   0.1 3   0.0 999.9 0   1.0 3   0.0 999.9 0
CRZF       97.8 213.1 132.8   0.1 3   0.0 999.9 0   1.0 3   0.0 999.9 0
DRV        51.9 199.1  50.0   0.1 3   0.0 999.9 0   1.0 3   0.0 999.9 0   5.0 3   0.0  33.0 0
HYB       106.9 282.3 107.5   0.1 3   0.0 999.9 0   1.0 3   0.0  81.3 0
INU        70.0 323.3 137.0   0.1 3   0.0 999.9 0   1.0 3   0.0 999.9 0
KIP        47.7  27.8 207.8   0.1 3   0.0 999.9 0   1.0 3   0.0 999.9 0
MBO       162.1 111.0 245.0   0.1 3   0.0 999.9 0   1.0 3   0.0 999.9 0   5.0 3   0.0  11.0 0
PAF        86.2 217.9 118.9   0.1 3   0.0 999.9 0   1.0 3   0.0 999.9 0
PPT        28.6  87.6 257.3   0.1 3   0.0 999.9 0
SCZ        79.8  44.1 233.7   0.1 3   0.0 999.9 0
SEY        87.1 347.6 154.0   0.1 3   0.0 999.9 0   1.0 3   0.0 999.9 0  20.0 3  11.9  71.9 0
SSB       156.0 352.7   9.5   0.1 3   0.0 999.9 0   1.0 3   0.0 999.9 0
UNM        88.5  68.8 246.9   0.1 3   0.0 999.9 0   1.0 3   0.0 999.9 0
WFM       117.4  52.3 265.6   0.1 3   0.0 999.9 0
WUS       112.0 306.9  99.4   0.1 3   0.0 999.9 0   1.0 3   0.0 999.9 0

  1990 10 23  15 14 28.7    -5.710   153.770   40.3  5.4  4.8  seed seed.dat                  102390B
AGD       111.6 280.0  91.5   0.1 3   0.0 999.9 0
CAN        29.9 187.9   9.6   0.1 3   0.0 999.9 0   1.0 3   0.0 999.9 0
CRZF       94.0 222.7 102.7   0.1 3   0.0 999.9 0   1.0 3   0.0 999.9 0
DRV        61.6 186.2  15.6   0.1 3   0.0 999.9 0   1.0 3   0.0 999.9 0
HYB        77.7 289.1  99.9   0.1 3   0.0 999.9 0   1.0 3   0.0 999.9 0
INU        43.9 340.1 155.5   0.1 3   0.0 999.9 0   1.0 3   0.0 999.9 0
KIP        54.5  58.7 245.9   0.1 3   0.0 999.9 0   1.0 3   0.0 999.9 0  20.0 3   0.8  60.8 0
MBO       167.4 313.8  46.9   0.1 3   0.0 999.9 0   1.0 3   0.0 999.9 0   5.0 3  32.5  64.5 0
NOUC       20.3 144.6 321.5   0.1 3   0.0 999.9 0   1.0 3   0.0 999.9 0   5.0 3   0.0  16.5 0
PAF        81.5 221.1  89.0   0.1 3   0.0 999.9 0   1.0 3   0.0 999.9 0
PPT        56.5 107.2 274.7   0.1 3   0.0 999.9 0
SCZ        89.2  53.3 262.5   0.1 3   0.0 999.9 0
SEY        68.6 359.3 178.5   0.1 3   0.0 999.9 0   1.0 3   0.0 999.9 0
SSB       132.3 330.7  43.2   0.1 3   0.0 999.9 0   1.0 3   0.0 999.9 0
UNM       107.9  71.7 270.3   0.1 3   0.0 999.9 0   1.0 3   0.0 999.9 0
WFM       125.7  40.3 299.8   0.1 3   0.0 999.9 0
WUS        82.3 312.7 104.4   0.1 3   0.0 999.9 0   1.0 3   0.0 980.4 0

  1990 10 24   6 15 20.7    38.170  -119.320   15.0  5.2  5.1  seed seed.dat                  102490A
AGD       127.7  22.2 342.2   0.1 3   0.0 999.9 0
CAN       112.0 242.0  58.4   0.1 3   0.0 999.9 0   1.0 3   0.0 999.9 0
CAY        68.9 100.5 309.0   0.1 3   0.0 999.9 0
CRZF      169.5 143.3 220.1   0.1 3   0.0 999.9 0   1.0 3   0.0 999.9 0
DRV       128.6 210.2  82.1   0.1 3   0.0 999.9 0   1.0 3   0.0 999.9 0
HYB       122.1 339.9  16.6   0.1 3   0.0 999.9 0   1.0 3   0.0 999.9 0
INU        78.2 305.9  51.3   0.1 3   0.0 999.9 0   1.0 3   0.0 999.9 0
KIP        37.2 254.6  54.6   0.1 3   0.0 999.9 0   1.0 3   0.0 999.9 0
MBO        90.6  71.0 309.7   0.1 3   0.0 999.9 0   1.0 3   0.0 999.9 0   5.0 3   0.0  91.7 0
NOUC       92.0 243.5  49.5   0.1 3   0.0 999.9 0   1.0 3   0.0 999.9 0
PAF       166.9 209.3 145.8   0.1 3   0.0 999.9 0   1.0 3   0.0 999.9 0
PPT        62.4 212.9  26.7   0.1 3   0.0 999.9 0
SCZ         2.3 227.2  46.0   0.1 3   0.0 999.9 0   5.0 3   0.0  91.1 0
SEY        56.0 326.6  71.6   0.1 3   0.0 999.9 0   1.0 3   0.0 963.7 0  20.0 3   2.6  62.6 0
SSB        82.6  36.1 318.8   0.1 3   0.0 999.9 0   1.0 3   0.0 999.9 0  20.0 3  14.6  74.6 0
UNM        25.7 131.3 321.2   0.1 3   0.0 999.9 0   1.0 3   0.0 999.9 0  20.0 3   0.0  44.9 0
WFM        36.3  67.4 279.5   0.1 3   0.0 999.9 0
WUS        99.0 346.0  14.6   0.1 3   0.0 999.9 0   1.0 3   0.0  79.5 0

  1990 10 24  12 18 16.1   -16.160  -171.940   45.5  5.4  4.8  seed seed.dat                  102490B
AGD       146.0 266.4 101.5   0.1 3   0.0 999.9 0   5.0 3   0.0  17.6 0
CAN        39.7 233.7  71.5   0.1 3   0.0 999.9 0   1.0 3   0.0 999.9 0
CAY       119.8  93.7 254.4   0.1 3   0.0 999.9 0
CRZF      106.1 209.8 136.3   0.1 3   0.0 999.9 0   1.0 3   0.0 999.9 0
DRV        59.4 200.1  56.2   0.1 3   0.0 999.9 0   1.0 3   0.0 999.9 0
HYB       112.9 282.2 100.4   0.1 3   0.0 999.9 0   1.0 3   0.0 999.9 0
INU        70.5 317.5 127.4   0.1 3   0.0 999.9 0   1.0 3   0.0 999.9 0
KIP        39.9  20.5 201.2   0.1 3   0.0 999.9 0   1.0 3   0.0 999.9 0
MBO       155.8  91.3 263.0   0.1 3   0.0 999.9 0   1.0 3   0.0 999.9 0
NOUC       21.4 250.6  77.8   0.1 3   0.0 654.6 0   1.0 3   0.0 654.7 0   5.0 3   0.0  16.7 0
PAF        94.7 215.4 121.7   0.1 3   0.0 999.9 0   1.0 3   0.0 999.9 0
PPT        21.4  97.0 270.4   0.1 3   0.0 999.9 0
SCZ        71.0  41.2 231.8   0.1 3   0.0 999.9 0
SEY        83.7 344.4 145.6   0.1 3   0.0 701.6 0   1.0 3   0.0 600.8 0  20.0 3   0.0 105.7 0
SSB       150.8   5.1 353.1   0.1 3   0.0 701.6 0   1.0 3   0.0 999.9 0
UNM        79.8  66.5 249.0   0.1 3   0.0 999.9 0   1.0 3   0.0 999.9 0
WFM       108.4  50.0 265.0   0.1 3   0.0 999.9 0
WUS       114.6 308.1  90.0   0.1 3   0.0 999.9 0   1.0 3   0.0 999.9 0

  1990 10 24  23 38 15.2    43.790    83.990   15.0  5.4  4.7  seed seed.dat                  102490C
AGD        47.9 240.6  40.0   0.1 3   0.0 999.9 0
CAN        98.6 131.3 318.3   0.1 3   0.0 999.9 0   1.0 3   0.0 999.9 0
CAY       117.5 309.3  34.3   0.1 3   0.0 999.9 0
CRZF       94.4 201.7  22.8   0.1 3   0.0 999.9 0   1.0 3   0.0 999.9 0
DRV       118.3 157.9 316.9   0.1 3   0.0 999.9 0   1.0 3   0.0 999.9 0   5.0 3  14.8 102.8 0
HYB        26.7 191.6   8.8   0.1 3   0.0 999.9 0   1.0 3   0.0 729.3 0  20.0 3   0.0  48.5 0
INU        41.1  83.1 298.5   0.1 3   0.0 999.9 0   1.0 3   0.0 999.9 0
KIP        93.7  55.4 320.2   0.1 3   0.0 999.9 0   1.0 3   0.0 999.9 0
MBO        87.8 288.0  45.3   0.1 3   0.0 999.9 0   1.0 3   0.0 999.9 0   5.0 3   0.7  36.7 0
NOUC       99.8 111.0 313.2   0.1 3   0.0 524.6 0   1.0 3   0.0 704.7 0
PAF        93.7 189.0  10.0   0.1 3   0.0 999.9 0   1.0 3   0.0 999.9 0
PPT       128.1  76.9 312.1   0.1 3   0.0 999.9 0
SCZ        96.6  20.3 341.8   0.1 3   0.0 999.9 0
SEY        42.6  38.8 276.7   0.1 3   0.0 999.9 1
SSB        54.3 301.5  61.0   0.1 3   0.0 999.9 1   1.0 3   0.0 628.8 0  20.0 3   5.7  65.7 0
UNM       117.0   3.3 357.4   0.1 3   0.0 999.9 0   1.0 3   0.0 999.9 0
WFM        91.0 342.2  17.4   0.1 3   0.0 999.9 0
WUS         4.4 235.4  52.1   0.1 3   0.0 999.9 0   1.0 3   0.0 999.9 0  20.0 3   0.0  33.0 0

  1990 10 25   3 24  8.4    23.740  -108.250   15.0  5.0  4.6  seed seed.dat                  102590A
AGD       134.9  41.8 321.3   0.1 3   0.0 999.9 0
CAN       113.4 240.5  77.0   0.1 3   0.0 999.9 0   1.0 3   0.0 999.9 0
CAY        56.9  99.9 295.1   0.1 3   0.0 999.9 0
CRZF      152.3 149.3 221.5   0.1 3   0.0 999.9 0   1.0 3   0.0 999.9 0
DRV       120.2 205.4 100.4   0.1 3   0.0 999.9 0   1.0 3   0.0 999.9 0
HYB       138.4 350.2   9.4   0.1 3   0.0 999.9 0   1.0 3   0.0 503.4 0  20.0 3   0.0 116.6 0
INU        94.6 311.9  56.5   0.1 3   0.0 999.9 0   1.0 3   0.0 999.9 0
KIP        45.8 277.4  77.2   0.1 3   0.0 999.9 0   1.0 3   0.0 999.9 0  20.0 3   0.0  55.1 0
MBO        85.4  76.2 293.3   0.1 3   0.0 999.9 0   1.0 3   0.0 999.9 0   5.0 3  18.9  50.9 0
NOUC       94.8 248.2  66.6   0.1 3   0.0 298.7 0   1.0 3   0.0 478.8 0
PAF       154.4 177.6 183.2   0.1 3   0.0 999.9 0   1.0 3   0.0 999.9 0
PPT        57.6 228.3  45.8   0.1 3   0.0 999.9 0
SCZ        17.1 321.5 134.8   0.1 3   0.0 999.9 0
SEY        73.2 331.9  70.6   0.1 3   0.0 999.9 0   1.0 3  36.9 315.9 0
SSB        88.0  40.5 302.5   0.1 3   0.0 999.9 0   1.0 3   0.0 402.9 0
UNM         9.5 115.7 299.1   0.1 3   0.0 999.9 0   1.0 3   0.0 999.9 0  20.0 3   0.0  36.1 0
WFM        35.7  49.2 250.0   0.1 3   0.0 999.9 0
WUS       114.9 353.8   7.5   0.1 3   0.0 999.9 0   1.0 3   0.0 999.9 0

  1990 10 25   4 53 46.5    35.190    70.740  135.7  6.1  4.8  seed seed.dat                  102590B
AGD        34.6 234.0  42.5   0.1 3   0.0 999.9 0   5.0 3  27.2 147.2 0
CAN       101.3 125.1 305.0   0.1 3   0.0 999.9 0   1.0 3   0.0 999.9 0
CAY       113.3 294.8  48.3   0.1 3   0.0 999.9 0
CRZF       83.2 193.1  15.5   0.1 3   0.0 999.9 0   1.0 3   0.0 999.9 0
DRV       114.4 155.8 302.7   0.1 3   0.0 999.9 0   1.0 3   0.0 999.9 0
HYB        19.1 156.5 340.0   0.1 3   0.0 999.9 0   1.0 3   0.0 413.8 0  20.0 3   0.0  27.0 0
INU        53.1  69.2 290.5   0.1 3   0.0 999.9 0   1.0 3   0.0 999.9 0
KIP       107.0  47.0 320.0   0.1 3   0.0 999.9 0   1.0 3   0.0 999.9 0  20.0 3  27.5  87.5 0
MBO        80.0 280.7  56.1   0.1 3   0.0 999.9 0   1.0 3   0.0 999.9 0   5.0 3  13.2  49.2 0
NOUC      106.8 105.2 301.5   0.1 3   0.0 209.1 0   1.0 3   0.0 389.2 0
PAF        84.4 180.3   0.4   0.1 3   0.0 999.9 0   1.0 3   0.0 999.9 0   5.0 3  17.2  49.2 0
PPT       140.2  74.0 303.9   0.1 3   0.0 999.9 0
SCZ       107.5  10.2 349.6   0.1 3   0.0 999.9 0
SEY        55.5  33.2 281.0   0.1 3   0.0 999.9 0   1.0 3   0.0 226.2 0
SSB        50.2 302.9  77.1   0.1 3   0.0 999.9 0   1.0 3   0.0 313.2 0  20.0 3   0.2  60.2 0
UNM       124.8 348.4  10.0   0.1 3   0.0 999.9 0   1.0 3   0.0 999.9 0
WFM        95.1 333.1  30.1   0.1 3   0.0 999.9 0
WUS         9.0  45.5 230.8   0.1 3   0.0 999.9 0   1.0 3   0.0 999.9 0  20.0 3   0.0  33.5 0

  1990 10 25  11  1 39.7     8.090   127.020   45.7  5.9  0.0  seed seed.dat                  102590C
AGD        82.8 280.7  83.2   0.1 3   0.0 999.9 0
CAN        48.0 155.6 330.0   0.1 3   0.0 999.9 0   1.0 3   0.0 999.9 0  20.0 3   0.0  52.0 0
CAY       167.0 357.1   2.9   0.1 3   0.0 778.2 0
CRZF       85.8 222.1  73.9   0.1 3   0.0 999.9 0   1.0 3   0.0 999.9 0   5.0 3   0.0  58.3 0
DRV        75.3 174.7 346.7   0.1 3   0.0 999.9 0   1.0 3   0.0 999.9 0   5.0 3   0.0  51.3 0
HYB        48.1 286.1  94.7   0.1 3   0.0 999.9 0   1.0 3   0.0  45.9 0  20.0 3   0.0  39.1 0
INU        28.7  17.2 201.1   0.1 3   0.0 999.9 0   1.0 3   0.0 999.9 0  20.0 3   0.0  36.6 0
KIP        73.1  70.1 272.3   0.1 3   0.0 999.9 0   1.0 3   0.0 999.9 0  20.0 3   0.0  45.6 0
MBO       137.8 302.0  60.0   0.1 3   0.0 999.9 0   1.0 3   0.0 999.9 0   5.0 3   1.3 145.3 0
NOUC       48.9 128.7 303.5   1.0 3   0.0  21.3 0   5.0 3   0.0  37.3 0
PAF        75.7 214.4  58.9   0.1 3   0.0 999.9 0   1.0 3   0.0 999.9 0   5.0 3   0.0  61.3 0
PPT        86.2 108.2 279.6   0.1 3   0.0 999.9 0
SCZ       102.1  49.9 289.9   0.1 3   0.0 999.9 0
SEY        57.8  13.4 210.1   0.1 3   0.0 999.9 0  20.0 3   0.0  21.4 1
SSB       106.0 321.7  60.1   0.1 3   0.0 999.9 0   1.0 3   0.0 999.9 0  20.0 3   4.3  64.3 0
UNM       126.9  58.4 296.8   0.1 3   0.0 999.9 0   1.0 3   0.0 999.9 0  20.0 3  30.6  90.6 0
WFM       126.7  17.0 337.0   0.1 3   0.0 999.9 0
WUS        53.6 316.0 114.2   0.1 3   0.0 999.9 0   1.0 3   0.0 999.9 0  20.0 3   0.0  39.6 0

  1990 10 25  16 33 36.0    -6.410   155.130  152.6  5.8  0.0  seed seed.dat                  102590D
AGD       113.1 279.7  92.0   0.1 3   0.0 999.9 0
CAN        29.4 190.3  12.5   0.1 3   0.0 999.9 0   1.0 3   0.0 999.9 0
CAY       152.7  91.8 265.8   0.1 3   0.0 446.2 0
CRZF       94.4 222.4 104.2   0.1 3   0.0 999.9 0   1.0 3   0.0 999.9 0
DRV        61.1 186.8  17.3   0.1 3   0.0 999.9 0   1.0 3   0.0 999.9 0
HYB        79.2 289.0 100.1   0.1 3   0.0 999.9 0   1.0 3   0.0 999.9 0
INU        45.0 338.9 154.0   0.1 3   0.0 999.9 0   1.0 3   0.0 999.9 0
KIP        53.7  57.6 244.3   0.1 3   0.0 999.9 0   1.0 3   0.0 999.9 0  20.0 3   0.0  51.6 0
MBO       168.9 315.9  44.6   0.1 3   0.0 999.9 0   1.0 3   0.0 999.9 0   5.0 3  13.4  41.4 0
PAF        81.8 221.1  90.5   0.1 3   0.0 999.9 0   1.0 3   0.0 999.9 0
PPT        55.0 106.9 274.4   0.1 3   0.0 999.9 0
SCZ        88.6  53.1 261.2   0.1 3   0.0 999.9 0
SEY        69.3 358.7 177.1   0.1 3   0.0 999.9 0   1.0 3  17.4 611.4 0
SSB       133.6 331.3  42.1   0.1 3   0.0 999.9 0   1.0 3   0.0 999.9 0  20.0 3   0.0  56.3 0
UNM       106.9  71.9 269.2   0.1 3   0.0 999.9 0   1.0 3   0.0 999.9 0
WFM       125.3  41.2 298.0   0.1 3   0.0 999.9 0
WUS        83.7 312.5 104.0   0.1 3   0.0 999.9 0   1.0 3   0.0 999.9 0  20.0 3   0.0  43.7 0

  1990 10 26   5 49 36.7   -35.220   -15.940   15.0  5.1  5.5  seed seed.dat                  102690A
AGD        72.5  61.7 227.3   0.1 3   0.0 999.9 0   5.0 3  12.1 132.1 0
CAN       108.3 167.1 192.9   0.1 3   0.0 999.9 0   1.0 3   0.0 999.9 0  20.0 3  30.0  90.0 0
CAY        52.7 311.9 142.3   0.1 3   0.0 999.9 0
CRZF       51.0 124.6 257.0   0.1 3   0.0 999.9 0   1.0 3   0.0 999.9 0   5.0 3   0.0  46.4 0
DRV        76.6 170.4 200.0   0.1 3   0.0 623.2 0   1.0 3   0.0 803.4 0   5.0 3  15.4  59.4 0
HYB       103.5  78.3 237.2   0.1 3   0.0 999.9 0   1.0 3   0.0 999.9 0  20.0 3  18.5  78.5 0
INU       158.0  82.7 263.4   0.1 3   0.0 999.9 0   1.0 3   0.0 999.9 0
KIP       144.1 257.2 120.5   0.1 3   0.0 999.9 0   1.0 3   0.0 999.9 0  20.0 3  17.6  77.6 0
MBO        49.5 358.7 178.9   0.1 3   0.0 999.9 0   1.0 3   0.0 999.9 0   5.0 3   0.0  61.4 0
NOUC      122.8 182.5 177.8   0.1 3   0.0 999.9 0   1.0 3   0.0 999.9 0   5.0 3  19.4  87.4 0
PAF        61.9 132.4 247.7   0.1 3   0.0 999.9 0   1.0 3   0.0 999.9 0   5.0 3   0.0  49.4 0
PPT       111.4 227.7 140.5   0.1 3   0.0 999.9 0
SCZ       121.2 294.8 112.5   0.1 3   0.0 999.9 0
SEY       151.3  11.3 340.0   0.1 3   0.0 999.9 0   1.0 3   0.0 999.9 0  20.0 3  10.2 130.2 0
SSB        82.4  14.5 196.9   0.1 3   0.0 999.9 0   1.0 3   0.0 999.9 0  20.0 3  14.3  74.3 0
UNM        95.7 289.4 125.1   0.1 3   0.0 999.9 0   1.0 3   0.0 999.9 0
WFM        92.7 322.3 137.3   0.1 3   0.0 999.9 0
WUS       115.7  56.7 245.0   0.1 3   0.0 999.9 0   1.0 3   0.0 999.9 0  20.0 3  27.7  87.7 0

  1990 10 26  18 17 35.5    56.260   110.620   15.0  5.1  4.9  seed seed.dat                  102690B
AGD        68.2 257.9  33.8   0.1 3   0.0 999.9 0
CAN        97.0 149.1 339.5   0.1 3   0.0 999.9 0   1.0 3   0.0 999.9 0
CAY       117.3 340.9  10.6   0.1 3   0.0 999.9 0
CRZF      113.7 220.3  31.5   0.1 3   0.0 999.9 0   1.0 3   0.0 999.9 0
DRV       124.7 166.2 340.5   1.0 3   0.0  55.4 0
HYB        45.7 225.1  24.4   0.1 3   0.0 999.9 0   1.0 3   0.0 999.9 0  20.0 3   0.0  58.5 0
INU        27.5 128.2 327.6   0.1 3   0.0 999.9 0   1.0 3   0.0 438.4 0
KIP        73.1  76.5 324.4   0.1 3   0.0 999.9 0   1.0 3   0.0 999.9 0
MBO        97.1 309.4  26.4   0.1 3   0.0 999.9 0   1.0 3   0.0 999.9 0
NOUC       91.2 129.9 332.5   0.1 3   0.0 999.9 0   1.0 3   0.0 999.9 0
PAF       110.7 207.0  22.8   0.1 3   0.0 999.9 0   1.0 3   0.0 999.9 0
PPT       109.9  91.7 324.1   0.1 3   0.0 999.9 0
SCZ        77.4  40.4 333.3   0.1 3   0.0 999.9 0
SEY        21.8  55.0 271.5   0.1 3   0.0 999.9 0   1.0 3   0.0 999.9 0  20.0 3   0.0 178.2 0
SSB        61.3 309.5  37.6   0.1 3   0.0 999.9 0   1.0 3   0.0 999.9 0
UNM       100.5  28.4 343.7   0.1 3   0.0 999.9 0   1.0 3   0.0 999.9 0
WFM        81.3   1.6 358.8   0.1 3   0.0 999.9 0
WUS        25.3 246.9  42.8   0.1 3   0.0 999.9 0   1.0 3   0.0 999.9 0  20.0 3   0.0  41.7 0

  1990 10 28   6 53  1.4    49.460   156.510   42.7  5.4  4.9  seed seed.dat                  102890A
AGD        96.0 295.7  36.9   0.1 3   0.0 999.9 0
CAN        84.9 186.2   4.9   0.1 3   0.0 999.9 0   1.0 3   0.0 999.9 0
CAY       120.2  33.6 338.6   0.1 3   0.0 999.9 0
CRZF      131.5 243.5  57.7   0.1 3   0.0 999.9 0   1.0 3   0.0 999.9 0
DRV       116.6 187.3  12.0   0.1 3   0.0 999.9 0   1.0 3   0.0 999.9 0
HYB        69.1 272.8  43.0   0.1 3   0.0 999.9 0   1.0 3   0.0 999.9 0
INU        20.0 232.7  39.4   0.1 3   0.0 999.9 0   1.0 3   0.0 999.9 0
KIP        45.4 111.2 319.3   0.1 3   0.0 999.9 0   1.0 3   0.0 722.3 0
MBO       116.0 353.0   4.7   0.1 3   0.0 103.8 0   1.0 3   0.0 139.0 0
NOUC       71.9 170.4 353.3   0.1 3   0.0 999.9 0   1.0 3   0.0 999.9 0
PAF       123.2 231.4  51.3   0.1 3   0.0 999.9 0   1.0 3   0.0 999.9 0
PPT        82.1 128.7 327.8   0.1 3   0.0 846.8 0
SCZ        58.4  69.1 310.8   0.1 3   0.0 999.9 0
SEY        13.7 352.0 168.5   0.1 3   0.0 999.9 0   1.0 3   0.0 999.9 0  20.0 3   0.0  40.7 0
SSB        82.3 340.5  18.0   0.1 3   0.0 999.9 0   1.0 3   0.0 999.9 0
UNM        84.4  66.7 320.6   0.1 3   0.0 999.9 0   1.0 3   0.0 999.9 0
WFM        79.0  33.9 330.5   0.1 3   0.0 999.9 0
WUS        52.6 292.4  53.0   0.1 3   0.0 999.9 0   1.0 3   0.0 999.9 0  20.0 3   3.1  63.1 0

  1990 10 29   5 47 28.4   -63.720   171.740   15.0  5.2  4.9  seed seed.dat                  102990A
AGD       116.9 238.5 157.1   0.1 3   0.0 999.9 0
CAN        31.6 322.9 160.9   0.1 3   0.0 999.9 0   1.0 3   0.0 999.9 0  20.0 3   0.0 106.2 0
CAY       113.3 131.2 199.7   0.1 3   0.0 999.9 0
CRZF       60.3 223.5 153.7   0.1 3   0.0 999.9 0   1.0 3   0.0 999.9 0   5.0 3   8.5  68.5 0
DRV        13.5 243.4  92.3   0.1 3   0.0 999.9 0   1.0 3   0.0 999.9 0   5.0 3   0.0  46.5 0
HYB       106.9 274.9 152.3   0.1 3   0.0 999.9 0   1.0 3   0.0 999.9 0
INU       102.7 331.4 164.9   0.1 3   0.0 999.9 0   1.0 3   0.0 999.9 0
KIP        88.2  28.1 193.0   0.1 3   0.0 999.9 0   1.0 3   0.0 999.9 0
MBO       130.3 169.0 185.1   0.1 3   0.0 999.9 0   1.0 3   0.0 999.9 0   5.0 3  42.5 110.5 0
NOUC       41.8 352.4 176.4   1.0 3   0.0  49.5 0   5.0 3   0.0  49.5 0
PAF        51.6 234.6 146.3   1.0 3   0.0  46.5 0   5.0 3  34.5  38.5 0
SCZ       113.1  53.7 206.5   0.1 3   0.0 999.9 0
SEY       127.3 349.0 169.3   0.1 3   0.0 999.9 0   1.0 3   0.0 999.9 0
SSB       160.2 207.0 162.8   0.1 3   0.0 999.9 0   1.0 3   0.0 999.9 0
UNM       106.8  80.6 207.8   0.1 3   0.0 999.9 0   1.0 3   0.0 999.9 0
WFM       138.8  90.2 217.4   0.1 3   0.0 999.9 0
WUS       127.1 288.9 145.9   0.1 3   0.0 999.9 0   1.0 3   0.0 999.9 0

  1990 10 29   6 42 41.6   -55.960  -143.200   15.0  5.3  5.2  seed seed.dat                  102990B
AGD       135.4 188.4 175.2   0.1 3   0.0 999.9 0
CAN        49.4 264.8 136.8   0.1 3   0.0 999.9 0   1.0 3   0.0 999.9 0  20.0 3   0.0  51.0 0
CAY        94.6  88.2 214.4   0.1 3   0.0 999.9 0
CRZF       77.0 190.6 171.4   0.1 3   0.0 999.9 0   1.0 3   0.0 999.9 0   5.0 3   0.0  45.3 1
DRV        35.8 221.3 111.2   0.1 3   0.0 999.9 0   1.0 3   0.0 999.9 0   5.0 3   0.0  27.3 0
HYB       130.3 236.1 150.5   0.1 3   0.0 999.9 0   1.0 3   0.0 999.9 0  20.0 3   0.0  59.4 0
INU       113.4 298.7 142.8   0.1 3   0.0 999.9 0   1.0 3   0.0 999.9 0  20.0 3   1.6  61.6 0
KIP        78.2 345.9 171.5   0.1 3   0.0 999.9 0   1.0 3   0.0 999.9 0
MBO       121.8 113.5 212.3   0.1 3   0.0 999.9 0   1.0 3   0.0 999.9 0   5.0 3   0.0  55.3 0
SCZ        94.2  17.5 192.1   0.1 3   0.0 999.9 0
SEY       128.8 327.9 139.3   0.1 3   0.0 999.9 0   1.0 3   0.0 974.2 0  20.0 3  11.1  71.1 0
SSB       157.2 105.1 231.3   0.1 3   0.0 999.9 0   1.0 3   0.0 999.9 0
UNM        83.8  41.4 203.2   0.1 3   0.0 999.9 0   1.0 3   0.0 999.9 0
WFM       115.4  51.1 216.4   0.1 3   0.0 999.9 0
WUS       148.9 259.2 132.3   0.1 3   0.0 999.9 0   1.0 3   0.0 999.9 0

  1990 10 30   7 30  6.2     3.950   122.760  544.2  5.2  0.0  seed seed.dat                  103090A
AGD        79.4 281.0  88.0   0.1 3   0.0 999.9 0
CAN        46.3 149.9 322.3   0.1 3   0.0 999.9 0   1.0 3   0.0 999.9 0
CAY       169.9 331.0  29.0   0.1 3   0.0 999.9 0
CRZF       79.9 221.6  73.4   0.1 3   0.0 999.9 0   1.0 3   0.0 999.9 0
DRV        71.6 172.8 341.8   0.1 3   0.0 963.7 0   1.0 3   0.0 988.9 0
HYB        45.3 290.6 101.9   0.1 3   0.0 989.7 0   1.0 3   0.0 389.8 0  20.0 3  27.0  87.0 0
INU        34.0  21.2 206.2   0.1 3   0.0 999.9 0   1.0 3   0.0 999.9 0
KIP        78.5  69.0 269.9   0.1 3   0.0 999.9 0   1.0 3   0.0 681.0 0
MBO       136.1 295.4  68.3   0.1 3   0.0 831.7 0   1.0 3   0.0 931.9 0
PAF        69.9 213.6  57.7   0.1 3   0.0 999.9 0   1.0 3   0.0 999.9 0
PPT        89.0 107.6 274.3   0.1 3   0.0 999.9 0
SCZ       108.0  49.6 289.5   0.1 3   0.0 999.9 0
SEY        62.8  14.7 213.7   0.1 3   0.0 999.9 0   1.0 3   0.0 999.9 0  20.0 3  11.7 191.7 0
SSB       106.5 319.6  66.3   0.1 3   0.0 999.9 0   1.0 3   0.0 999.9 0
UNM       132.7  59.1 295.1   0.1 3   0.0 999.9 0   1.0 3   0.0 999.9 0
WFM       131.8  14.1 340.9   0.1 3   0.0 989.8 0
WUS        53.8 319.9 121.5   0.1 3   0.0 999.9 0   1.0 3   0.0 999.9 0

  1990 10 30  14  3 35.5    63.590   -25.140   15.0  4.9  4.4  seed seed.dat                  103090B
AGD        70.0 104.7 333.8   0.1 3   0.0 999.9 0
CAN       151.5  10.0 354.4   0.1 3   0.0 999.9 0   1.0 3   0.0 999.9 0
CAY        61.8 211.1  13.4   0.1 3   0.0 999.9 0
CRZF      125.3 124.2 327.6   0.1 3   0.0 999.9 0   1.0 3   0.0 999.9 0
DRV       173.0 120.6 248.5   0.1 3   0.0 570.2 0   1.0 3   0.0 595.4 0
HYB        80.4  70.0 333.9   0.1 3   0.0 596.2 0   1.0 3   0.0 999.9 0
INU        80.2  14.7 352.0   0.1 3   0.0 999.9 0   1.0 3   0.0 999.9 0
KIP        87.5 317.0  19.1   0.1 3   0.0 999.9 0   1.0 3   0.0 287.5 0
MBO        49.5 169.5 355.2   0.1 3   0.0 438.2 0   1.0 3   0.0 538.4 0
PAF       134.9 113.2 320.9   0.1 3   0.0 999.9 0   1.0 3   0.0 999.9 0
PPT       120.7 294.1  25.5   0.1 3   0.0 999.9 0
SCZ        60.4 293.4  30.6   0.1 3   0.0 999.9 0
SEY        53.6   1.4 358.6   0.1 3   0.0 999.9 0   1.0 3   0.0 999.9 0  20.0 3   0.0  40.2 0
SSB        24.8 123.5 328.2   0.1 3   0.0 999.9 0   1.0 3   0.0 999.9 0
UNM        65.7 264.7  28.1   0.1 3   0.0 999.9 0   1.0 3   0.0 999.9 0
WFM        33.7 254.0  35.6   0.1 3   0.0 596.3 0
WUS        59.7  57.7 330.0   0.1 3   0.0 999.9 0   1.0 3   0.0 999.9 0  20.0 3   6.5  66.5 0

  1990 10 31  14 39 26.1   -27.050   -71.070   73.3  5.6  0.0  seed seed.dat                  103190A
AGD       116.4  90.4 245.6   0.1 3   0.0 999.9 0
CAN       107.2 213.3 143.2   0.1 3   0.0 560.5 0   1.0 3   0.0 845.0 0
CAY        36.7  32.5 208.7   0.1 3   0.0 999.9 0   5.0 3   0.0 110.9 0
CRZF       90.4 144.6 228.3   0.1 3   0.0 999.9 0   1.0 3   0.0 999.9 0
DRV        83.5 191.9 152.5   0.1 3   0.0 999.9 0   1.0 3   0.0 999.9 0
HYB       150.4 103.1 246.2   0.1 3   0.0 999.9 0   1.0 3   0.0 999.9 0
INU       154.7 295.3  78.0   0.1 3   0.0 999.9 0   1.0 3   0.0 999.9 0
KIP        96.9 290.3 116.1   0.1 3   0.0 999.9 0   1.0 3   0.0 999.9 0
MBO        66.8  58.8 231.9   0.1 3   0.0 999.9 0   1.0 3   0.0 999.9 0   5.0 3   5.6  41.6 0
NOUC      106.0 234.2 128.7   0.1 3   0.0 999.9 0   1.0 3   0.0 999.9 0
PAF        96.3 155.8 214.0   0.1 3   0.0 622.4 0   1.0 3   0.0 822.5 0   5.0 3  26.6  54.6 0
PPT        72.2 258.9 113.5   0.1 3   0.0 999.9 0
SCZ        79.2 320.8 135.5   0.1 3   0.0 999.9 0
SEY       134.3 333.8  58.7   0.1 3   0.0 999.9 0   1.0 3   0.0 999.9 0  20.0 3  12.3  72.3 0
SSB        99.5  44.0 241.3   0.1 3   0.0 999.9 0   1.0 3   0.0 999.9 0
UNM        53.7 326.4 148.5   0.1 3   0.0 560.4 0   1.0 3   0.0 573.9 0
WUS       151.8  52.8 291.4   0.1 3   0.0 999.9 0   1.0 3   0.0 999.9 0

  1990 11  1   1 56 44.7   -56.490  -142.970   15.0  5.3  4.8  seed seed.dat                  110190A
AGD       134.9 188.0 175.5   0.1 3   0.0 999.9 0
CAN        49.5 265.0 137.5   0.1 3   0.0 194.3 0   1.0 3   0.0 167.7 0
CAY        94.5  88.0 213.8   0.1 3   0.0 999.9 0
CRZF       76.5 190.5 171.6   0.1 3   0.0 999.9 0   1.0 3   0.0 999.9 0
DRV        35.5 221.8 111.9   0.1 3   0.0 999.9 0   1.0 3   0.0 999.9 0   5.0 3   0.0  27.3 0
HYB       130.1 235.5 151.2   0.1 3   0.0 999.9 0   1.0 3   0.0 999.9 0
INU       113.7 298.3 143.2   0.1 3   0.0 999.9 0   1.0 3   0.0 999.9 0
KIP        78.8 345.7 171.5   0.1 3   0.0 999.9 0   1.0 3   0.0 999.9 0
MBO       121.4 113.6 211.8   0.1 3   0.0 999.9 0   1.0 3   0.0 999.9 0
NOUC       50.4 291.3 146.2   0.1 3   0.0 516.1 0   1.0 3   0.0 586.2 0   5.0 3   2.3  34.3 0
PAF        70.8 202.2 161.3   1.0 3   0.0 145.2 0   5.0 3  17.3  45.3 0
PPT        39.2 350.0 174.2   0.1 3   0.0 999.9 0
SCZ        94.7  17.3 191.8   0.1 3   0.0 999.9 0
SEY       129.3 327.6 139.5   0.1 3   0.0 999.9 0   1.0 3   0.0 999.9 0
SSB       156.9 106.0 230.0   0.1 3   0.0 999.9 0   1.0 3   0.0 999.9 0
UNM        84.1  41.2 202.7   0.1 3   0.0 999.9 0   1.0 3   0.0 999.9 0
WUS       148.9 258.1 133.4   0.1 3   0.0 999.9 0   1.0 3   0.0 999.9 0

  1990 11  1   3 39 43.7    -3.600   139.180   59.0  5.7  5.5  seed seed.dat                  110190B
AGD        96.9 281.1  92.2   0.1 3   0.0 999.9 0
CAN        32.9 165.1 341.7   0.1 3   0.0  91.3 0   1.0 3   0.0  64.7 0  20.0 3   0.0  45.9 0
CAY       168.5  83.2 276.5   0.1 3   0.0 999.9 0
CRZF       85.6 223.9  90.7   0.1 3   0.0 999.9 0   1.0 3   0.0 999.9 0   5.0 3  24.3  56.3 0
DRV        63.0 179.6 359.1   0.1 3   0.0 999.9 0   1.0 3   0.0 999.9 0   5.0 3   8.3  40.3 0
HYB        63.3 291.4 103.2   0.1 3   0.0 999.9 0   1.0 3   0.0 999.9 0
INU        38.9 357.2 176.6   0.1 3   0.0 999.9 0   1.0 3   0.0 999.9 0  20.0 3   0.0  50.6 0
KIP        66.3  64.9 255.9   0.1 3   0.0 999.9 0   1.0 3   0.0 999.9 0
MBO       154.1 295.9  67.4   0.1 3   0.0 999.9 0   1.0 3   0.0 999.9 0
NOUC       32.1 127.3 301.1   0.1 3   0.0 413.1 0   1.0 3   0.0 483.3 0   5.0 3   0.0  23.3 0
PAF        73.7 219.5  76.3   1.0 3   0.0  42.3 0   5.0 3  14.3  42.3 0
PPT        71.0 107.3 272.1   0.1 3   0.0 999.9 0
SCZ        99.7  53.7 272.9   0.1 3   0.0 999.9 0
SEY        67.2   6.5 194.3   0.1 3   0.0 999.9 0   1.0 3   0.0 999.9 0  20.0 3   0.0  56.0 0
SSB       122.6 323.3  57.2   0.1 3   0.0 999.9 0   1.0 3   0.0 999.9 0
UNM       121.0  69.7 277.8   0.1 3   0.0 999.9 0   1.0 3   0.0 999.9 0
WUS        70.4 316.1 113.3   0.1 3   0.0 999.9 0   1.0 3   0.0 999.9 0  20.0 3   0.0  42.4 0

  1990 11  1   4  3 18.2    -6.810   125.620  529.1  5.1  0.0  seed seed.dat                  110190C
AGD        84.3 282.2  98.0   0.1 3   0.0 999.9 0
CAN        35.6 146.1 317.3   0.1 3   0.0  67.8 0   1.0 3   0.0  71.1 1  20.0 3   0.0  22.4 0
CAY       177.2 226.7 131.1   0.1 3   0.0 999.9 0
CRZF       73.9 223.7  83.0   0.1 3   0.0 999.9 0   1.0 3   0.0 999.9 0   5.0 3   0.7  32.7 0
DRV        60.6 173.5 343.5   0.1 3   0.0 999.9 0   1.0 3   0.0 999.9 0   5.0 3   0.0  16.7 0
HYB        52.4 298.0 113.3   0.1 3   0.0 999.9 0   1.0 3   0.0 999.9 0
INU        43.4  13.6 196.7   0.1 3   0.0 999.9 0   1.0 3   0.0 999.9 0  20.0 3   0.0  27.0 0
KIP        79.9  66.9 258.7   0.1 3   0.0 999.9 0   1.0 3   0.0 999.9 0
MBO       142.5 284.6  82.1   0.1 3   0.0 999.9 0   1.0 3   0.0 999.9 0   5.0 3  29.7  65.7 0
NOUC       42.1 115.5 284.9   0.1 3   0.0 389.5 0   1.0 3   0.0 459.7 0
PAF        62.8 217.2  67.0   1.0 3   0.0  18.7 0   5.0 3   0.0  18.7 0
PPT        83.0 106.9 265.0   0.1 3   0.0 999.9 0
SCZ       112.5  53.3 278.7   0.1 3   0.0 999.9 0
SEY        72.6  12.5 208.0   0.1 3   0.0 999.9 0   1.0 3   0.0 999.9 0  20.0 3   0.0  32.5 0
SSB       116.4 317.5  71.5   0.1 3   0.0 999.9 0   1.0 3   0.0 999.9 0
UNM       134.8  69.7 280.1   0.1 3   0.0 999.9 0   1.0 3   0.0 999.9 0
WUS        64.0 322.5 126.7   0.1 3   0.0 999.9 0   1.0 3   0.0 999.9 0  20.0 3   0.0  18.8 0

  1990 11  1   6  6 52.7    -4.440  -104.950   15.0  5.1  5.5  seed seed.dat                  110190D
AGD       147.3  75.7 280.1   0.1 3   0.0 999.9 0
CAY        53.4  80.6 260.8   0.1 3   0.0 999.9 0
CRZF      125.2 160.5 208.6   0.1 3   0.0 999.9 0   1.0 3   0.0 999.9 0
DRV        95.6 201.3 115.0   0.1 3   0.0 999.9 0   1.0 3   0.0 999.9 0
HYB       166.6 345.3  15.1   0.1 3   0.0 999.9 0   1.0 3   0.0 999.9 0
INU       115.3 307.0  76.5   0.1 3   0.0 999.9 0   1.0 3   0.0 999.9 0
KIP        58.0 298.5 109.9   0.1 3   0.0 999.9 0   1.0 3   0.0 999.9 0  20.0 3   0.4  60.4 0
MBO        89.2  75.6 265.3   0.1 3   0.0 999.9 0   1.0 3   0.0 999.9 0   5.0 3  18.1  50.1 0
NOUC       87.2 248.1  93.8   0.1 3   0.0 266.0 0   1.0 3   0.0 336.1 0
PAF       126.2 176.1 185.9   0.1 3   0.0 999.9 0   1.0 3   0.0 999.9 0
PPT        45.6 249.8  78.8   0.1 3   0.0 999.9 0
SCZ        43.7 340.7 155.8   0.1 3   0.0 999.9 0
SEY        99.7 333.1  80.5   0.1 3   0.0 999.9 0   1.0 3   0.0 999.9 0  20.0 3  22.9 142.9 0
SSB       106.8  44.1 281.2   0.1 3   0.0 999.9 0   1.0 3   0.0 999.9 0
UNM        24.4  13.3 194.1   0.1 3   0.0 999.9 0   1.0 3   0.0 999.9 0  20.0 3   0.0  43.4 0
WUS       143.1 354.7   6.9   0.1 3   0.0 999.9 0   1.0 3   0.0 999.9 0

  1990 11  2   7 22 36.4   -21.410  -174.070   16.3  5.6  5.4  seed seed.dat                  110290A
AGD       143.4 260.0 110.2   0.1 3   0.0 999.9 0
CAY       121.3  97.7 248.1   0.1 3   0.0 999.9 0
CRZF      100.6 210.3 137.2   0.1 3   0.0 387.2 0   1.0 3   0.0 347.4 0
DRV        53.7 200.8  56.1   0.1 3   0.0 999.9 0   1.0 3   0.0 999.9 0
HYB       112.0 280.6 106.4   0.1 3   0.0 999.9 0   1.0 3   0.0 999.9 0
INU        73.2 319.8 132.7   0.1 3   0.0 999.9 0   1.0 3   0.0 999.9 0
KIP        45.5  21.2 201.3   0.1 3   0.0 999.9 0   1.0 3   0.0 999.9 0
MBO       157.2 104.6 249.4   0.1 3   0.0  66.2 0   1.0 3   0.0  66.4 0
NOUC       18.2 264.2  91.5   1.0 3  26.6 801.6 0
PAF        89.3 216.0 123.1   0.1 3   0.0 999.9 0   1.0 3   0.0 999.9 0
PPT        23.4  84.9 256.6   0.1 3   0.0 999.9 0
SCZ        76.3  41.3 229.8   0.1 3   0.0 999.9 0
SEY        88.3 345.3 148.9   0.1 3   0.0 999.9 0   1.0 3   0.0 999.9 0
SSB       156.1   2.5 356.8   0.1 3   0.0 999.9 0   1.0 3   0.0 999.9 0
UNM        83.7  66.6 244.9   0.1 3   0.0 999.9 0   1.0 3   0.0 999.9 0
WUS       116.2 306.2  96.0   0.1 3   0.0 997.2 0   1.0 3   0.0 927.3 0

  1990 11  2  12 50 17.3    41.340   141.970   59.3  5.3  0.0  seed seed.dat                  110290B
AGD        89.2 284.8  48.0   0.1 3   0.0 999.9 0   5.0 3  30.2 150.2 0
CAY       132.0  19.2 345.5   0.1 3   0.0 999.9 0
CRZF      118.5 232.1  59.2   0.1 3   0.0  59.6 0   1.0 3   0.0 999.9 1
DRV       107.8 180.8   1.6   0.1 3   0.0 999.9 0   1.0 3   0.0 999.9 0
HYB        58.8 266.3  51.9   0.1 3   0.0 999.9 0   1.0 3   0.0 999.9 0
INU         7.1 214.6  31.5   0.1 3   0.0 999.9 0   1.0 3   0.0 999.9 0  20.0 3   0.0  34.0 0
KIP        53.8  92.2 306.2   0.1 3   0.0 999.9 0   1.0 3   0.0 999.9 0  20.0 3   0.0  59.1 0
MBO       121.1 336.1  18.4   0.1 3   0.0 999.9 0   1.0 3   0.0 999.9 0   5.0 3  32.7  68.7 0
NOUC       67.2 155.4 340.3   0.1 3   0.0 473.8 0   1.0 3   0.0 473.9 0   5.0 3   8.0  39.9 0
PAF       110.2 221.6  49.8   0.1 3   0.0 999.9 0   1.0 3   0.0 999.9 0
PPT        86.3 117.1 315.3   0.1 3   0.0 999.9 0
SCZ        71.2  57.4 307.9   0.1 3   0.0 999.9 0
SEY        22.5  12.5 200.8   0.1 3   0.0 999.9 0   1.0 3   0.0 999.9 0
SSB        85.6 331.5  30.6   0.1 3   0.0 999.9 0   1.0 3   0.0 999.9 0  20.0 3  16.8  76.8 0
UNM        97.2  56.3 318.4   0.1 3   0.0 999.9 0   1.0 3   0.0 999.9 0
WUS        46.1 291.8  67.9   0.1 3   0.0 669.6 0   1.0 3   0.0 599.6 0  20.0 3   0.0  59.8 0

  1990 11  3   0 31 29.3   -21.510    33.260   15.0  5.0  5.1  seed seed.dat                  110390A
AGD        34.2  16.9 196.0   0.1 3   0.0 999.9 0
CAY        87.7 276.1 111.7   0.1 3   0.0 999.9 0
CRZF       29.1 153.0 322.3   0.1 3   0.0 708.4 0   1.0 3   0.0 698.5 0
DRV        76.8 157.0 246.2   0.1 3   0.0 999.9 0   1.0 3   0.0 999.9 0
HYB        58.9  52.5 230.7   0.1 3   0.0 999.9 0   1.0 3   0.0 350.2 0
INU       113.1  59.8 259.6   0.1 3   0.0 999.9 0   1.0 3   0.0 999.9 0
KIP       169.5  89.8 268.9   0.1 3   0.0 999.9 0   1.0 3   0.0 999.9 0
MBO        60.9 301.4 124.9   0.1 3   0.0 999.9 0   1.0 3   0.0 999.9 0
NOUC      116.9 130.7 229.6   0.1 3   0.0 999.9 0   1.0 3   0.0 999.9 0
PAF        40.3 142.6 300.0   0.1 3   0.0 999.9 0   1.0 3   0.0 999.9 0
PPT       140.9 175.7 184.2   0.1 3   0.0 999.9 0   5.0 3  16.0 136.0 0
SCZ       153.3 309.4  61.9   0.1 3   0.0 999.9 0
SEY       122.1  28.3 286.5   0.1 3   0.0 999.9 0   1.0 3   0.0 999.9 0  20.0 3  10.3  70.3 0
SSB        71.6 339.0 151.8   0.1 3   0.0 999.9 0   1.0 3   0.0 999.9 0
UNM       135.5 275.7 101.0   0.1 3   0.0 999.9 0   1.0 3   0.0 999.9 0
WUS        75.7  34.1 223.8   0.1 3   0.0 999.9 0   1.0 3   0.0 999.9 0

  1990 11  3  11 20 19.4    14.950    54.130   15.0  5.1  4.6  seed seed.dat                  110390B
AGD        11.5 254.2  71.6   0.1 3   0.0 999.9 0   5.0 3  27.1 147.1 0
CAY       104.5 279.3  73.2   0.1 3   0.0 999.9 0
CRZF       61.3 181.8   2.5   0.1 3   0.0  59.5 0   1.0 3   0.0  49.7 0
DRV       102.0 156.0 279.6   0.1 3   0.0 999.9 0   1.0 3   0.0 999.9 0
HYB        23.6  80.7 267.6   0.1 3   0.0 999.9 0   1.0 3   0.0 999.9 0  20.0 3   0.0  43.3 0
INU        75.8  56.7 278.5   0.1 3   0.0 999.9 0   1.0 3   0.0 999.9 0
KIP       131.9  41.7 316.4   0.1 3   0.0 999.9 0   1.0 3   0.0 999.9 0
MBO        68.5 279.9  79.3   0.1 3   0.0 490.5 0   1.0 3   0.0 510.6 0   5.0 3  14.7  46.7 0
NOUC      115.8 107.4 276.2   0.1 3   0.0 999.9 0   1.0 3   0.0 999.9 0
PAF        65.7 168.5 342.9   0.1 3   0.0 999.9 0   1.0 3   0.0 999.9 0
PPT       157.1  99.3 266.4   0.1 3   0.0 999.9 0
SCZ       128.4 355.4   5.5   0.1 3   0.0 999.9 0
SEY        80.5  27.3 284.2   0.1 3   0.0 999.9 0   1.0 3   0.0 429.5 0
SSB        51.4 316.6 109.6   0.1 3   0.0 999.9 0   1.0 3   0.0 999.9 0
UNM       136.9 321.7  39.3   0.1 3   0.0 999.9 0   1.0 3   0.0 999.9 0
WUS        34.0  34.9 227.1   0.1 3   0.0 999.9 0   1.0 3   0.0 999.9 0  20.0 3   0.0  53.8 0

  1990 11  3  14 17 50.4   -17.240  -178.600  609.9  5.2  0.0  seed seed.dat                  110390C
AGD       139.5 267.3 102.8   0.1 3   0.0 999.9 0
CAY       126.1  96.7 252.4   0.1 3   0.0 999.9 0
CRZF      101.9 213.0 131.3   0.1 3   0.0 999.9 0   1.0 3   0.0 999.9 0
DRV        56.2 198.5  49.5   0.1 3   0.0 999.9 0   1.0 3   0.0 999.9 0
HYB       106.9 283.3 103.0   0.1 3   0.0 999.9 0   1.0 3   0.0 999.9 0
INU        67.2 321.6 133.4   0.1 3   0.0 999.9 0   1.0 3   0.0 999.9 0
KIP        43.5  28.5 209.3   0.1 3   0.0 999.9 0   1.0 3   0.0 999.9 0
MBO       162.1  97.2 259.0   0.1 3   0.0 313.0 0   1.0 3   0.0 333.1 0   5.0 3   9.1  41.1 0
NOUC       15.0 248.8  73.9   0.1 3   0.0 999.9 0   1.0 3   0.0 999.9 0
PAF        90.1 217.5 117.2   0.1 3   0.0 999.9 0   1.0 3   0.0 999.9 0
PPT        27.7  95.1 266.2   0.1 3   0.0 999.9 0
SCZ        76.1  44.3 236.0   0.1 3   0.0 999.9 0
SEY        83.2 347.1 152.1   0.1 3   0.0 999.9 0   1.0 3   0.0 252.0 0
SSB       151.9 355.2   6.3   0.1 3   0.0 999.9 0   1.0 3   0.0 999.9 0  20.0 3   0.0  55.3 0
UNM        86.1  68.6 250.4   0.1 3   0.0 999.9 0   1.0 3   0.0 999.9 0
WFM       114.0  50.7 268.6   0.1 3  42.2 222.1 0
WUS       110.3 308.1  95.2   0.1 3   0.0 999.9 0   1.0 3   0.0 999.9 0

  1990 11  3  16 39 55.6    39.150    71.010   15.0  5.5  5.0  seed seed.dat                  110390D
AGD        37.2 230.0  37.4   0.1 3   0.0 999.9 0
CAY       111.8 296.5  44.4   0.1 3   0.0 999.9 0
CRZF       87.1 193.2  14.8   0.1 3   0.0 999.9 0   1.0 3   0.0 999.9 0
DRV       117.9 155.0 304.7   0.1 3   0.0 999.9 0   1.0 3   0.0 999.9 0
HYB        22.7 161.0 344.6   0.1 3   0.0 999.9 0   1.0 3   0.0 999.9 0  20.0 3   0.0  41.7 0
INU        51.6  72.2 295.1   0.1 3   0.0 999.9 0   1.0 3   0.0 999.9 0
KIP       104.2  46.4 322.8   0.1 3   0.0 999.9 0   1.0 3   0.0 999.9 0
MBO        79.5 280.1  52.2   0.1 3   0.0 170.9 0   1.0 3   0.0 191.0 0
NOUC      107.6 104.1 305.5   0.1 3   0.0 999.9 0   1.0 3   0.0 999.9 0
PAF        88.3 180.5   0.6   0.1 3   0.0 999.9 0   1.0 3   0.0 999.9 0
PPT       138.8  69.8 309.7   0.1 3   0.0 999.9 0
SCZ       103.6  10.2 350.1   0.1 3   0.0 999.9 0
SEY        52.1  34.9 283.5   0.1 3   0.0 999.9 0   1.0 3   0.0 109.9 0
SSB        48.3 300.1  72.5   0.1 3   0.0 999.9 0   1.0 3   0.0 999.9 0
UNM       121.0 349.2   8.9   0.1 3   0.0 999.9 0   1.0 3   0.0 999.9 0
WFM        91.6 333.4  28.2   0.1 3   0.0  80.0 0
WUS         6.6  69.4 254.7   0.1 3   0.0 999.9 0   1.0 3   0.0 999.9 0  20.0 3   0.0  92.2 0

  1990 11  4  18 13 42.4   -15.780   -72.510  140.5  5.4  0.0  seed seed.dat                  110490A
AGD       117.2  85.1 258.2   0.1 3   0.0 999.9 0
CAY        28.7  45.8 223.8   0.1 3   0.0 999.9 0   5.0 3   0.0  98.6 0
CRZF      100.3 144.6 233.7   0.1 3   0.0 999.9 0   1.0 3   0.0 999.9 0
DRV        94.2 192.4 148.8   0.1 3   0.0 999.9 0   1.0 3   0.0 999.9 0
HYB       152.2  82.9 269.5   0.1 3   0.0 999.9 0   1.0 3   0.0 999.9 0
INU       147.2 311.7  60.6   0.1 3   0.0 999.9 0   1.0 3   0.0 999.9 0
KIP        91.6 291.6 106.1   0.1 3   0.0 999.9 0   1.0 3   0.0 999.9 0
MBO        62.6  64.3 243.5   0.1 3   0.0 999.9 0   1.0 3   0.0 999.9 0   5.0 3   0.0  34.3 0
NOUC      111.1 238.2 118.1   0.1 3   0.0 170.4 0   1.0 3   0.0 125.5 0   5.0 3  28.5  60.5 0
PAF       107.1 155.6 217.5   0.1 3   0.0 999.9 0   1.0 3   0.0 999.9 0   5.0 3  30.3  62.3 0
PPT        73.3 256.0 101.7   0.1 3   0.0 999.9 0
SCZ        69.7 319.6 129.2   0.1 3   0.0 999.9 0
SEY       123.5 337.1  54.4   0.1 3   0.0 999.9 0   1.0 3   0.0 999.9 0  20.0 3  34.9  94.9 0
SSB        92.3  43.6 250.1   0.1 3   0.0 999.9 0   1.0 3   0.0 999.9 0
UNM        43.7 322.1 141.2   0.1 3   0.0 999.9 0   1.0 3   0.0 999.9 0
WUS       144.8  38.5 308.2   0.1 3   0.0 999.9 0   1.0 3   0.0 999.9 0

  1990 11  4  22  4 45.3    51.500   179.420   15.0  5.1  5.0  seed seed.dat                  110490B
AGD       106.8 315.5  26.6   0.1 3   0.0 999.9 0
CAY       108.5  55.4 328.8   0.1 3   0.0 999.9 0
CRZF      145.9 258.0  62.4   0.1 3   0.0 999.9 0   1.0 3   0.0 999.9 0
DRV       121.7 197.4  27.9   0.1 3   0.0 999.9 0   1.0 3   0.0 999.9 0
HYB        83.1 289.4  38.1   0.1 3   0.0 999.9 0   1.0 3   0.0 999.9 0  20.0 3  22.8  82.8 0
INU        34.2 258.6  48.5   0.1 3   0.0 999.9 0   1.0 3   0.0 999.9 0
KIP        34.8 141.2 335.2   0.1 3   0.0 999.9 0   1.0 3   0.0 999.9 0
MBO       112.7  17.2 349.0   0.1 3   0.0 999.9 0   1.0 3   0.0 999.9 0
NOUC       74.3 192.7   8.5   0.1 3   0.0 389.3 0   1.0 3   0.0 344.5 0   5.0 3  13.5  49.5 0
PAF       136.6 244.1  59.4   0.1 3   0.0 999.9 0   1.0 3   0.0 999.9 0
PPT        74.1 149.2 340.4   0.1 3   0.0 999.9 0
SCZ        43.8  85.9 309.3   0.1 3   0.0 999.9 0
SEY        18.4 318.8 115.9   0.1 3   0.0 999.9 0   1.0 3   0.0 999.9 0  20.0 3   0.0  43.8 0
SSB        83.3 356.4   3.2   0.1 3   0.0 999.9 0   1.0 3   0.0 999.9 0
UNM        69.8  84.0 318.9   0.1 3   0.0 999.9 0   1.0 3   0.0 999.9 0
WUS        64.5 304.8  42.8   0.1 3   0.0 999.9 0   1.0 3   0.0 999.9 0  20.0 3   0.0  73.4 0

  1990 11  4  22 23  6.5    13.110   145.780   15.0  5.4  5.1  seed seed.dat                  110490C
AGD        99.7 284.4  74.4   0.1 3   0.0 999.9 0
CAY       154.6  45.9 315.2   0.1 3   0.0 999.9 0
CRZF      102.1 225.0  83.9   0.1 3   0.0 999.9 0   1.0 3   0.0 999.9 0
DRV        79.8 182.3   5.7   0.1 3   0.0 999.9 0   1.0 3   0.0 999.9 0
HYB        64.7 283.3  83.4   0.1 3   0.0 999.9 0   1.0 3   0.0 999.9 0  20.0 3   4.5  64.5 0
INU        23.6 341.8 158.2   0.1 3   0.0 999.9 0   1.0 3   0.0 999.9 0
KIP        54.1  72.9 271.0   0.1 3   0.0 999.9 0   1.0 3   0.0 999.9 0
MBO       147.7 327.5  32.7   0.1 3   0.0 999.9 0   1.0 3   0.0 999.9 0   5.0 3  32.9  64.9 0
NOUC       40.5 149.9 328.1   0.1 3   0.0 371.0 0   1.0 3   0.0 326.1 0   5.0 3   0.0  31.1 0
PAF        90.7 219.4  70.8   0.1 3   0.0 999.9 0   1.0 3   0.0 999.9 0
PPT        70.7 114.0 291.1   0.1 3   0.0 999.9 0
SCZ        84.5  53.8 282.3   0.1 3   0.0 999.9 0
SEY        50.0   3.9 188.4   0.1 3   0.0 999.9 0   1.0 3   0.0 999.9 0  20.0 3   0.0  93.5 1
SSB       112.0 331.6  41.0   0.1 3   0.0 999.9 0   1.0 3   0.0 999.9 0
UNM       108.3  64.3 291.7   0.1 3   0.0 999.9 0   1.0 3   0.0 999.9 0
WUS        63.9 309.6  95.3   0.1 3   0.0 999.9 0   1.0 3   0.0 999.9 0  20.0 3   0.0  55.0 0

  1990 11  5  13 22 53.7   -17.590   167.840   45.3  5.2  4.9  seed seed.dat                  110590A
AGD       126.6 271.2 103.2   0.1 3   0.0 999.9 0
CAY       138.8 103.2 249.0   0.1 3   0.0 999.9 0
CRZF       94.0 218.5 120.9   0.1 3   0.0 999.9 0   1.0 3   0.0 999.9 0
DRV        52.3 193.6  34.3   0.1 3   0.0 999.9 0   1.0 3   0.0 999.9 0
HYB        94.5 286.6 106.8   0.1 3   0.0 999.9 0   1.0 3   0.0 999.9 0
INU        60.3 331.1 145.7   0.1 3   0.0 999.9 0   1.0 3   0.0 999.9 0
KIP        51.3  42.2 223.4   0.1 3   0.0 999.9 0   1.0 3   0.0 999.9 0
MBO       174.4 125.8 236.3   0.1 3   0.0 999.9 0   1.0 3   0.0 999.9 0
NOUC        4.7 197.6  18.1   0.1 3   0.0 571.2 0   1.0 3   0.0 556.4 0   5.0 3   0.0  11.4 0
PAF        81.6 220.9 107.3   0.1 3   0.0 999.9 0   1.0 3   0.0 999.9 0
PPT        40.5  96.7 263.3   0.1 3   0.0 999.9 0
SCZ        85.8  49.7 244.7   0.1 3   0.0 999.9 0
SEY        81.3 352.9 165.0   0.1 3   0.0 999.9 0   1.0 3   0.0 999.9 0  20.0 3  13.7  73.7 0
SSB       149.0 336.6  31.9   0.1 3   0.0 999.9 0   1.0 3   0.0 999.9 0
UNM        98.4  72.5 254.5   0.1 3   0.0 999.9 0   1.0 3   0.0 999.9 0
WUS       100.4 309.8 104.0   0.1 3   0.0 999.9 0   1.0 3   0.0 999.9 0

  1990 11  5  15 34 13.3   -43.650   -16.170   15.0  5.3  5.1  seed seed.dat                  110590B
AGD        76.8  59.8 219.8   0.1 3   0.0 999.9 0
CAY        58.4 316.3 149.8   0.1 3   0.0 999.9 0
CRZF       46.7 118.4 247.4   0.1 3   0.0 999.9 0   1.0 3   0.0 999.9 0   5.0 3   1.8  29.8 0
DRV        68.3 170.1 198.3   0.1 3   0.0 999.9 0   1.0 3   0.0 999.9 0
HYB       105.2  80.6 228.7   0.1 3   0.0 999.9 0   1.0 3   0.0 999.9 0
INU       157.8 103.8 240.8   0.1 3   0.0 999.9 0   1.0 3   0.0 999.9 0
KIP       141.4 246.8 133.8   0.1 3   0.0 999.9 0   1.0 3   0.0 999.9 0
MBO        57.9 359.1 179.3   0.1 3   0.0 999.9 0   1.0 3   0.0 999.9 0   5.0 3   5.8  37.8 0
NOUC      114.4 182.5 178.0   0.1 3   0.0 439.9 0   1.0 3   0.0 425.0 0
PAF        56.5 128.7 240.1   0.1 3   0.0 999.9 0   1.0 3   0.0 999.9 0   5.0 3   5.8  33.8 0
PPT       105.5 225.8 146.9   0.1 3   0.0 999.9 0
SCZ       124.3 289.8 121.9   0.1 3   0.0 999.9 0
SEY       159.6  15.4 336.0   0.1 3   0.0 999.9 0   1.0 3   0.0 999.9 0  20.0 3  16.4  76.4 0
SSB        90.6  14.5 194.9   0.1 3   0.0 999.9 0   1.0 3   0.0 999.9 0
UNM        98.3 288.5 133.2   0.1 3   0.0 999.9 0   1.0 3   0.0 999.9 0
WFM        99.3 321.9 142.7   0.1 3   0.0 999.9 0
WUS       120.3  60.6 237.0   0.1 3   0.0 999.9 0   1.0 3   0.0 999.9 0  20.0 3  41.9 101.9 0

  1990 11  6   0 40 35.7   -19.280  -178.940  631.9  5.3  0.0  seed seed.dat                  110690A
AGD       139.1 265.1 105.9   0.1 3   0.0 999.9 0
CAY       126.1  98.4 249.9   0.1 3   0.0 999.9 0
CRZF      100.0 212.9 132.1   0.1 3   0.0 999.9 0   1.0 3   0.0 999.9 0
DRV        54.2 198.8  49.9   0.1 3   0.0 999.9 0   1.0 3   0.0 999.9 0
HYB       107.1 282.7 105.2   0.1 3   0.0 999.9 0   1.0 3   0.0 508.3 0
INU        68.6 322.3 135.0   0.1 3   0.0 999.9 0   1.0 3   0.0 999.9 0
KIP        45.5  27.9 208.3   0.1 3   0.0 999.9 0   1.0 3   0.0 999.9 0
MBO       162.1 103.7 252.3   0.1 3   0.0 999.9 0   1.0 3   0.0 999.9 0
NOUC       14.1 256.0  81.2   0.1 3   0.0 293.5 0   1.0 3   0.0 253.7 0
PAF        88.3 217.6 118.1   0.1 3   0.0 999.9 0   1.0 3   0.0 999.9 0
PPT        27.9  91.3 261.9   0.1 3   0.0 999.9 0
SCZ        77.8  44.1 234.8   0.1 3   0.0 999.9 0
SEY        85.1 347.2 152.9   0.1 3   0.0 999.9 0   1.0 3   0.0 999.9 0
SSB       153.9 354.4   7.4   0.1 3   0.0 999.9 0   1.0 3   0.0 999.9 0
UNM        87.1  68.6 248.7   0.1 3   0.0 999.9 0   1.0 3   0.0 999.9 0
WFM       115.5  51.4 267.1   0.1 3   0.0 999.9 0
WUS       111.2 307.5  97.1   0.1 3   0.0 999.9 0   1.0 3   0.0 999.9 0

  1990 11  6  17 27 54.6    -7.530   159.080   23.6  5.5  4.8  seed seed.dat                  110690B
AGD       117.1 279.0  92.5   0.1 3   0.0 999.9 0   5.0 3  29.3 269.3 0
CAY       148.7  93.0 263.8   0.1 3   0.0 999.9 0   5.0 3   0.0  96.4 0
CRZF       96.2 221.6 107.9   0.1 3   0.0 999.9 0   1.0 3   0.0 999.9 0
DRV        60.5 188.6  21.9   0.1 3   0.0 999.9 0   1.0 3   0.0 304.1 0
HYB        83.3 288.5  99.9   0.1 3   0.0 999.9 0   1.0 3   0.0 746.6 0
INU        47.6 335.4 149.6   0.1 3   0.0 391.9 0   1.0 3   0.0 999.9 1
KIP        51.0  54.7 240.4   0.1 3   0.0 999.9 0   1.0 3   0.0 999.9 0
MBO       172.1 330.3  29.5   0.1 3   0.0 999.9 0   1.0 3   0.0 999.9 0
NOUC       16.1 155.1 333.2   0.1 3   0.0 336.2 0   1.0 3   0.0 311.3 0   5.0 3   0.0  14.4 0
PAF        83.6 221.1  94.2   0.1 3   0.0 659.9 0   1.0 3   0.0 660.1 0
PPT        51.0 106.5 274.5   0.1 3   0.0 999.9 0
SCZ        86.1  52.5 257.9   0.1 3   0.0 999.9 0
SEY        70.5 356.7 172.9   0.1 3   0.0 391.9 0   1.0 3   0.0 805.8 0
SSB       136.4 333.8  37.9   0.1 3   0.0 999.9 0   1.0 3   0.0 999.9 0
UNM       103.5  72.0 266.8   0.1 3   0.0 999.9 0   1.0 3   0.0 999.9 0
WFM       123.5  43.2 293.6   0.1 3   0.0 999.9 0   5.0 3   0.0  34.6 0
WUS        87.4 311.9 102.1   0.1 3   0.0 999.9 0   1.0 3   0.0 999.9 0

  1990 11  6  18 45 54.1    28.060    55.250   15.0  6.2  6.8  seed seed.dat                  110690C
AGD        20.2 217.8  33.5   0.1 3   0.0 999.9 0   5.0 3   0.0 191.3 0
CAY       103.0 283.0  59.8   0.1 3   0.0 999.9 0   5.0 3   0.0  18.4 0
CRZF       74.4 182.4   3.1   0.1 3   0.0 999.9 0   1.0 3   0.0 999.9 0   5.0 3   0.0 290.1 0
DRV       113.5 154.3 286.3   0.1 3   0.0 999.9 0   1.0 3   0.0 226.1 0   5.0 3   6.1 274.1 0
HYB        23.9 111.3 300.4   0.1 3   0.0 999.9 0   1.0 3   0.0 668.6 0  20.0 3   0.0  36.9 0
INU        68.0  60.6 289.6   0.1 3   0.0 314.0 0   1.0 3   0.0 999.9 0  20.0 3   0.0  42.4 0
KIP       121.1  36.5 325.6   0.1 3   0.0 999.9 0   1.0 3   0.0 999.9 0  20.0 3  17.5 137.5 0
MBO        67.8 275.0  65.3   0.1 3   0.0 999.9 0   1.0 3   0.0 999.9 0   5.0 3   0.0 374.1 0
NOUC      118.0 101.2 290.7   0.1 3   0.0 258.2 0   1.0 3   0.0 233.4 0   5.0 3   8.4 230.4 0
PAF        78.4 170.0 346.5   0.1 3   0.0 581.9 0   1.0 3   0.0 582.1 0   5.0 3   0.0 306.1 0
PPT       154.9  70.1 298.6   0.1 3   0.0 999.9 0
SCZ       115.4 357.0   3.3   0.1 3   0.0 999.9 0   5.0 3   1.1 241.1 0
SEY        68.4  29.1 289.7   0.1 3   0.0 313.9 0   1.0 3   0.0 727.8 0  20.0 3   0.0  46.7 0
SSB        43.4 307.4  95.4   0.1 3   0.0 999.9 0   1.0 3   0.0 999.9 0  20.0 3   0.0  43.5 0
UNM       126.7 329.6  28.3   0.1 3   0.0 999.9 0   1.0 3   0.0 999.9 0  20.0 3   0.0 172.4 0
WFM        94.1 323.7  45.1   0.1 3   0.0 999.9 0
WUS        23.6  50.0 243.8   0.1 3   0.0 999.9 0   1.0 3   0.0 999.9 0  20.0 3   0.0  36.2 0

  1990 11  6  20 14 30.9    53.770   169.410   26.6  6.4  7.0  seed seed.dat                  110690D
AGD       100.7 306.9  29.0   0.1 3   0.0 999.9 0   5.0 3   0.0 102.7 0
CAY       111.8  45.4 334.8   0.1 3   0.0 999.9 0
CRZF      140.5 254.9  56.2   0.1 3   0.0 999.9 0   1.0 3   0.0 999.9 0   5.0 3   0.0 201.5 0
DRV       122.3 193.4  20.2   0.1 3   0.0 999.9 0   1.0 3   0.0 137.5 0   5.0 3   0.0 185.5 0
HYB        76.6 281.3  37.5   0.1 3   0.0 999.9 0   1.0 3   0.0 580.0 0  20.0 3   0.0  42.3 0
INU        29.1 244.0  40.7   0.1 3   0.0 225.3 0   1.0 3   0.0 999.9 0  20.0 3   0.0  37.8 0
KIP        40.7 129.6 330.7   0.1 3   0.0 999.9 0   1.0 3   0.0 999.9 0  20.0 3   0.0  48.9 0
MBO       111.8   6.6 355.9   0.1 3   0.0 999.9 0   1.0 3   0.0 999.9 0   5.0 3   0.0 285.5 0
NOUC       75.8 183.0   1.9   0.1 3   0.0 169.6 0   1.0 3   0.0 144.7 0   5.0 3   0.0 141.8 0
PAF       132.2 240.9  52.5   0.1 3   0.0 493.3 0   1.0 3   0.0 493.5 0   5.0 3   0.0 217.5 0
PPT        79.4 140.3 336.6   0.1 3   0.0 999.9 0
SCZ        49.6  80.7 313.3   0.1 3   0.0 999.9 0   5.0 3   0.0 152.5 0
SEY        12.8 322.7 128.1   0.1 3   0.0 225.3 0   1.0 3   0.0 639.2 0  20.0 3   0.0  36.1 0
SSB        80.3 349.3   9.0   0.1 3   0.0 999.9 0   1.0 3   0.0 999.9 0  20.0 3   0.0  46.9 0
UNM        75.4  77.1 322.2   0.1 3   0.0 999.9 0   1.0 3   0.0 999.9 0  20.0 3   0.0  83.8 0
WFM        70.6  43.0 326.7   0.1 3   0.0 999.9 0   5.0 3   2.6 122.6 0
WUS        58.1 297.5  44.2   0.1 3   0.0 999.9 0   1.0 3   0.0 999.9 0  20.0 3   0.0  41.6 0

  1990 11  7  14 36 24.9     5.690   125.460   47.1  5.5  0.0  seed seed.dat                  110790A
AGD        81.7 280.8  85.8   0.1 3   0.0 999.9 0
CAY       169.2 348.2  11.8   0.1 3   0.0 999.9 0
CRZF       83.0 222.0  74.3   0.1 3   0.0 999.9 0   1.0 3   0.0 999.9 0   5.0 3  19.6  47.6 0
DRV        73.0 174.0 344.8   0.1 3   0.0 999.9 0   1.0 3   0.0 999.9 0
HYB        47.3 288.4  98.4   0.1 3   0.0 999.9 0   1.0 3   0.0 999.9 0  20.0 3   0.0  39.7 0
INU        31.5  18.3 202.6   0.1 3   0.0 999.9 0   1.0 3   0.0 999.9 0
KIP        75.4  69.4 270.5   0.1 3   0.0 999.9 0   1.0 3   0.0 999.9 0
MBO       137.7 298.6  64.2   0.1 3   0.0 999.9 0   1.0 3   0.0 999.9 0
NOUC       48.6 126.0 299.8   0.1 3   0.0 317.7 0   1.0 3   0.0 357.8 0   5.0 3   0.0  33.9 0
PAF        72.8 214.3  59.0   0.1 3   0.0 999.9 0   1.0 3   0.0 999.9 0   5.0 3  14.6  42.6 0
PPT        86.9 107.9 276.8   0.1 3   0.0 999.9 0
SCZ       104.8  49.9 289.0   0.1 3   0.0 999.9 0
SEY        60.5  13.8 211.2   0.1 3   0.0 999.9 0   1.0 3   0.0 999.9 0  20.0 3   0.0  78.2 0
SSB       106.9 320.7  62.9   0.1 3   0.0 999.9 0   1.0 3   0.0 999.9 0
UNM       129.5  59.3 295.2   0.1 3   0.0 999.9 0   1.0 3   0.0 999.9 0
WFM       129.4  16.2 338.1   0.1 3   0.0 999.9 0
WUS        54.3 317.8 117.6   0.1 3   0.0 999.9 0   1.0 3   0.0 999.9 0  20.0 3   0.0  53.7 0

  1990 11  7  16 48 40.3   -20.390  -178.620  570.4  5.4  0.0  seed seed.dat                  110790B
AGD       139.3 263.7 107.6   0.1 3   0.0 999.9 0
CAY       125.7  99.0 248.6   0.1 3   0.0 999.9 0
CRZF       99.2 212.7 133.0   0.1 3   0.0 999.9 0   1.0 3   0.0 999.9 0
DRV        53.2 199.2  50.7   0.1 3   0.0 999.9 0   1.0 3   0.0 999.9 0
HYB       107.6 282.3 106.2   0.1 3   0.0 999.9 0   1.0 3   0.0 999.9 0  20.0 3   0.0  14.4 0
INU        69.7 322.4 135.5   0.1 3   0.0 999.9 0   1.0 3   0.0 999.9 0
KIP        46.3  27.1 207.3   0.1 3   0.0 999.9 0   1.0 3   0.0 999.9 0
MBO       161.5 106.7 249.1   0.1 3   0.0 999.9 0   1.0 3   0.0 999.9 0   5.0 3  27.3  67.3 0
NOUC       14.2 260.4  85.9   0.1 3   0.0 185.4 0   1.0 3   0.0 225.6 0   5.0 3   0.0  13.6 0
PAF        87.6 217.5 119.1   0.1 3   0.0 999.9 0   1.0 3   0.0 999.9 0
PPT        27.6  89.1 259.5   0.1 3   0.0 999.9 0
SCZ        78.4  43.8 233.8   0.1 3   0.0 999.9 0
SEY        86.3 347.1 152.8   0.1 3   0.0 999.9 0   1.0 3   0.0 999.9 0
SSB       155.0 354.7   6.9   0.1 3   0.0 999.9 0   1.0 3   0.0 999.9 0
UNM        87.3  68.5 247.5   0.1 3   0.0 999.9 0   1.0 3   0.0 999.9 0
WFM       116.0  51.8 265.9   0.1 3   0.0 999.9 0
WUS       112.2 307.1  97.9   0.1 3   0.0 999.9 0   1.0 3   0.0 999.9 0

  1990 11  7  19  5 28.9   -55.970   -27.550   51.5  6.0  0.0  seed seed.dat                  110790C
AGD        88.9  67.6 212.0   0.1 3   0.0 999.9 0
CAY        64.1 332.3 164.8   0.1 3   0.0 999.9 0
CRZF       47.9 113.9 227.9   0.1 3   0.0 934.4 0   1.0 3   0.0 999.9 0   5.0 3   0.0  30.5 0
DRV        57.2 174.2 188.3   0.1 3   0.0 999.9 0   1.0 3   0.0 999.9 0   5.0 3   6.5  42.5 0
HYB       113.3  93.5 216.1   0.1 3   0.0 999.9 0   1.0 3   0.0 999.9 0  20.0 3  25.6  85.6 0
INU       156.8 146.9 202.7   0.1 3   0.0 999.9 0   1.0 3   0.0 999.9 0
KIP       129.8 247.0 146.0   0.1 3   0.0 999.9 0   1.0 3   0.0 999.9 0
MBO        70.8  10.9 186.3   0.1 3   0.0 999.9 0   1.0 3   0.0 999.9 0   5.0 3  10.5  42.5 0
NOUC      101.2 193.0 172.1   0.1 3   0.0  48.6 0   1.0 3   0.0  88.8 0   5.0 3  28.8  56.8 0
PAF        54.7 127.6 222.9   0.1 3   0.0 999.9 0   1.0 3   0.0 999.9 0   5.0 3   1.5  33.5 0
PPT        92.0 233.9 151.6   0.1 3   0.0 999.9 0
SCZ       121.5 289.5 138.7   0.1 3   0.0 999.9 0
SEY       173.0   0.3 359.7   0.1 3   0.0 999.9 0   1.0 3   0.0 999.9 0  20.0 3   0.0  45.1 0
SSB       104.6  22.9 198.0   0.1 3   0.0 999.9 0   1.0 3   0.0 999.9 0  20.0 3  25.9  85.9 0
UNM        96.1 295.5 147.5   0.1 3   0.0 999.9 0   1.0 3   0.0 999.9 0
WFM       105.2 327.8 156.1   0.1 3   0.0 999.9 0
WUS       131.8  75.7 226.4   0.1 3   0.0 999.9 0   1.0 3   0.0 999.9 0

  1990 11  8  10 15 47.9   -28.200  -176.120   15.0  5.5  4.9  seed seed.dat                  110890A
AGD       140.0 253.0 120.1   0.1 3   0.0 999.9 0
CAY       122.0 102.9 239.9   0.1 3   0.0 999.9 0   5.0 3   0.0  82.5 0
CRZF       93.8 210.9 139.0   0.1 3   0.0 174.1 1   1.0 3   0.0 124.2 0
DRV        46.8 202.2  57.1   0.1 3   0.0 999.9 0   1.0 3   0.0 999.9 0
ECH       159.8 353.5   8.3   0.1 3   0.0 999.9 0   1.0 3   0.0 152.2 0  20.0 3   0.0  75.5 0
HYB       111.3 278.7 113.9   0.1 3   0.0 999.9 0   1.0 3   0.0 999.9 0
INU        77.3 322.2 138.6   0.1 3   0.0 999.9 0   1.0 3   0.0 999.9 0
KIP        52.5  21.5 200.3   0.1 3   0.0 999.9 0   1.0 3   0.0 999.9 0
MBO       156.3 121.7 231.6   0.1 3   0.0 999.9 0   1.0 3   0.0 999.9 0
NOUC       17.0 286.9 114.5   0.1 3   0.0 648.1 0   1.0 3   0.0 628.2 0   5.0 3   0.0  14.2 0
PAF        82.8 217.0 125.6   0.1 3   0.0 999.9 0   1.0 3   0.0 999.9 0
PPT        26.6  72.3 241.8   0.1 3   0.0 824.1 0
SCZ        82.6  41.6 226.7   0.1 3   0.0 999.9 0
SEY        94.4 346.1 152.4   0.1 3   0.0 999.9 0   1.0 3   0.0 999.9 0  20.0 3  20.8 140.8 0
SSB       162.9 358.4   1.9   0.1 3   0.0 999.9 0   1.0 3   0.0 999.9 0
UNM        88.1  67.1 239.4   0.1 3   0.0 999.9 0   1.0 3   0.0 999.9 0  20.0 3   0.0  14.5 0
WFM       118.9  54.8 257.3   0.1 3   0.0 999.9 0
WUS       118.6 303.6 103.4   0.1 3   0.0 999.9 0   1.0 3   0.0 999.9 0

  1990 11  8  13 12 55.0    12.030   -86.400  156.5  5.0  0.0  seed seed.dat                  110890B
AGD       124.4  66.8 293.4   0.1 3   0.0 999.9 0
CAY        34.4  98.8 284.0   0.1 3   0.0 999.9 0
CRZF      130.9 142.4 239.1   0.1 3   0.0 999.9 0   1.0 3   0.0 999.9 0
DRV       117.3 199.0 127.3   0.1 3   0.0 999.9 0   1.0 3   0.0 999.9 0
ECH        83.4  42.2 280.8   0.1 3   0.0 999.9 0   1.0 3   0.0 113.1 0
HYB       147.1  27.1 332.2   0.1 3   0.0 999.9 0   1.0 3   0.0 999.9 0
INU       117.4 320.8  49.1   0.1 3   0.0 999.9 0   1.0 3   0.0 999.9 0
KIP        68.7 288.5  84.9   0.1 3   0.0 999.9 0   1.0 3   0.0 999.9 0
MBO        67.4  79.3 277.3   0.1 3   0.0 999.9 0   1.0 3   0.0 999.9 0   5.0 3  11.1  39.1 0
NOUC      110.3 250.9  85.1   0.1 3   0.0 470.9 0   1.0 3   0.0 451.1 0
PAF       138.0 157.1 215.2   0.1 3   0.0 999.9 0   1.0 3   0.0 999.9 0
PPT        69.0 245.8  69.4   0.1 3   0.0 647.0 0
SCZ        39.9 313.9 118.8   0.1 3   0.0 999.9 0
SEY        92.7 337.0  56.7   0.1 3   0.0 999.9 0   1.0 3   0.0 999.9 0  20.0 3   0.0  27.7 0
SSB        82.2  45.4 279.3   0.1 3   0.0 999.9 0   1.0 3   0.0 999.9 0
UNM        14.3 302.1 118.7   0.1 3   0.0 999.9 0   1.0 3   0.0 999.9 0
WFM        33.2  20.3 207.5   0.1 3   0.0 999.9 0
WUS       125.3  13.3 342.8   0.1 3   0.0 999.9 0   1.0 3   0.0 999.9 0

  1990 11  8  14 10 38.1    -9.200   109.060   42.3  5.1  5.0  seed seed.dat                  110890C
AGD        69.0 286.1 104.5   0.1 3   0.0 999.9 0
CAY       161.0 258.0 103.7   0.1 3   0.0 999.9 0
CRZF       61.0 221.6  71.7   0.1 3   0.0 999.9 0   1.0 3   0.0 999.9 0   5.0 3   5.4  69.4 1
DRV        61.1 166.5 324.5   0.1 3   0.0 999.9 0   1.0 3   0.0 999.9 0
ECH       104.7 317.4  87.1   0.1 3   0.0 999.9 0   1.0 3   0.0  55.4 0
HYB        40.2 311.2 128.9   0.1 3   0.0 999.9 0   1.0 3   0.0 999.9 0  20.0 3   0.0 116.5 0
INU        51.7  29.3 216.3   0.1 3   0.0 999.9 0   1.0 3   0.0 999.9 0
KIP        96.0  69.4 262.7   0.1 3   0.0 999.9 0   1.0 3   0.0 999.9 0
MBO       127.0 280.9  90.6   0.1 3   0.0 999.9 0   1.0 3   0.0 999.9 0
NOUC       56.3 110.4 273.5   0.1 3   0.0 413.2 0   1.0 3   0.0 393.4 0   5.0 3  11.4  39.4 0
PAF        51.5 211.6  52.4   0.1 3   0.0 999.9 0   1.0 3   0.0 999.9 0   5.0 3   4.4  72.4 1
PPT        97.9 109.3 257.6   0.1 3   0.0 589.2 0
SCZ       126.9  51.0 288.2   0.1 3   0.0 999.9 0
SEY        79.3  18.6 223.7   0.1 3   0.0 999.9 0   1.0 3   0.0 999.9 0  20.0 3   0.0  50.0 0
SSB       106.7 314.4  86.0   0.1 3   0.0 999.9 0   1.0 3   0.0 999.9 0
UNM       150.9  66.9 286.7   0.1 3   0.0 999.9 0   1.0 3   0.0 999.9 0
WFM       146.7   0.7 359.0   0.1 3   0.0 999.9 0
WUS        57.3 333.4 144.2   0.1 3   0.0 999.9 0   1.0 3   0.0 999.9 0  20.0 3  39.5  99.5 0

  1990 11  8  14 56  0.6   -13.400    66.000   15.0  5.0  5.1  seed seed.dat                  110890D
AGD        33.9 316.1 136.5   0.1 3   0.0 999.9 0
CAY       118.7 268.2 102.4   0.1 3   0.0 999.9 0
CRZF       35.1 197.1  24.5   0.1 3   0.0 999.9 0   1.0 3   0.0 999.9 0   5.0 3   0.0  24.0 0
DRV        71.4 156.2 279.3   0.1 3   0.0 999.9 0   1.0 3   0.0 999.9 0
ECH        80.6 324.5 122.3   0.1 3   0.0 999.9 0   1.0 3   0.0  52.3 1
HYB        33.1  22.4 202.8   0.1 3   0.0 999.9 0   1.0 3   0.0 999.9 0  20.0 3   0.0  71.1 0
INU        82.8  51.3 248.2   0.1 3   0.0 999.9 0   1.0 3   0.0 999.9 0
KIP       137.4  73.1 273.7   0.1 3   0.0 999.9 0   1.0 3   0.0 999.9 0
MBO        86.7 285.5 104.6   0.1 3   0.0 999.9 0   1.0 3   0.0 999.9 0   5.0 3   4.0  52.0 0
NOUC       94.3 113.9 253.6   0.1 3   0.0 367.8 0   1.0 3   0.0 348.0 0
PAF        36.1 175.3 353.0   0.1 3   0.0 999.9 0   1.0 3   0.0 999.9 0   5.0 3   0.0  27.0 0
PPT       133.2 130.5 230.9   0.1 3   0.0 543.9 0
SCZ       155.9  14.9 342.3   0.1 3   0.0 999.9 0
SEY       100.2  27.7 260.8   0.1 3   0.0 999.9 0   1.0 3   0.0 999.9 0  20.0 3   0.0   4.6 0
SSB        80.6 321.0 119.8   0.1 3   0.0 999.9 0   1.0 3   0.0 999.9 0
UNM       164.6 293.9  68.9   0.1 3   0.0 999.9 0   1.0 3   0.0 999.9 0
WFM       133.2 316.7  64.1   0.1 3   0.0 999.9 0
WUS        55.8  12.1 195.7   0.1 3   0.0 999.9 0   1.0 3   0.0 999.9 0  20.0 3   0.0  54.1 0

  1990 11  8  16 49 22.1   -14.110   170.250   15.0  5.1  4.8  seed seed.dat                  110890E
AGD       128.8 273.4  98.7   0.1 3   0.0 999.9 0
CAY       137.1  98.2 254.7   0.1 3   0.0 999.9 0
CRZF       98.2 217.9 120.6   0.1 3   0.0 999.9 0   1.0 3   0.0 999.9 0
DRV        56.2 194.0  36.1   0.1 3   0.0 999.9 0   1.0 3   0.0 999.9 0
ECH       143.2 341.0  27.8   0.1 3   0.0 999.9 0   1.0 3   0.0 999.9 1
HYB        95.7 286.4 102.8   0.1 3   0.0 999.9 0   1.0 3   0.0 999.9 0
INU        58.5 328.2 141.3   0.1 3   0.0 999.9 0   1.0 3   0.0 999.9 0
KIP        47.2  42.0 224.2   0.1 3   0.0 999.9 0   1.0 3   0.0 999.9 0
MBO       173.0  88.3 272.9   0.1 3   0.0 999.9 0   1.0 3   0.0 999.9 0
NOUC        8.8 204.7  25.9   0.1 3   0.0 254.5 0   1.0 3   0.0 234.6 0   5.0 3   0.0  12.6 0
PAF        85.8 220.2 106.9   0.1 3   0.0 999.9 0   1.0 3   0.0 999.9 0
PPT        38.7 100.6 269.2   0.1 3   0.0 430.5 0
SCZ        81.8  49.2 245.8   0.1 3   0.0 999.9 0
SEY        78.2 351.7 162.2   0.1 3   0.0 999.9 0   1.0 3   0.0 999.9 0  20.0 3   0.0 117.2 0
SSB       146.6 341.4  25.6   0.1 3   0.0 999.9 0   1.0 3   0.0 999.9 0
UNM        95.1  71.5 257.0   0.1 3   0.0 999.9 0   1.0 3   0.0 999.9 0
WFM       120.2  48.9 279.0   0.1 3   0.0 999.9 0
WUS       100.0 309.9  99.8   0.1 3   0.0 999.9 0   1.0 3   0.0 999.9 0
