  1990 11 10  11 30 29.0    12.200    93.750   41.5  5.4  4.9  seed seed.dat                  111090A
AGD        49.8 274.9  83.7   0.1 3   0.0 999.9 0
CAY       142.2 295.0  62.9   0.1 3   0.0 999.9 0
CRZF       69.5 209.6  44.3   0.1 3   0.0 999.9 0   1.0 3   0.0 999.9 0
DRV        85.7 163.2 314.8   0.1 3   0.0 999.9 0   1.0 3   0.0 999.9 0
ECH        78.7 317.1  84.2   0.1 3   0.0 999.9 0   1.0 3   0.0 999.9 0  20.0 3  14.1  74.1 0
HYB        15.6 291.3 107.4   0.1 3   0.0 999.9 0   1.0 3   0.0 999.9 0
INU        45.4  52.0 250.5   0.1 3   0.0 999.9 0   1.0 3   0.0 999.9 0
KIP       102.0  64.7 288.4   0.1 3   0.0 999.9 0   1.0 3   0.0 999.9 0
MBO       106.4 289.2  72.4   0.1 3   0.0 999.9 0   1.0 3   0.0 999.9 0   5.0 3  17.5  49.5 0
NOUC       78.9 115.6 288.0   0.1 3   0.0 443.4 0   1.0 3   0.0 623.5 0   5.0 3   0.0 211.5 0
PAF        64.8 196.8  25.6   0.1 3   0.0 999.9 0   1.0 3   0.0 999.9 0   5.0 3   8.5  40.5 0
PPT       118.8 103.3 274.3   0.1 3   0.0 999.9 0
SCZ       121.1  32.7 319.0   0.1 3   0.0 999.9 0
SEY        65.2  25.5 247.0   0.1 3   0.0 749.4 0   1.0 3   0.0 999.9 0  20.0 3   0.0  90.1 0
SSB        80.9 314.4  81.8   0.1 3   0.0 999.9 0   1.0 3   0.0 999.9 0
UNM       146.1  22.2 337.0   0.1 3   0.0 999.9 0   1.0 3   0.0 999.9 0
WFM       123.7 347.0  17.3   0.1 3   0.0 999.9 0
WUS        31.6 338.8 152.0   0.1 3   0.0 999.9 0   1.0 3   0.0 999.9 0  20.0 3   0.0  49.6 0

  1990 11 11   7  6 29.8    74.800     8.040   15.0  4.9  4.7  seed seed.dat                  111190A
AGD        66.2 142.3 350.5   0.1 3   0.0 999.9 0
CAY        77.7 242.5  13.6   0.1 3   0.0 999.9 0
CRZF      124.5 144.4 347.1   0.1 3   0.0 999.9 0   1.0 3   0.0 999.9 0
DRV       162.8  86.5 318.0   0.1 3   0.0 999.9 0   1.0 3   0.0 999.9 0
ECH        26.6 181.3   0.5   0.1 3   0.0 999.9 0   1.0 3   0.0 999.9 0  20.0 3   0.0  45.1 0
HYB        68.2 104.2 344.5   0.1 3   0.0 999.9 0   1.0 3   0.0 999.9 0  20.0 3  13.8  73.8 0
INU        65.1  44.4 347.0   0.1 3   0.0 999.9 0   1.0 3   0.0 999.9 0  20.0 3  15.8  75.8 0
KIP        83.5 347.0   3.7   0.1 3   0.0 999.9 0   1.0 3   0.0 999.9 0
MBO        62.0 207.7   7.2   0.1 3   0.0 595.4 0   1.0 3   0.0 595.5 0   5.0 3   9.5  37.5 0
NOUC      126.0  25.0 353.0   0.1 3   0.0 658.3 0   1.0 3   0.0 838.5 0
PAF       130.6 130.3 342.0   0.1 3   0.0 999.9 0   1.0 3   0.0 999.9 0
PPT       121.5 334.9   6.8   0.1 3   0.0 999.9 0
SCZ        63.9 316.3  13.1   0.1 3   0.0 999.9 0
SEY        40.4  24.2 346.3   0.1 3   0.0 999.9 0   1.0 3   0.0 720.2 0  20.0 3   0.0   2.1 0
SSB        29.6 185.0   1.9   0.1 3   0.0 999.9 0   1.0 3   0.0 914.0 0
UNM        75.8 291.6  15.0   0.1 3   0.0 999.9 0   1.0 3   0.0 999.9 0
WFM        46.6 273.9  20.9   0.1 3   0.0 999.9 0
WUS        45.7  94.9 339.6   0.1 3   0.0 999.9 0   1.0 3   0.0 999.9 0  20.0 3   0.0 113.6 0

  1990 11 11   7 48 23.0    31.070   141.620   15.0  5.4  5.2  seed seed.dat                  111190B
AGD        91.5 284.5  58.0   0.1 3   0.0 999.9 0
CAY       141.7  22.6 340.5   0.1 3   0.0 999.9 0
CRZF      111.7 228.3  67.6   0.1 3   0.0 999.9 0   1.0 3   0.0 999.9 0
DRV        97.6 180.6   1.4   0.1 3   0.0 999.9 0   1.0 3   0.0 999.9 0
ECH        91.0 331.6  37.7   0.1 3   0.0 999.9 0   1.0 3   0.0 999.9 0  20.0 3   0.0   3.2 0
HYB        58.4 272.3  63.9   0.1 3   0.0 999.9 0   1.0 3   0.0 999.9 0  20.0 3   0.0  31.9 0
INU         5.7 319.2 136.7   0.1 3   0.0 999.9 0   1.0 3   0.0 999.9 0  20.0 3   0.0  33.9 0
KIP        54.4  84.6 293.6   0.1 3   0.0 999.9 0   1.0 3   0.0 999.9 0
MBO       130.2 332.5  24.2   0.1 3   0.0 553.5 0   1.0 3   0.0 553.6 0   5.0 3  11.7  59.6 0
NOUC       58.1 152.8 335.0   0.1 3   0.0 616.5 0   1.0 3   0.0 796.6 0
PAF       102.2 219.5  56.5   0.1 3   0.0 999.9 0   1.0 3   0.0 999.9 0
PPT        81.9 115.9 306.0   0.1 3   0.0 999.9 0
SCZ        77.1  54.9 299.3   0.1 3   0.0 999.9 0
SEY        32.6   9.1 197.3   0.1 3   0.0 999.9 0   1.0 3   0.0 678.3 0
SSB        94.4 331.2  35.8   0.1 3   0.0 971.5 0   1.0 3   0.0 872.1 0
UNM       103.0  57.6 309.9   0.1 3   0.0 999.9 0   1.0 3   0.0 999.9 0
WFM       100.5  24.1 331.6   0.1 3   0.0 999.9 0
WUS        50.4 299.9  80.5   0.1 3   0.0 999.9 0   1.0 3   0.0 999.9 0  20.0 3   0.0  71.7 0

  1990 11 11  11 57 37.5    33.730    12.280   15.0  4.7  4.8  seed seed.dat                  111190C
AGD        35.6 121.1 313.3   0.1 3   0.0 999.9 0
CAY        66.2 259.7  55.3   0.1 3   0.0 999.9 0
CRZF       87.6 153.7 327.8   0.1 3   0.0 999.9 0   1.0 3   0.0 999.9 0
DRV       135.3 153.2 249.1   0.1 3   0.0 999.9 0   1.0 3   0.0 999.9 0
ECH        15.0 346.6 163.3   0.1 3   0.0 999.9 0   1.0 3   0.0 999.9 0  20.0 3   0.0  39.0 0
HYB        61.0  87.6 299.3   0.1 3   0.0 999.9 0   1.0 3   0.0 999.9 0
INU        93.9  42.2 316.8   0.1 3   0.0 999.9 0   1.0 3   0.0 999.9 0
KIP       124.2 349.1   9.8   0.1 3   0.0 999.9 0   1.0 3   0.0 999.9 0
MBO        32.7 241.1  48.8   0.1 3   0.0 304.2 0   1.0 3   0.0 304.4 0   5.0 3   0.0  70.4 1
NOUC      154.4  69.1 302.0   0.1 3   0.0 367.2 0   1.0 3   0.0 547.4 0   5.0 3   0.0 175.4 0
PAF        97.5 145.9 314.4   0.1 3   0.0 999.9 0   1.0 3   0.0 999.9 0
PPT       157.1 310.9  42.2   0.1 3   0.0 999.9 0
SCZ        97.6 324.1  37.3   0.1 3   0.0 999.9 0
SEY        78.4  17.4 327.0   0.1 3   0.0 999.9 0   1.0 3   0.0 429.1 0  20.0 3   0.0  51.0 0
SSB        13.0 335.0 150.0   0.1 3   0.0 722.2 0   1.0 3   0.0 622.9 0  20.0 3   0.0  39.8 0
UNM        96.0 298.1  51.2   0.1 3   0.0 999.9 0   1.0 3   0.0 999.9 0
WFM        63.8 305.3  67.2   0.1 3   0.0 999.9 0
WUS        52.4  61.0 284.9   0.1 3   0.0 999.9 0   1.0 3   0.0 999.9 0

  1990 11 11  23 59  3.8    24.100   121.830   38.2  5.4  5.3  seed seed.dat                  111190D
AGD        75.4 276.4  67.9   0.1 3   0.0 999.9 0
CAY       150.5 348.2  10.9   0.1 3   0.0 999.9 0
CRZF       94.5 220.8  59.6   0.1 3   0.0 280.8 0   1.0 3   0.0 280.9 0
DRV        91.7 172.8 343.4   0.1 3   0.0 999.9 0   1.0 3   0.0 999.9 0
ECH        87.2 322.6  56.1   0.1 3   0.0 999.9 0   1.0 3   0.0 999.9 0  20.0 3  19.5  79.5 0
HYB        40.9 269.1  73.1   0.1 3   0.0 999.9 0   1.0 3   0.0 999.9 0  20.0 3   0.0  53.0 0
INU        17.3  46.1 233.7   0.1 3   0.0 999.9 0   1.0 3   0.0 999.9 0  20.0 3   0.0  41.2 0
KIP        72.9  73.7 289.7   0.1 3   0.0 999.9 0   1.0 3   0.0 999.9 0
MBO       124.4 309.5  46.8   0.1 3   0.0 395.8 0   1.0 3   0.0 495.9 0
NOUC       63.2 133.2 314.0   1.0 3   0.0 999.9 1   5.0 3   3.0  40.0 0
PAF        86.5 211.0  46.0   0.1 3   0.0 999.9 0   1.0 3   0.0 999.9 0
PPT        95.8 106.4 293.2   0.1 3   0.0 999.9 0
SCZ        95.1  46.1 305.2   0.1 3   0.0 999.9 0
SEY        43.8  19.6 222.1   0.1 3   0.0 999.9 0   1.0 3   0.0 999.9 0  20.0 3   0.0  57.5 0
SSB        90.4 321.2  54.2   0.1 3   0.0 999.9 1   1.0 3   0.0 999.9 0
UNM       121.1  46.2 315.7   0.1 3   0.0 999.9 0   1.0 3   0.0 999.9 0
WFM       112.3  10.6 346.9   0.1 3   0.0 999.9 0
WUS        39.3 306.3 102.2   0.1 3   0.0 999.9 0   1.0 3   0.0 999.9 0  20.0 3   0.0  53.0 0

  1990 11 12  11 19 50.7    35.920    71.170  227.4  5.0  0.0  seed seed.dat                  111290A
AGD        35.3 233.7  41.8   0.1 3   0.0 760.0 0
CAY       113.3 295.4  47.5   0.1 3   0.0 999.9 0
DRV       114.9 155.7 303.3   0.1 3   0.0 999.9 0   1.0 3   0.0 999.9 0
ECH        47.7 305.8  80.1   0.1 3   0.0 999.9 0   1.0 3   0.0 999.9 0  20.0 3   0.0 111.8 0
HYB        19.6 158.5 341.9   0.1 3   0.0 999.9 0   1.0 3   0.0 999.9 0  20.0 3   0.0  40.3 0
INU        52.5  69.9 291.2   0.1 3   0.0 999.9 0   1.0 3   0.0 999.9 0
KIP       106.3  47.1 320.3   0.1 3   0.0 999.9 0   1.0 3   0.0 999.9 0
MBO        80.2 280.8  55.3   0.1 3   0.0 999.9 0   1.0 3   0.0 999.9 0   5.0 3  31.2  63.2 0
NOUC      106.7 105.2 302.3   0.1 3   0.0 967.0 0   1.0 3   0.0 957.2 0
PAF        85.1 180.6   0.8   0.1 3   0.0 999.9 0   1.0 3   0.0 999.9 0
PPT       139.6  73.5 304.9   0.1 3   0.0 999.9 0
SCZ       106.7  10.5 349.4   0.1 3   0.0 999.9 0
SEY        54.7  33.5 281.1   0.1 3   0.0 999.9 0   1.0 3   0.0 999.9 0
SSB        50.1 302.5  76.0   0.1 3   0.0 999.9 0   1.0 3   0.0 999.9 0
UNM       124.1 349.0   9.4   0.1 3   0.0 999.9 0   1.0 3   0.0 999.9 0
WFM        94.6 333.4  29.5   0.1 3   0.0 999.9 0
WUS         8.2  47.7 232.7   0.1 3   0.0 999.9 0   1.0 3   0.0 999.9 0  20.0 3   0.0 100.3 1

  1990 11 12  12 28 49.0    43.180    78.240   15.0  5.9  6.3  seed seed.dat                  111290B
AGD        44.0 235.0  37.6   0.1 3   0.0 691.1 0   5.0 3   0.0  99.9 0
CAY       114.5 303.9  37.6   0.1 3   0.0 999.9 0   5.0 3  23.5 143.5 0
CRZF       92.4 198.0  19.0   0.1 3  19.2 999.9 0   1.0 3  19.2 999.9 1   5.0 3  19.2  83.2 0
DRV       119.3 156.2 312.2   0.1 3   0.0 999.9 0   1.0 3   0.0 999.9 0   5.0 3  35.2  79.2 0
ECH        48.2 302.1  67.9   0.1 3   0.0 999.9 0   1.0 3   0.0 999.9 0  20.0 3   0.0  42.8 0
HYB        25.7 179.3 359.5   0.1 3   0.0 999.9 0   1.0 3   0.0 999.9 0  20.0 3   0.0  37.3 0
INU        45.3  79.2 298.5   0.1 3   0.0 999.9 0   1.0 3   0.0 999.9 0  20.0 3   0.0  47.5 0
KIP        97.4  51.2 322.2   0.1 3   0.0 999.9 0   1.0 3   0.0 999.9 0  20.0 3  22.6  82.6 0
MBO        84.0 284.2  47.0   0.1 3   0.0 999.9 0   1.0 3   0.0 999.9 0   5.0 3   2.2 118.2 0
NOUC      103.5 107.4 311.1   0.1 3   0.0 898.0 0   1.0 3   0.0 888.2 0   5.0 3  30.2  74.2 0
PAF        92.6 185.3   5.9   0.1 3   0.0 999.9 0   1.0 3   0.0 999.9 0   5.0 3  10.2  74.2 0
PPT       132.3  72.5 312.7   0.1 3   0.0 999.9 0
SCZ        98.4  15.8 345.7   0.1 3   0.0 999.9 0   5.0 3  14.2 134.2 0
SEY        45.7  37.9 280.9   0.1 3   0.0 999.9 0   1.0 3   0.0 999.9 0  20.0 3   0.0  49.8 0
SSB        51.0 299.5  64.3   0.1 3   0.0 999.9 0   1.0 3   0.0 999.9 0  20.0 3   0.0  52.6 0
UNM       117.6 357.3   2.1   0.1 3   0.0 999.9 0   1.0 3   0.0 999.9 0  20.0 3  43.5 103.5 0
WFM        90.2 338.2  21.6   0.1 3   0.0 999.9 0
WUS         2.1 159.5 340.2   0.1 3   0.0 999.9 0   1.0 3   0.0 999.9 0  20.0 3   0.0  31.3 0

  1990 11 13   2 35  9.8    46.020   138.420   15.0  6.2  5.6  seed seed.dat                  111390A
AGD        85.6 282.2  44.0   0.1 3   0.0 999.9 0   5.0 3   0.0  94.1 0
CAY       128.3  13.6 350.5   0.1 3   0.0 999.9 0
CRZF      119.4 232.6  53.2   0.1 3   0.0 999.9 0   1.0 3   0.0 999.9 0
DRV       112.5 179.3 358.8   0.1 3   0.0 999.9 0   1.0 3   0.0 999.9 0
ECH        76.8 329.0  32.4   0.1 3   0.0 999.9 0   1.0 3   0.0 999.9 0  20.0 3   0.0  43.4 0
HYB        56.8 260.7  46.0   0.1 3   0.0 999.9 0   1.0 3   0.0 999.9 0  20.0 3   0.0  40.9 0
INU        10.7 186.1   5.2   0.1 3   0.0 999.9 0   1.0 3   0.0 999.9 0  20.0 3   0.0  33.1 0
KIP        56.6  92.9 311.7   0.1 3   0.0 999.9 0   1.0 3   0.0 999.9 0  20.0 3   0.2  60.2 0
MBO       115.8 333.5  18.8   0.1 3   0.0 999.9 0   1.0 3   0.0 999.9 0   5.0 3  15.8  87.8 0
NOUC       72.5 152.9 340.0   0.1 3   0.0  51.7 0   1.0 3   0.0 671.9 1   5.0 3  11.9  43.9 1
PAF       112.1 221.1  44.4   0.1 3   0.0 999.9 0   1.0 3   0.0 999.9 0
PPT        90.6 114.7 318.4   0.1 3   0.0 999.9 0
SCZ        70.8  56.8 313.6   0.1 3   0.0 999.9 0
SEY        18.7  20.1 211.6   0.1 3   0.0 999.9 0   1.0 3   0.0 999.9 0  20.0 3   0.0  17.4 0
SSB        80.2 329.0  30.5   0.1 3   0.0 999.9 0   1.0 3   0.0 999.9 0  20.0 3  14.3  74.3 0
UNM        96.6  53.2 323.8   0.1 3   0.0 999.9 0   1.0 3   0.0 999.9 0
WFM        87.6  21.5 339.7   0.1 3   0.0 999.9 0
WUS        42.2 285.6  62.8   0.1 3   0.0 999.9 0   1.0 3   0.0 999.9 0  20.0 3   0.0  38.9 0

  1990 11 14  18 45  3.3    27.450    65.840   28.7  5.3  5.1  seed seed.dat                  111490A
AGD        26.8 238.3  50.4   0.1 3   0.0 999.9 0
CAY       112.2 288.6  57.8   0.1 3   0.0 999.9 0
CRZF       74.8 190.0  12.9   0.1 3   0.0 999.9 0   1.0 3   0.0 999.9 0
DRV       109.0 156.0 295.2   0.1 3   0.0 999.9 0   1.0 3   0.0 926.9 0
ECH        49.4 311.3  92.7   0.1 3   0.0 999.9 0   1.0 3   0.0 999.9 0  20.0 3   0.0  52.5 0
HYB        15.4 127.7 312.6   0.1 3   0.0 314.8 0   1.0 3   0.0 999.9 0  20.0 3   0.0  35.4 0
INU        60.1  63.1 284.1   0.1 3   0.0 999.9 0   1.0 3   0.0 999.9 0
KIP       115.4  45.5 317.1   0.1 3   0.0 999.9 0   1.0 3   0.0 999.9 0
MBO        77.2 279.8  64.6   0.1 3   0.0 999.9 0   1.0 3   0.0 999.9 0   5.0 3  17.9  53.9 0
NOUC      108.8 105.4 292.5   0.1 3   0.0 141.8 0   1.0 3   0.0 132.0 0
PAF        76.7 177.1 356.0   0.1 3   0.0 873.8 0   1.0 3   0.0 913.9 0   5.0 3  13.9  45.9 0
PPT       145.9  80.3 292.8   0.1 3   0.0 999.9 0
SCZ       115.8   6.4 352.9   0.1 3   0.0 314.8 0
SEY        64.3  30.4 280.4   0.1 3   0.0 999.9 0   1.0 3   0.0 999.9 0  20.0 3   9.5  69.5 0
SSB        51.2 307.5  88.3   0.1 3   0.0 999.9 0   1.0 3   0.0 999.9 0  20.0 3   0.0  56.4 0
UNM       131.2 341.2  17.7   0.1 3   0.0 999.9 0   1.0 3   0.0 999.9 0  20.0 3  19.2  79.2 0
WFM        99.8 329.6  37.6   0.1 3   0.0 999.9 0
WUS        17.6  35.3 222.9   0.1 3   0.0 314.8 0   1.0 3   0.0 604.8 0  20.0 3   0.0  35.1 0

  1990 11 15   2 34 33.2     4.020    97.520   15.0  6.1  6.8  seed seed.dat                  111590A
AGD        54.6 281.2  93.2   0.1 3   0.0 999.9 0   5.0 3   0.0 103.8 0
CAY       148.6 286.3  73.9   0.1 3   0.0 999.9 0   5.0 3  43.8 163.8 0
CRZF       64.5 213.3  52.4   0.1 3   0.0 999.9 0   1.0 3   0.0 999.9 0   5.0 3   0.0 185.4 0
DRV        76.8 163.9 316.1   0.1 3   0.0 999.9 0   1.0 3   0.0 457.4 0   5.0 3   0.0 189.4 0
ECH        87.3 318.0  86.9   0.1 3   0.0 999.9 0   1.0 3   0.0 999.9 0  20.0 3   0.0  44.0 0
HYB        22.9 307.0 123.4   0.1 3   0.0 999.9 0   1.0 3   0.0 999.9 0  20.0 3   0.0  35.9 0
INU        48.0  44.4 238.7   0.1 3   0.0 999.9 0   1.0 3   0.0 999.9 0  20.0 3   0.0  39.7 0
KIP       101.9  67.2 279.3   0.1 3   0.0 999.9 0   1.0 3   0.0 999.9 0  20.0 3   6.9  66.9 0
MBO       112.5 287.3  79.3   0.1 3   0.0 999.9 0   1.0 3   0.0 999.9 0   5.0 3   4.4 216.4 0
NOUC       72.0 114.6 282.0   0.1 3   0.0  72.3 0   1.0 3   0.0 992.5 1   5.0 3   0.0 188.5 1
PAF        58.3 200.7  32.6   0.1 3   0.0 404.3 0   1.0 3   0.0 444.4 0   5.0 3   0.0 200.4 0
PPT       113.0 107.2 266.7   0.1 3   0.0 999.9 0
SCZ       125.6  38.5 309.8   0.1 3   0.0  25.3 0
SEY        71.1  23.3 239.7   0.1 3   0.0 999.9 0   1.0 3   0.0 999.9 0  20.0 3   0.0  46.0 0
SSB        89.3 315.2  84.9   0.1 3   0.0 999.9 0   1.0 3   0.0 999.9 0  20.0 3   0.0  58.9 0
UNM       151.5  34.7 323.3   0.1 3   0.0 999.9 0   1.0 3   0.0 999.9 0  20.0 3   0.0 111.7 0
WFM       132.4 349.0  14.8   0.1 3   0.0 999.9 0   5.0 3  10.8 130.8 0
WUS        40.6 338.6 151.1   0.1 3   0.0 999.9 0   1.0 3   0.0 135.3 0  20.0 3   0.0  39.6 0

  1990 11 16   7 20 10.3   -60.300   -25.600   15.0  5.5  5.2  seed seed.dat                  111690A
AGD        89.7  65.9 207.6   0.1 3   0.0 999.9 0
CAN        84.4 175.6 182.7   0.1 3   0.0 999.9 0   1.0 3   0.0 999.9 0
CAY        68.4 331.1 166.1   0.1 3   0.0 999.9 0
CRZF       45.4 108.8 222.9   0.1 3   0.0 999.9 0   1.0 3   0.0 999.9 0   5.0 3   0.0  27.8 0
DRV        52.7 172.9 188.9   0.1 3   0.0 999.9 0   1.0 3   0.0 999.9 0   5.0 3   7.8  39.8 0
ECH       111.6  23.0 196.9   0.1 3   0.0 999.9 0   1.0 3   0.0 999.9 0  20.0 3   0.4  60.4 0
HYB       112.0  93.6 211.5   0.1 3   0.0 999.9 0   1.0 3   0.0 164.2 0  20.0 3  28.3  88.3 0
INU       152.6 148.3 199.1   0.1 3   0.0 999.9 0   1.0 3   0.0 999.9 0
KIP       128.9 241.8 151.7   0.1 3   0.0 999.9 0   1.0 3   0.0 999.9 0
MBO        74.9   8.7 184.5   0.1 3   0.0 999.9 0   1.0 3   0.0 999.9 0   5.0 3   2.8  42.8 0
NOUC       97.2 191.1 174.1   0.1 3   0.0 781.7 0   1.0 3   0.0 781.8 0
PAF        51.3 123.8 219.2   0.1 3   0.0 999.9 0   1.0 3   0.0 999.9 0   5.0 3   0.0  34.8 0
PPT        90.2 232.2 155.7   0.1 3   0.0 999.9 0
SCZ       123.8 285.4 143.2   0.1 3   0.0 999.9 0
SEY       177.2  21.8 341.1   0.1 3   0.0 999.9 0   1.0 3   0.0 999.9 0  20.0 3   0.0   4.4 0
SSB       108.2  22.0 195.3   0.1 3   0.0 999.9 0   1.0 3   0.0 999.9 0
UNM        98.9 293.4 151.0   0.1 3   0.0 999.9 0   1.0 3   0.0 999.9 0
WFM       109.4 325.7 157.6   0.1 3   0.0 999.9 0
WUS       131.8  78.0 220.4   0.1 3   0.0 999.9 0   1.0 3   0.0 999.9 0

  1990 11 18  16  6 50.7     3.440    97.360   33.0  5.1  4.5  seed seed.dat                  111890A
AGD        54.6 281.6  93.9   0.1 3   0.0 999.9 0
CAN        61.9 133.3 297.3   0.1 3   0.0 999.9 0   1.0 3   0.0 999.9 0
CAY       148.6 285.3  75.1   0.1 3   0.0 999.9 0
CRZF       63.9 213.4  52.6   0.1 3   0.0 999.9 0   1.0 3   0.0 999.9 0   5.0 3  25.2  53.2 0
DRV        76.3 163.9 315.8   0.1 3   0.0 999.9 0   1.0 3   0.0 999.9 0   5.0 3  29.2  61.2 0
ECH        87.6 318.0  87.4   0.1 3   0.0 999.9 0   1.0 3   0.0 999.9 0  20.0 3  32.8  92.8 0
HYB        23.1 308.3 124.8   0.1 3   0.0 999.9 0   1.0 3   0.0 999.9 0  20.0 3   0.0  44.3 0
INU        48.6  44.1 238.4   0.1 3   0.0 999.9 0   1.0 3   0.0 999.9 0  20.0 3  13.4  73.4 0
KIP       102.3  67.3 278.8   0.1 3   0.0 473.0 0   1.0 3   0.0 999.9 0
MBO       112.5 287.1  79.9   0.1 3   0.0 999.9 0   1.0 3   0.0 999.9 0
NOUC       71.9 114.4 281.4   0.1 3   0.0 325.0 0   1.0 3   0.0 295.2 0   5.0 3  31.2  63.2 0
PAF        57.7 200.7  32.7   0.1 3   0.0 999.9 0   1.0 3   0.0 999.9 0   5.0 3  20.2  52.2 0
PPT       113.0 107.5 266.1   0.1 3   0.0 999.9 0
SCZ       126.2  38.6 309.5   0.1 3   0.0 999.9 0
SEY        71.7  23.3 239.6   0.1 3   0.0 473.0 0   1.0 3   0.0 999.9 0
SSB        89.6 315.2  85.4   0.1 3   0.0 999.9 0   1.0 3   0.0 999.9 0
UNM       152.1  35.1 322.9   0.1 3   0.0 999.9 0   1.0 3   0.0 999.9 0
WFM       133.0 348.7  15.2   0.1 3   0.0 999.9 0
WUS        41.1 339.0 151.7   0.1 3   0.0 999.9 0   1.0 3   0.0 999.9 0  20.0 3   0.0  57.3 0

  1990 11 18  16 23  7.5     3.640    97.490   35.0  5.7  0.0  seed seed.dat                  111890B
AGD        54.7 281.5  93.7   0.1 3   0.0 999.9 0
CAN        61.9 133.4 297.5   0.1 3   0.0 999.9 0   1.0 3   0.0 999.9 0
CAY       148.6 285.7  74.6   0.1 3   0.0 999.9 0
CRZF       64.1 213.4  52.6   0.1 3   0.0 999.9 0   1.0 3   0.0 999.9 0   5.0 3   8.9  36.9 0
DRV        76.5 163.9 316.0   0.1 3   0.0 999.9 0   1.0 3   0.0 999.9 0   5.0 3  12.9  44.9 0
ECH        87.5 318.0  87.2   0.1 3   0.0 999.9 0   1.0 3   0.0 999.9 0  20.0 3  16.5  76.5 0
HYB        23.1 307.8 124.2   0.1 3   0.0 999.9 0   1.0 3   0.0 999.9 0  20.0 3   0.0  28.0 0
INU        48.3  44.2 238.4   0.1 3   0.0 999.9 0   1.0 3   0.0 999.9 0  20.0 3   0.0  57.2 0
KIP       102.1  67.3 279.0   0.1 3   0.0 456.7 0   1.0 3   0.0 999.9 0
MBO       112.6 287.2  79.7   0.1 3   0.0 999.9 0   1.0 3   0.0 991.9 0
NOUC       71.9 114.5 281.6   0.1 3   0.0 308.7 0   1.0 3   0.0 278.9 0   5.0 3  14.9  46.9 0
PAF        57.9 200.7  32.8   0.1 3   0.0 999.9 0   1.0 3   0.0 999.9 0   5.0 3   3.9  35.9 0
PPT       112.9 107.4 266.3   0.1 3   0.0 999.9 0
SCZ       125.9  38.6 309.5   0.1 3   0.0 999.9 0
SEY        71.4  23.2 239.6   0.1 3   0.0 456.7 0   1.0 3   0.0 999.9 0
SSB        89.5 315.2  85.2   0.1 3   0.0 999.9 0   1.0 3   0.0 999.9 0
UNM       151.8  35.0 322.9   0.1 3   0.0 999.9 0   1.0 3   0.0 999.9 0
WFM       132.8 348.9  15.0   0.1 3   0.0 999.9 0
WUS        40.9 338.8 151.4   0.1 3   0.0 999.9 0   1.0 3   0.0 999.9 0  20.0 3   0.0  41.0 0

  1990 11 18  20 28 15.4    17.830   -62.920   90.1  5.5  0.0  seed seed.dat                  111890C
AGD       101.1  73.9 291.0   0.1 3   0.0 999.9 0
CAN       146.8 232.4 113.8   0.1 3   0.0 999.9 0   1.0 3   0.0 999.9 0
CAY        16.5 139.7 321.8   0.1 3   0.0 999.9 0
CRZF      119.8 133.5 264.5   0.1 3   0.0 999.9 0   1.0 3   0.0 999.9 0
DRV       128.9 191.6 151.6   0.1 3   0.0 999.9 0   1.0 3   0.0 999.9 0
ECH        63.6  44.5 267.7   0.1 3   0.0 999.9 0   1.0 3   0.0 999.9 0  20.0 3   0.0  58.3 0
HYB       128.3  49.2 311.0   0.1 3   0.0 999.9 0   1.0 3   0.0 999.9 0
INU       123.7 340.5  22.9   0.1 3   0.0 999.9 0   1.0 3   0.0 999.9 0
KIP        88.1 291.9  71.6   0.1 3   0.0 211.6 0   1.0 3   0.0 999.9 0
MBO        44.2  87.5 280.9   0.1 3   0.0 999.9 0   1.0 3   0.0 746.7 0   5.0 3   0.0  26.7 0
NOUC      133.7 256.5  86.4   0.1 3   0.0  63.6 0   1.0 3   0.0  48.8 1
PAF       131.0 140.6 246.7   0.1 3   0.0 999.9 0   1.0 3   0.0 999.9 0
PPT        92.2 252.5  72.2   0.1 3   0.0 999.9 0
SCZ        54.4 302.6  93.5   0.1 3   0.0 999.9 0
SEY        94.8 344.6  33.4   0.1 3   0.0 211.6 0   1.0 3   0.0 998.4 0
SSB        61.7  47.7 267.3   0.1 3   0.0 999.9 0   1.0 3   0.0 999.9 0
UNM        34.4 278.4  86.4   0.1 3   0.0 999.9 0   1.0 3   0.0 999.9 0
WFM        25.8 345.3 160.9   0.1 3   0.0 999.9 0
WUS       111.5  29.8 321.2   0.1 3   0.0 999.9 0   1.0 3   0.0 999.9 0

  1990 11 20   9  3 37.0     0.400   126.780  108.4  5.7  0.0  seed seed.dat                  112090A
AGD        84.0 281.5  90.7   0.1 3   0.0 999.9 0
CAN        41.2 152.0 324.9   0.1 3   0.0 999.9 0   1.0 3   0.0 999.9 0
CAY       174.6 350.4   9.5   0.1 3   0.0 999.9 0
CRZF       79.9 222.7  78.9   0.1 3   0.0 999.9 0   1.0 3   0.0 999.9 0
DRV        67.6 174.3 345.6   0.1 3   0.0 999.9 0   1.0 3   0.0 999.9 0   5.0 3  12.4  40.4 0
ECH       109.0 322.1  66.6   0.1 3   0.0 999.9 0   1.0 3   0.0 999.9 0  20.0 3  32.0  92.0 0
HYB        50.4 292.4 104.4   0.1 3   0.0 999.9 0   1.0 3   0.0 999.9 0
INU        36.1  14.3 197.6   0.1 3   0.0 999.9 0   1.0 3   0.0 999.9 0  20.0 3   0.0  40.7 0
KIP        76.1  68.1 265.0   0.1 3   0.0 999.9 0
MBO       141.2 293.8  70.6   0.1 3   0.0 999.9 0   1.0 3   0.0 999.9 0
NOUC       44.6 122.7 294.8   0.1 3   0.0 999.9 0   1.0 3   0.0 999.9 0   5.0 3   0.0  30.4 0
PAF        69.2 215.7  63.3   0.1 3   0.0 999.9 0   1.0 3   0.0 999.9 0
PPT        84.1 107.6 272.2   0.1 3   0.0 999.9 0
SCZ       107.1  51.4 283.9   0.1 3   0.0 999.9 0
SEY        65.3  12.6 208.5   0.1 3   0.0 999.9 0   1.0 3   0.0 999.9 0  20.0 3   7.6 127.6 0
SSB       111.8 320.0  65.4   0.1 3   0.0 999.9 0   1.0 3   0.0 999.9 0
UNM       130.8  63.8 288.4   0.1 3   0.0 999.9 0   1.0 3   0.0 999.9 0
WFM       134.0  18.8 334.3   0.1 3   0.0 999.9 0
WUS        59.1 319.5 120.6   0.1 3   0.0 999.9 0   1.0 3   0.0 999.9 0

  1990 11 20  13 37 35.1    45.730   151.030   29.4  5.3  4.7  seed seed.dat                  112090B
AGD        94.1 291.2  41.8   0.1 3   0.0 999.9 0
CAN        80.9 181.7   1.4   0.1 3   0.0 999.9 0   1.0 3   0.0 999.9 0
CAY       125.3  28.8 340.1   0.1 3   0.0 999.9 0
CRZF      126.4 238.3  59.5   0.1 3   0.0 999.9 0   1.0 3   0.0 999.9 0
DRV       112.5 184.7   8.4   0.1 3   0.0 999.9 0   1.0 3   0.0 789.4 0
ECH        81.1 336.6  24.6   0.1 3   0.0 999.9 0   1.0 3   0.0 999.9 0
HYB        65.5 270.3  47.1   0.1 3   0.0 999.9 0   1.0 3   0.0 979.1 0  20.0 3   9.3  69.3 0
INU        14.8 230.6  41.4   0.1 3   0.0 999.9 0   1.0 3   0.0 999.9 0
KIP        47.9 102.7 312.9   0.1 3   0.0 999.9 0
MBO       119.0 346.7   9.6   0.1 3   0.0 999.9 0   1.0 3   0.0 999.9 0
NOUC       69.1 164.8 348.6   0.1 3   0.0 794.3 0   1.0 3   0.0 779.5 0
PAF       118.0 227.1  51.7   0.1 3   0.0 999.9 0   1.0 3   0.0 999.9 0
PPT        82.9 124.0 322.5   0.1 3   0.0 999.9 0
SCZ        63.3  63.9 308.6   0.1 3   0.0 999.9 0
SEY        17.2   2.1 183.2   0.1 3   0.0 999.9 0   1.0 3   0.0 999.9 0  20.0 3   0.0 317.7 1
SSB        84.5 337.0  22.8   0.1 3   0.0 999.9 0   1.0 3   0.0 999.9 0
UNM        89.3  62.5 318.8   0.1 3   0.0 999.9 0   1.0 3   0.0 999.9 0
WFM        84.1  30.0 331.7   0.1 3   0.0 999.9 0
WUS        50.6 292.2  59.2   0.1 3   0.0 999.9 0   1.0 3   0.0 999.9 0

  1990 11 20  20 17 42.3   -17.810  -174.720   27.0  5.2  0.0  seed seed.dat                  112090C
AGD       143.2 265.2 104.1   0.1 3   0.0 999.9 0
CAN        36.6 234.3  71.1   0.1 3   0.0 999.9 0   1.0 3   0.0 999.9 0
CAY       122.3  95.7 252.2   0.1 3   0.0 999.9 0
CRZF      103.4 211.0 134.8   0.1 3   0.0 999.9 0   1.0 3   0.0 999.9 0
DRV        56.9 199.7  53.9   0.1 3   0.0 999.9 0   1.0 3   0.0 389.3 0   5.0 3   6.3  34.3 0
ECH       149.6 357.5   3.5   0.1 3   0.0 999.9 0   1.0 3   0.0 999.9 0  20.0 3  42.9 102.9 0
HYB       110.6 282.2 102.7   0.1 3   0.0 999.9 0   1.0 3   0.0 579.0 0
INU        70.0 319.5 130.7   0.1 3   0.0 999.9 0   1.0 3   0.0 999.9 0
KIP        42.4  23.5 204.0   0.1 3   0.0 999.9 0
MBO       158.4  96.4 258.5   0.1 3   0.0 999.9 0   1.0 3   0.0 999.9 0   5.0 3   0.0  25.3 0
NOUC       18.3 253.4  79.9   0.1 3   0.0 394.2 0   1.0 3   0.0 379.3 0   5.0 3   0.0  20.3 0
PAF        91.9 216.3 120.5   0.1 3   0.0 999.9 0   1.0 3   0.0 999.9 0
PPT        23.9  93.3 265.6   0.1 3   0.0 999.9 0
SCZ        74.0  42.3 232.8   0.1 3   0.0 999.9 0
SEY        84.6 345.5 148.6   0.1 3   0.0 999.9 0   1.0 3   0.0 999.9 0  20.0 3   3.6  63.6 0
SSB       152.6   1.1 358.5   0.1 3   0.0 999.9 0   1.0 3   0.0 999.9 0
UNM        82.9  67.3 248.5   0.1 3   0.0 999.9 0   1.0 3   0.0 999.9 0
WFM       111.5  50.7 265.5   0.1 3   0.0 999.9 0
WUS       113.5 307.6  93.2   0.1 3   0.0 999.9 0   1.0 3   0.0 999.9 0

  1990 11 21   1 48 26.5    51.630  -170.700   18.7  5.7  5.9  seed seed.dat                  112190A
AGD       110.6 324.8  21.6   0.1 3   0.0 999.9 0
CAN        93.7 212.1  23.9   0.1 3   0.0 999.9 0   1.0 3   0.0 999.9 0
CAY       103.1  64.0 325.7   0.1 3   0.0 999.9 0
CRZF      152.0 264.4  64.3   0.1 3   0.0 999.9 0   1.0 3   0.0 999.9 0
DRV       123.9 201.4  34.8   0.1 3   0.0 999.9 0   1.0 3   0.0  58.5 0   5.0 3  35.6  67.6 0
ECH        80.3   1.4 358.7   0.1 3   0.0 999.9 0   1.0 3   0.0 999.9 0  20.0 3   0.0  44.2 0
HYB        88.7 296.9  35.6   0.1 3   0.0 999.9 0   1.0 3   0.0 248.2 0  20.0 3   0.0 104.5 0
INU        40.3 267.2  49.5   0.1 3   0.0 999.9 0   1.0 3   0.0 999.9 0
KIP        31.8 157.1 344.9   0.1 3   0.0 999.9 0
MBO       110.3  27.1 342.9   0.1 3   0.0 999.9 0   1.0 3   0.0 999.9 0   5.0 3  18.6 126.6 0
NOUC       76.3 202.0  14.6   0.1 3   0.0  63.4 0   1.0 3   0.0  48.6 0   5.0 3   9.6  48.6 0
PAF       142.2 249.2  63.1   0.1 3   0.0 999.9 0   1.0 3   0.0 999.9 0
PPT        71.5 158.7 346.3   0.1 3   0.0 999.9 0
SCZ        37.6  93.7 309.4   0.1 3   0.0 999.9 0
SEY        22.5 314.3 102.8   0.1 3   0.0 999.9 0   1.0 3   0.0 999.9 0  20.0 3   0.0  48.8 0
SSB        83.2   3.4 357.0   0.1 3   0.0 999.9 0   1.0 3   0.0 999.9 0
UNM        63.6  91.7 318.8   0.1 3   0.0 999.9 0   1.0 3   0.0 999.9 0  20.0 3   5.8  65.8 0
WFM        62.9  54.8 316.4   0.1 3   0.0 999.9 0
WUS        69.3 310.9  38.6   0.1 3   0.0 999.9 0   1.0 3   0.0 999.9 0  20.0 3   0.0  41.7 0

  1990 11 22   5 13 46.0    51.850  -175.350   43.8  5.2  0.0  seed seed.dat                  112290A
AGD       108.7 320.4  23.8   0.1 3   0.0 999.9 0
CAN        92.4 208.6  21.3   0.1 3   0.0 999.9 0   1.0 3   0.0 999.9 0
CAY       105.6  59.9 327.3   0.1 3   0.0 999.9 0
CRZF      149.1 261.8  63.0   0.1 3   0.0 999.9 0   1.0 3   0.0 999.9 0
DRV       123.1 199.6  31.4   0.1 3   0.0 999.9 0   1.0 3   0.0 999.9 0
ECH        80.1 358.3   1.6   0.1 3   0.0 999.9 0   1.0 3   0.0 999.9 0
HYB        86.0 293.3  36.6   0.1 3   0.0 999.9 0   1.0 3   0.0 999.9 1  20.0 3  39.7  99.7 0
INU        37.4 263.0  48.8   0.1 3   0.0 999.9 0   1.0 3   0.0 999.9 0
KIP        33.2 149.5 340.3   0.1 3   0.0 999.9 0   1.0 3   0.0 999.9 0
MBO       111.3  22.4 345.8   0.1 3   0.0 999.9 0   1.0 3   0.0 999.9 0
NOUC       75.5 197.6  11.7   0.1 3   0.0 999.9 0   1.0 3   0.0 999.9 0
PAF       139.7 247.1  61.0   0.1 3   0.0 999.9 0   1.0 3   0.0 565.2 0
PPT        72.8 154.2 343.6   0.1 3   0.0 999.9 0
SCZ        40.5  90.2 309.6   0.1 3   0.0 999.9 0
SEY        20.3 315.5 108.0   0.1 3   0.0 999.9 0   1.0 3   0.0 472.9 0  20.0 3   0.0  37.5 0
SSB        83.1   0.1 359.9   0.1 3   0.0 999.9 0   1.0 3   0.0 999.9 0
UNM        66.5  88.2 319.0   0.1 3   0.0 999.9 0   1.0 3   0.0 999.9 0
WFM        65.1  52.0 318.5   0.1 3   0.0 999.9 0
WUS        66.9 307.9  40.4   0.1 3   0.0 999.9 0   1.0 3   0.0 999.9 0

  1990 11 22  14 25 12.7    -9.870   -78.470   48.0  5.2  0.0  seed seed.dat                  112290B
AGD       122.4  82.7 265.7   0.1 3   0.0 999.9 0
CAN       116.5 222.3 126.0   0.1 3   0.0 999.9 0   1.0 3   0.0 999.9 0
CAY        30.0  61.7 240.5   0.1 3   0.0 999.9 0
CRZF      108.5 146.3 232.2   0.1 3   0.0 999.9 0   1.0 3   0.0 999.9 0
DRV        98.6 194.5 141.8   0.1 3   0.0 999.9 0   1.0 3   0.0 999.9 0
ECH        94.4  42.0 260.4   0.1 3   0.0 999.9 0   1.0 3   0.0 999.9 0
HYB       156.5  69.2 286.1   0.1 3   0.0 999.9 0   1.0 3   0.0 999.9 0
INU       138.9 313.6  60.1   0.1 3   0.0 999.9 0   1.0 3   0.0 999.9 0
KIP        84.0 292.8 102.9   0.1 3   0.0 999.9 0   1.0 3   0.0 999.9 0
MBO        65.6  69.3 252.1   0.1 3   0.0 999.9 0   1.0 3   0.0 999.9 0   5.0 3  13.8  45.8 0
NOUC      109.0 242.5 109.6   0.1 3   0.0 666.7 0   1.0 3   0.0 636.8 0
PAF       114.8 158.0 214.2   0.1 3   0.0 999.9 0   1.0 3   0.0 999.9 1
PPT        69.2 254.9  94.2   0.1 3   0.0 999.9 0
SCZ        61.4 321.3 130.0   0.1 3   0.0 999.9 0
SEY       115.8 336.7  57.9   0.1 3   0.0 999.9 0   1.0 3   0.0 999.9 0  20.0 3  12.1  72.0 0
SSB        92.1  44.6 258.4   0.1 3   0.0 999.9 0   1.0 3   0.0 999.9 0  20.0 3   0.0 158.4 1
UNM        35.5 324.9 143.1   0.1 3   0.0 999.9 0   1.0 3   0.0 999.9 0
WFM        52.7   6.5 188.7   0.1 3   0.0 999.9 0
WUS       143.1  28.6 321.8   0.1 3   0.0 999.9 0   1.0 3   0.0 999.9 0

  1990 11 22  20 49  8.6    -5.710   150.950   45.5  5.9  6.0  seed seed.dat                  112290C
AGD       108.9 280.1  92.0   0.1 3   0.0 999.9 0
CAN        29.6 183.2   3.9   0.1 3   0.0 999.9 0   1.0 3   0.0 999.9 0  20.0 3   0.0  37.4 0
CAY       156.8  90.9 267.2   0.1 3   0.0 999.9 0
CRZF       92.1 223.1 100.7   0.1 3   0.0 999.9 0   1.0 3   0.0 999.9 0   5.0 3   2.9  62.9 0
DRV        61.4 184.9  12.4   0.1 3   0.0 999.9 0   1.0 3   0.0 999.9 0   5.0 3   0.0  54.9 0
ECH       127.6 330.0  47.6   0.1 3   0.0 999.9 0   1.0 3   0.0 999.9 0  20.0 3   0.0  52.5 0
HYB        75.1 289.6 100.9   0.1 3   0.0 999.9 0   1.0 3   0.0 999.9 0  20.0 3   0.0  42.3 0
INU        43.0 343.2 159.4   0.1 3   0.0 999.9 0   1.0 3   0.0 999.9 0  20.0 3   0.0  39.1 0
KIP        56.9  60.0 247.6   0.1 3   0.0 999.9 0   1.0 3   0.0 999.9 0  20.0 3   0.0  52.3 0
MBO       165.3 306.6  54.7   0.1 3   0.0 999.9 0   1.0 3   0.0 999.9 0   5.0 3   0.0 121.9 0
NOUC       22.1 139.1 315.4   0.1 3   0.0 282.8 0   1.0 3   0.0 252.9 0   5.0 3   0.0  48.9 0
PAF        79.6 221.0  86.9   0.1 3   0.0 999.9 0   1.0 3   0.0 999.9 0   5.0 3   0.0  57.9 0
PPT        59.2 107.0 273.8   0.1 3   0.0 999.9 0
SCZ        91.5  53.6 264.2   0.1 3   0.0 999.9 0   5.0 3  13.3 133.3 0
SEY        68.6   0.7 181.5   0.1 3   0.0 999.9 0   1.0 3   0.0 999.9 0  20.0 3   0.0  28.1 0
SSB       130.9 328.8  46.5   0.1 3   0.0 999.9 0   1.0 3   0.0 999.9 0  20.0 3  28.5  88.5 0
UNM       110.6  71.6 271.3   0.1 3   0.0 999.9 0   1.0 3   0.0 999.9 0
WFM       127.5  38.9 302.5   0.1 3   0.0 999.9 0   5.0 3  31.7 151.7 0
WUS        80.2 313.3 106.3   0.1 3   0.0 999.9 0   1.0 3   0.0 999.9 0  20.0 3   0.0  43.0 0

  1990 11 23   0 56  8.3    -4.740   145.970   15.0  5.4  5.5  seed seed.dat                  112390A
AGD       103.8 280.6  92.0   0.1 3   0.0 999.9 0
CAN        30.6 175.1 354.0   0.1 3   0.0 999.9 0   1.0 3   0.0 999.9 0  20.0 3   0.0  46.4 0
CAY       161.8  88.8 270.1   0.1 3   0.0 999.9 0
CRZF       89.4 223.6  96.4   0.1 3   0.0 771.7 0   1.0 3   0.0 756.8 0   5.0 3  19.9  59.9 0
DRV        62.0 182.7   6.7   0.1 3   0.0 999.9 0   1.0 3   0.0 999.9 0   5.0 3   7.9  39.9 0
ECH       124.2 327.8  52.3   0.1 3   0.0 999.9 0   1.0 3   0.0 999.9 0  20.0 3  23.5  83.5 0
HYB        70.1 290.3 101.7   0.1 3   0.0 999.9 0   1.0 3   0.0 999.9 0
INU        40.9 348.8 166.3   0.1 3   0.0 999.9 0   1.0 3   0.0 999.9 0  20.0 3   0.0  52.1 0
KIP        60.7  62.4 251.4   0.1 3   0.0 999.9 0   1.0 3   0.0 999.9 0  20.0 3   3.3  63.3 0
MBO       160.6 300.7  61.5   0.1 3   0.0 999.9 0   1.0 3   0.0 999.9 0   5.0 3  38.9 114.9 0
NOUC       26.2 133.1 308.3   0.1 3   0.0 285.8 1   1.0 3   0.0 255.9 1   5.0 3   0.0  25.9 1
PAF        77.1 220.5  82.4   0.1 3   0.0 999.9 0   1.0 3   0.0 999.9 0   5.0 3  14.9  46.9 0
PPT        64.2 107.1 273.2   0.1 3   0.0 999.9 0
SCZ        94.9  53.8 268.0   0.1 3   0.0 999.9 0
SEY        67.8   3.2 186.9   0.1 3   0.0 999.9 0   1.0 3   0.0 999.9 0  20.0 3   0.0  55.1 0
SSB       127.4 326.3  51.2   0.1 3   0.0 999.9 0   1.0 3   0.0 999.9 0
UNM       115.0  71.0 274.0   0.1 3   0.0 999.9 0   1.0 3   0.0 999.9 0
WFM       129.7  35.8 308.3   0.1 3   0.0 999.9 0
WUS        76.0 314.4 109.1   0.1 3   0.0 999.9 0   1.0 3   0.0 999.9 0  20.0 3   0.0  44.0 0

  1990 11 23   7 41 47.9     6.010   126.040  105.9  5.8  4.1  seed seed.dat                  112390B
AGD        82.2 280.8  85.4   0.1 3   0.0 999.9 0
CAN        46.5 153.9 327.6   0.1 3   0.0 999.9 0   1.0 3   0.0 999.9 0
CAY       169.0 351.5   8.5   0.1 3   0.0 999.9 0
CRZF       83.6 222.1  74.5   0.1 3   0.0 366.0 0   1.0 3   0.0 351.2 0
DRV        73.3 174.2 345.4   0.1 3   0.0 999.9 0   1.0 3   0.0 999.9 0
ECH       104.1 322.9  63.7   0.1 3   0.0 999.9 0   1.0 3   0.0 999.9 0
HYB        47.7 288.0  97.8   0.1 3   0.0 999.9 0   1.0 3   0.0 999.9 0
INU        31.0  17.7 201.7   0.1 3   0.0 999.9 0   1.0 3   0.0 999.9 0
KIP        74.8  69.5 270.6   0.1 3   0.0 999.9 0   1.0 3   0.0 999.9 0
MBO       138.0 299.3  63.4   0.1 3   0.0 999.9 0   1.0 3   0.0 999.9 0   5.0 3  17.2  45.2 0
NOUC       48.4 126.6 300.6   0.1 3   0.0 999.9 0   1.0 3   0.0 999.9 0   5.0 3   4.3  32.3 0
PAF        73.4 214.4  59.3   0.1 3   0.0 999.9 0   1.0 3   0.0 999.9 0
PPT        86.5 107.9 277.3   0.1 3   0.0 999.9 0
SCZ       104.2  50.0 288.9   0.1 3   0.0 999.9 0
SEY        60.0  13.5 210.7   0.1 3   0.0 999.9 0   1.0 3   0.0 999.9 0  20.0 3   5.5  65.5 0
SSB       107.0 321.0  62.3   0.1 3   0.0 999.9 0   1.0 3   0.0 999.9 0
UNM       128.8  59.3 295.2   0.1 3   0.0 978.1 0   1.0 3   0.0 631.6 0
WFM       128.9  16.6 337.5   0.1 3   0.0 999.9 0
WUS        54.5 317.4 116.8   0.1 3   0.0 999.9 0   1.0 3   0.0 999.9 0

  1990 11 23  22 35 34.2     4.450   -75.460  147.0  5.8  0.0  seed seed.dat                  112390C
AGD       116.6  74.8 281.0   0.1 3   0.0 999.9 0
CAN       128.7 227.3 116.7   0.1 3   0.0 999.9 0   1.0 3   0.0 999.9 0
CAY        23.1  87.8 269.7   0.1 3   0.0 999.9 0
CRZF      118.2 141.3 243.9   0.1 3   0.0 999.9 0   1.0 3   0.0 999.9 0   5.0 3  36.4  68.4 0
DRV       113.2 194.6 141.1   0.1 3   0.0 999.9 0   1.0 3   0.0 999.9 0
ECH        81.8  42.1 267.6   0.1 3   0.0 999.9 0   1.0 3   0.0 999.9 0  20.0 3   0.0  45.0 0
HYB       146.3  49.0 308.2   0.1 3   0.0 999.9 0   1.0 3   0.0 999.9 0  20.0 3   0.0  49.9 0
INU       129.9 325.1  44.1   0.1 3   0.0 999.9 0   1.0 3   0.0 999.9 0
KIP        81.5 290.9  88.4   0.1 3   0.0 999.9 0   1.0 3   0.0 999.9 0  20.0 3  13.8  73.8 0
MBO        58.4  75.9 266.4   0.1 3   0.0 999.9 0   1.0 3   0.0 999.9 0   5.0 3   0.0  39.4 0
NOUC      117.8 247.5  97.0   0.1 3   0.0 186.3 0   1.0 3   0.0 186.5 0
PAF       126.6 152.6 224.2   0.1 3   0.0 999.9 0   1.0 3   0.0 999.9 0   5.0 3  43.4  75.4 0
PPT        76.3 250.8  80.9   0.1 3   0.0 999.9 0   5.0 3  20.0 140.0 0
SCZ        52.9 313.5 115.9   0.1 3   0.0 999.9 0
SEY       103.7 339.6  49.4   0.1 3   0.0 999.9 0   1.0 3   0.0 999.9 0  20.0 3   0.0 105.7 0
SSB        79.8  44.9 266.2   0.1 3   0.0 999.9 0   1.0 3   0.0 999.9 0  20.0 3  12.0  72.0 0
UNM        27.5 304.5 119.5   0.1 3   0.0  84.3 0   1.0 3   0.0 999.9 0  20.0 3   0.0  36.7 0
WFM        38.2   4.7 186.4   0.1 3   0.0 999.9 0
WUS       128.9  24.5 326.9   0.1 3   0.0 999.9 0   1.0 3   0.0 999.9 0

  1990 11 24   7 46 10.2   -14.640  -177.380  393.0  5.0  0.0  seed seed.dat                  112490A
AGD       140.8 270.1  98.8   0.1 3   0.0 973.7 0
CAN        36.5 229.5  64.3   0.1 3   0.0 999.9 0   1.0 3   0.0 999.9 0
CAY       125.1  94.4 255.7   0.1 3   0.0 999.9 0
CRZF      104.7 212.7 130.9   0.1 3   0.0 999.9 0   1.0 3   0.0 999.9 0
DRV        59.1 198.3  49.9   0.1 3   0.0 999.9 0   1.0 3   0.0 999.9 0
ECH       146.3 354.5   7.8   0.1 3   0.0 973.7 0   1.0 3   0.0 676.2 0
HYB       107.4 283.8 100.1   0.1 3   0.0 999.9 0   1.0 3   0.0 999.9 0
INU        66.0 320.2 130.6   0.1 3   0.0 999.9 0   1.0 3   0.0 999.9 0
KIP        40.7  28.4 209.6   0.1 3   0.0 999.9 0   1.0 3   0.0 999.9 0
MBO       161.1  88.8 267.4   0.1 3   0.0 999.9 0   1.0 3   0.0 999.9 0
NOUC       17.2 242.0  67.2   0.1 3   0.0 999.9 0   1.0 3   0.0 999.9 0
PAF        92.9 217.2 116.5   0.1 3   0.0 532.7 0   1.0 3   0.0 532.8 0
PPT        26.9 100.0 272.2   0.1 3   0.0 999.9 0
SCZ        73.4  44.2 237.0   0.1 3   0.0 999.9 0
SEY        81.0 346.5 150.3   0.1 3   0.0 999.9 0   1.0 3   0.0 999.9 0  20.0 3   0.0  31.1 0
SSB       149.4 357.3   3.6   0.1 3   0.0 999.9 0   1.0 3   0.0 999.9 0  20.0 3   0.0  69.4 0
UNM        84.1  68.4 252.4   0.1 3   0.0 999.9 0   1.0 3   0.0 525.2 0
WFM       111.4  49.8 269.9   0.1 3   0.0 999.9 0
WUS       109.6 308.7  92.3   0.1 3   0.0 999.9 0   1.0 3   0.0 999.9 0

  1990 11 24  16 16 59.5    -1.380   135.760   15.0  5.2  4.9  seed seed.dat                  112490B
AGD        93.2 281.4  90.7   0.1 3   0.0 462.9 0
CAN        36.0 161.4 337.0   0.1 3   0.0 999.9 0   1.0 3   0.0 999.9 0  20.0 3   0.0  53.5 0
CAY       171.2  66.2 293.9   0.1 3   0.0 999.9 0
CRZF       84.8 223.7  86.7   0.1 3   0.0 999.9 0   1.0 3   0.0 999.9 0
DRV        65.3 178.1 355.3   0.1 3   0.0 999.9 0   1.0 3   0.0 999.9 0
ECH       115.7 324.5  59.9   0.1 3   0.0 462.8 0   1.0 3   0.0 165.4 0
HYB        59.4 291.1 102.3   0.1 3   0.0 999.9 0   1.0 3   0.0 999.9 0
INU        36.7   1.7 182.1   0.1 3   0.0 999.9 0   1.0 3   0.0 999.9 0
KIP        68.5  66.4 259.6   0.1 3   0.0 999.9 0   1.0 3   0.0 999.9 0
MBO       150.1 297.0  66.5   0.1 3   0.0 697.8 0   1.0 3   0.0 718.0 0
NOUC       36.2 127.0 300.5   0.1 3   0.0 824.9 0   1.0 3   0.0 780.1 0   5.0 3   0.0  25.1 0
PAF        73.2 218.4  72.0   0.1 3   0.0  21.8 0   1.0 3   0.0  22.0 0
PPT        75.0 107.7 273.3   0.1 3   0.0 999.9 0
SCZ       101.1  53.1 276.8   0.1 3   0.0 999.9 0
SEY        65.4   8.3 198.4   0.1 3   0.0 999.9 0   1.0 3   0.0 999.9 0  20.0 3   0.0  38.3 0
SSB       118.8 322.7  58.8   0.1 3   0.0 999.9 0   1.0 3   0.0 690.7 0
UNM       123.4  67.8 281.7   0.1 3   0.0 999.9 0   1.0 3   0.0  14.4 0
WFM       132.2  27.2 322.1   0.1 3   0.0 999.9 0
WUS        66.5 316.6 114.4   0.1 3   0.0 999.9 0   1.0 3   0.0 999.9 0  20.0 3  11.1  71.1 0

  1990 11 25   1  0 53.9   -23.550  -175.490   15.0  5.3  5.3  seed seed.dat                  112590A
CAN        32.9 240.9  78.9   0.1 3   0.0 999.9 0   1.0 3   0.0 999.9 0  20.0 3   0.0  47.6 0
CAY       122.3  99.6 245.4   0.1 3   0.0 999.9 0
CRZF       98.1 210.8 137.2   0.1 3   0.0 786.9 0   1.0 3   0.0 757.1 0
DRV        51.3 200.9  55.6   0.1 3   0.0 999.9 0   1.0 3   0.0 999.9 0   5.0 3   0.0  55.1 0
ECH       155.3 355.7   5.7   0.1 3   0.0 999.9 0   1.0 3   0.0 999.9 0
HYB       111.1 280.2 108.9   0.1 3   0.0 999.9 0   1.0 3   0.0 999.9 0
INU        74.0 321.1 135.1   0.1 3   0.0 999.9 0   1.0 3   0.0 999.9 0
KIP        48.0  22.2 201.8   0.1 3   0.0 999.9 0   1.0 3   0.0 999.9 0
MBO       157.8 111.0 243.0   0.1 3   0.0 173.9 0   1.0 3   0.0 194.1 0
NOUC       16.8 271.3  98.4   0.1 3   0.0 301.0 0   1.0 3   0.0 256.2 0   5.0 3   0.0  17.2 0
PPT        25.0  81.1 251.8   0.1 3   0.0 659.0 0
SCZ        78.7  41.7 229.4   0.1 3   0.0 999.9 0
SEY        90.0 345.9 150.7   0.1 3   0.0 999.9 0   1.0 3   0.0 999.9 0
SSB       158.3 359.9   0.1   0.1 3   0.0 999.9 0   1.0 3   0.0 166.8 0
UNM        85.8  67.1 243.5   0.1 3   0.0 999.9 0   1.0 3   0.0 999.9 0
WFM       115.6  52.8 261.1   0.1 3   0.0 999.9 0
WUS       116.4 305.5  98.7   0.1 3   0.0 999.9 0   1.0 3   0.0 999.9 0

  1990 11 25   3 36 19.9   -23.540  -175.460   30.0  5.4  0.0  seed seed.dat                  112590B
AGD       141.7 258.1 113.2   0.1 3   0.0 999.9 0
CAN        32.9 240.9  78.9   0.1 3   0.0 999.9 0   1.0 3   0.0 999.9 0  20.0 3   0.0  48.2 0
CAY       122.3  99.6 245.4   0.1 3   0.0 999.9 0
CRZF       98.1 210.8 137.2   0.1 3   0.0 631.5 0   1.0 3   0.0 601.7 0
DRV        51.3 200.9  55.6   0.1 3   0.0 999.9 0   1.0 3   0.0 999.9 0   5.0 3   3.7  35.7 0
ECH       155.3 355.8   5.7   0.1 3   0.0 999.9 0   1.0 3   0.0 999.9 0  20.0 3   0.0  52.3 0
HYB       111.1 280.2 108.9   0.1 3   0.0 999.9 0   1.0 3   0.0 999.9 0  20.0 3  33.1  93.1 0
INU        74.0 321.1 135.1   0.1 3   0.0 999.9 0   1.0 3   0.0 859.7 0
KIP        47.9  22.2 201.8   0.1 3   0.0 999.9 0   1.0 3   0.0 999.9 0
MBO       157.8 111.0 243.1   0.1 3   0.0  18.5 0   1.0 3   0.0  38.7 0   5.0 3   0.0  50.7 1
NOUC       16.9 271.3  98.4   0.1 3   0.0 145.6 0   1.0 3   0.0 100.7 0   5.0 3   0.0  57.8 0
PPT        24.9  81.1 251.9   0.1 3   0.0 503.5 0
SCZ        78.7  41.7 229.4   0.1 3   0.0 999.9 0
SEY        90.0 345.9 150.7   0.1 3   0.0 999.9 0   1.0 3   0.0 999.9 0  20.0 3   0.0  88.9 0
SSB       158.3 360.0   0.0   0.1 3   0.0 999.9 0   1.0 3   0.0  11.4 0
UNM        85.8  67.0 243.5   0.1 3   0.0 999.9 0   1.0 3   0.0 999.9 0  20.0 3  15.8  75.8 0
WFM       115.6  52.8 261.1   0.1 3   0.0 999.9 0
WUS       116.4 305.5  98.7   0.1 3   0.0 999.9 0   1.0 3   0.0 999.9 0  20.0 3  35.8  95.8 0

  1990 11 25   4  3  1.3   -23.360  -175.390  192.0  5.0  0.0  seed seed.dat                  112590C
AGD       141.8 258.3 112.9   0.1 3   0.0 999.9 0
CAN        33.1 240.7  78.7   0.1 3   0.0 999.9 0   1.0 3   0.0 999.9 0  20.0 3   0.0  21.5 0
CAY       122.2  99.5 245.6   0.1 3   0.0 999.9 0
CRZF       98.3 210.8 137.1   0.1 3   0.0 604.8 0   1.0 3   0.0 575.0 0
DRV        51.5 200.9  55.6   0.1 3   0.0 999.9 0   1.0 3   0.0 999.9 0   5.0 3   0.0   9.0 0
ECH       155.1 355.9   5.5   0.1 3   0.0 999.9 0   1.0 3   0.0 999.9 0  20.0 3   0.0  25.6 0
HYB       111.1 280.3 108.7   0.1 3   0.0 999.9 0   1.0 3   0.0 999.9 0  20.0 3   6.4  66.4 0
INU        73.9 321.0 134.9   0.1 3   0.0 999.9 0   1.0 3   0.0 833.0 0
KIP        47.7  22.2 201.8   0.1 3   0.0 999.9 0   1.0 3   0.0 999.9 0
MBO       157.8 110.5 243.6   1.0 3   0.0  12.0 0   5.0 3   0.0  24.0 0
NOUC       16.9 270.6  97.8   0.1 3   0.0 118.9 0   1.0 3   0.0  74.1 0   5.0 3   0.0  31.1 0
PPT        24.8  81.4 252.3   0.1 3   0.0 476.8 0
SCZ        78.5  41.7 229.5   0.1 3   0.0 999.9 0
SEY        89.8 345.8 150.6   0.1 3   0.0 999.9 0   1.0 3   0.0 999.9 0  20.0 3   0.0  62.2 0
SSB       158.1   0.1 359.8   0.1 3   0.0 999.9 0
UNM        85.6  67.0 243.6   0.1 3   0.0 999.9 0   1.0 3   0.0 999.9 0  20.0 3   0.0  49.1 0
WFM       115.5  52.7 261.2   0.1 3   0.0 999.9 0
WUS       116.3 305.6  98.5   0.1 3   0.0 999.9 0   1.0 3   0.0 999.9 0  20.0 3   9.1  69.1 0

  1990 11 25  12 32 45.3    -2.700   -77.790   25.0  5.7  5.0  seed seed.dat                  112590D
AGD       120.5  78.3 273.8   0.1 3   0.0 999.9 0   5.0 3   0.0   0.5 0
CAN       122.1 224.7 121.0   0.1 3   0.0 999.9 0   1.0 3   0.0 999.9 0
CAY        26.6  73.4 253.9   0.1 3   0.0 999.9 0   5.0 3   5.6 125.6 0
CRZF      114.0 144.4 237.1   0.1 3   0.0  95.1 0   1.0 3   0.0  65.2 0
DRV       105.7 194.7 140.6   0.1 3   0.0 999.9 0   1.0 3   0.0 999.9 0
ECH        88.6  41.8 264.6   0.1 3   0.0 999.9 0   1.0 3   0.0 999.9 0  20.0 3  15.8  75.8 0
HYB       152.5  56.3 300.0   0.1 3   0.0 999.9 0   1.0 3   0.0 999.9 0
INU       134.2 319.3  52.4   0.1 3   0.0 999.9 0   1.0 3   0.0 323.3 0
KIP        81.9 291.9  96.0   0.1 3   0.0 999.9 0   1.0 3   0.0 999.9 0  20.0 3  12.6  72.6 0
MBO        62.6  72.4 259.3   0.1 3   0.0 999.9 0   1.0 3   0.0 999.9 0   5.0 3  10.2  38.2 0
NOUC      112.8 244.8 103.1   0.1 3   0.0 659.2 0   1.0 3   0.0 654.3 0
SCZ        56.4 318.2 124.0   0.1 3   0.0 999.9 0
SEY       109.5 338.1  54.3   0.1 3   0.0 687.1 0   1.0 3   0.0 999.9 0  20.0 3   0.0  30.5 0
SSB        86.5  44.5 262.8   0.1 3   0.0 999.9 0
UNM        30.4 317.0 133.8   0.1 3   0.0 999.9 0   1.0 3   0.0 999.9 0  20.0 3   0.0  47.4 0
WFM        45.6   6.5 188.9   0.1 3   0.0 999.9 0
WUS       136.4  25.3 325.8   0.1 3   0.0 999.9 0   1.0 3   0.0 999.9 0

  1990 11 26  20  9 20.8   -21.290  -179.550  613.7  5.0  0.0  seed seed.dat                  112690A
AGD       138.3 263.1 108.9   0.1 3   0.0 999.9 0
CAN        30.9 236.2  71.6   0.1 3   0.0 999.9 0   1.0 3   0.0 999.9 0
CAY       126.4 100.1 247.3   0.1 3   0.0 999.9 0
CRZF       98.0 213.0 132.7   0.1 3   0.0 999.9 0   1.0 3   0.0 999.9 0
DRV        52.1 199.1  50.1   0.1 3   0.0 999.9 0   1.0 3   0.0 999.9 0
ECH       152.6 350.1  13.5   0.1 3   0.0 999.9 0   1.0 3   0.0 999.9 0
HYB       106.9 282.3 107.3   0.1 3   0.0 999.9 0   1.0 3   0.0 999.9 0
INU        69.9 323.2 136.8   0.1 3   0.0 999.9 0   1.0 3   0.0 999.9 0
KIP        47.5  27.7 207.8   0.1 3   0.0 999.9 0   1.0 3   0.0 999.9 0
MBO       162.1 110.4 245.5   0.1 3   0.0 999.9 0   1.0 3   0.0 999.9 0   5.0 3   0.0  25.6 0
NOUC       13.2 263.9  89.1   0.1 3   0.0 212.6 0   1.0 3   0.0 212.8 0
PPT        28.5  87.8 257.6   0.1 3   0.0 999.9 0
SCZ        79.6  44.1 233.8   0.1 3   0.0 999.9 0
SEY        87.0 347.5 153.9   0.1 3   0.0 230.5 0   1.0 3   0.0 659.0 0  20.0 3   0.0 179.9 0
SSB       155.8 352.9   9.2   0.1 3   0.0 999.9 0   1.0 3   0.0 999.9 0
UNM        88.4  68.8 247.0   0.1 3   0.0 999.9 0   1.0 3   0.0 999.9 0
WFM       117.2  52.3 265.7   0.1 3   0.0 999.9 0
WUS       112.0 306.9  99.2   0.1 3   0.0 999.9 0   1.0 3   0.0 999.9 0

  1990 11 27   4 37 57.1    43.420    16.440   15.0  5.2  5.6  seed seed.dat                  112790A
AGD        39.2 136.3 329.1   0.1 3   0.0 801.9 0   5.0 3   0.0 110.5 0
CAN       142.9  93.3 296.8   0.1 3   0.0 999.9 0   1.0 3   0.0 999.9 0
CAY        71.2 258.9  45.8   0.1 3   0.0 999.9 0
CRZF       95.0 156.2 334.8   0.1 3   0.0 999.9 0   1.0 3   0.0 999.9 0
DRV       142.1 147.0 260.5   0.1 3   0.0 999.9 0   1.0 3   0.0 999.9 0
ECH         8.1 309.7 123.1   0.1 3   0.0 999.9 0   1.0 3   0.0 999.9 0  20.0 3   0.0  33.6 0
HYB        58.0  95.9 310.7   0.1 3   0.0 999.9 0   1.0 3   0.0 999.9 0  20.0 3  13.1  73.1 0
INU        84.6  44.8 321.1   0.1 3   0.0 999.9 0   1.0 3   0.0 999.9 0  20.0 3  24.3  84.3 0
KIP       115.1 354.3   4.4   0.1 3   0.0 999.9 0   1.0 3   0.0 999.9 0
MBO        40.7 235.0  38.0   0.1 3   0.0 999.9 0   1.0 3   0.0 999.9 0   5.0 3   0.0  45.0 0
NOUC      147.2  58.7 317.2   0.1 3   0.0 954.0 0   1.0 3   0.0 939.2 0
PPT       151.6 331.3  21.9   0.1 3   0.0 999.9 0
SCZ        91.5 327.4  29.2   0.1 3   0.0 999.9 0
SEY        68.2  20.0 327.0   0.1 3   0.0 999.9 0   1.0 3   0.0 150.4 0  20.0 3  13.3 133.3 0
SSB         8.7 286.4  98.1   0.1 3   0.0 999.9 0   1.0 3   0.0 884.9 0  20.0 3   0.0  36.5 0
UNM        94.0 301.6  41.1   0.1 3   0.0 999.9 0   1.0 3   0.0 999.9 0
WFM        61.1 302.8  56.1   0.1 3   0.0 999.9 0
WUS        45.4  70.1 294.8   0.1 3   0.0 999.9 0   1.0 3   0.0 999.9 0  20.0 3   0.0  56.2 0

  1990 11 29   0 40 32.7   -20.640  -179.270  634.0  5.1  0.0  seed seed.dat                  112990A
AGD       138.7 263.7 107.9   0.1 3   0.0 999.9 0
CAN        31.4 235.5  70.8   0.1 3   0.0 999.9 0   1.0 3   0.0 999.9 0
CAY       126.2  99.5 248.2   0.1 3   0.0 999.9 0
CRZF       98.7 212.9 132.6   0.1 3   0.0 999.9 0   1.0 3   0.0 999.9 0   5.0 3   0.0  23.5 0
DRV        52.8 199.0  50.1   0.1 3   0.0 999.9 0   1.0 3   0.0 999.9 0
ECH       152.0 350.7  12.7   0.1 3   0.0 999.9 0   1.0 3   0.0 999.9 0
HYB       107.1 282.4 106.6   0.1 3   0.0 999.9 0   1.0 3   0.0 999.9 0
INU        69.5 322.8 136.2   0.1 3   0.0 999.9 0   1.0 3   0.0 999.9 0
KIP        46.8  27.7 207.8   0.1 3   0.0 999.9 0   1.0 3   0.0 999.9 0
MBO       162.0 108.2 247.8   0.1 3   0.0 999.9 0   1.0 3   0.0 999.9 0
NOUC       13.5 261.2  86.5   0.1 3   0.0 999.9 0   1.0 3   0.0 999.9 0   5.0 3   0.0  13.6 0
PPT        28.2  88.9 259.0   0.1 3   0.0 999.9 0
SCZ        79.0  44.1 234.1   0.1 3   0.0 999.9 0
SEY        86.4 347.4 153.5   0.1 3   0.0 999.9 0   1.0 3   0.0 999.9 0  20.0 3   0.0   4.7 0
SSB       155.2 353.5   8.4   0.1 3   0.0 999.9 0   1.0 3   0.0 999.9 0
UNM        87.9  68.7 247.5   0.1 3   0.0 999.9 0   1.0 3   0.0 999.9 0
WFM       116.6  52.0 266.1   0.1 3   0.0 999.9 0
WUS       111.8 307.1  98.5   0.1 3   0.0 999.9 0   1.0 3   0.0 999.9 0

  1990 11 29   4 29  6.8    15.040   147.990   15.0  4.9  4.7  seed seed.dat                  112990B
AGD       101.3 285.4  71.9   0.1 3   0.0 999.9 0   5.0 3   0.0 114.6 0
CAN        50.2 178.9 358.7   0.1 3   0.0 999.9 0   1.0 3   0.0 999.9 0
CAY       151.7  46.6 315.0   0.1 3   0.0 999.9 0
CRZF      105.0 225.5  84.1   0.1 3   0.0 999.9 0   1.0 3   0.0 999.9 0
DRV        81.8 183.2   7.8   0.1 3   0.0 999.9 0   1.0 3   0.0 999.9 0
ECH       107.9 333.7  39.8   0.1 3   0.0 999.9 0   1.0 3   0.0 999.9 0
HYB        66.4 282.7  80.8   0.1 3   0.0 999.9 0   1.0 3   0.0 999.9 0
INU        22.5 336.0 151.3   0.1 3   0.0 999.9 0   1.0 3   0.0 999.9 0
KIP        51.5  74.4 272.6   0.1 3   0.0 999.9 0   1.0 3   0.0 999.9 0
MBO       147.1 332.5  27.4   0.1 3   0.0 999.9 0   1.0 3   0.0 999.9 0   5.0 3  36.9  64.9 0
NOUC       41.1 153.6 332.4   0.1 3   0.0 999.9 0   1.0 3   0.0 998.0 0   5.0 3   1.0  29.0 0
PPT        69.6 115.5 293.9   0.1 3   0.0 999.9 0
SCZ        81.6  54.4 282.6   0.1 3   0.0 999.9 0
SEY        48.0   2.7 185.7   0.1 3   0.0 999.9 0   1.0 3   0.0 999.9 0
SSB       111.3 333.2  38.0   0.1 3   0.0 999.9 0   1.0 3   0.0 999.9 0
UNM       105.6  64.5 292.5   0.1 3   0.0 999.9 0   1.0 3   0.0 999.9 0
WFM       112.0  30.4 318.6   0.1 3   0.0 999.9 0
WUS        64.3 308.7  92.1   0.1 3   0.0 999.9 0   1.0 3   0.0 999.9 0

  1990 11 29  20 58 11.7   -27.660  -179.790  425.7  4.9  0.0  seed seed.dat                  112990C
AGD       137.0 256.3 118.1   0.1 3   0.0 999.9 0
CAN        27.6 246.1  82.7   0.1 3   0.0 999.9 0   1.0 3   0.0 999.9 0  20.0 3   0.0  44.3 0
CAY       125.2 104.8 239.6   0.1 3   0.0 999.9 0
CRZF       92.6 212.8 136.0   0.1 3   0.0 999.9 0   1.0 3   0.0 999.9 0   5.0 3  17.8  57.8 0
DRV        46.1 200.9  52.7   0.1 3   0.0 999.9 0   1.0 3   0.0 999.9 0   5.0 3  25.8  53.8 0
ECH       158.8 346.9  16.9   0.1 3   0.0 999.9 0   1.0 3   0.0 999.9 0  20.0 3   8.4  68.4 0
HYB       108.0 280.4 113.9   0.1 3   0.0 999.9 0   1.0 3   0.0 999.9 0  20.0 3  28.7  88.7 0
INU        74.9 324.5 140.9   0.1 3   0.0 999.9 0   1.0 3   0.0 999.9 0
KIP        53.3  25.6 204.3   0.1 3   0.0 999.9 0   1.0 3   0.0 999.9 0
MBO       159.3 126.8 228.1   0.1 3   0.0 999.9 0   1.0 3   0.0 999.9 0   5.0 3  11.8 115.8 1
NOUC       13.8 290.6 116.5   0.1 3   0.0 999.9 1   1.0 3   0.0 999.9 1   5.0 3   0.0  67.9 2
PPT        29.6  76.6 244.7   0.1 3   0.0 999.9 0
SCZ        84.4  43.6 229.5   0.1 3   0.0 999.9 0
SEY        93.1 347.6 155.4   0.1 3   0.0 999.9 0   1.0 3   0.0 999.9 0
SSB       162.1 349.8  12.3   0.1 3   0.0 999.9 0   1.0 3   0.0 999.9 0
UNM        90.9  68.9 241.2   0.1 3   0.0 999.9 0   1.0 3   0.0 999.9 0
WFM       121.2  55.2 260.0   0.1 3   0.0 999.9 0
WUS       115.6 304.6 105.0   0.1 3   0.0 999.9 0   1.0 3   0.0 324.7 0  20.0 3  41.9 101.9 0

  1990 11 29  21 26 20.5   -41.570    88.820   15.0  4.8  0.0  seed seed.dat                  112990D
AGD        67.8 310.3 144.3   0.1 3   0.0 999.9 0
CAN        46.7 103.0 243.3   0.1 3   0.0 999.9 0   1.0 3   0.0 999.9 0  20.0 3   0.0  16.2 0
CAY       129.7 234.0 142.2   0.1 3   0.0 999.9 0
CRZF       26.8 247.0  93.1   0.1 3   0.0 999.9 0   1.0 3   0.0 999.9 0   5.0 3   0.0  29.7 0
DRV        37.4 149.4 286.0   0.1 3   0.0 999.9 0   1.0 3   0.0 999.9 0   5.0 3   0.0  25.7 0
ECH       114.9 313.0 124.9   0.1 3   0.0 999.9 0   1.0 3   0.0 999.9 0  20.0 3   0.0  40.3 0
HYB        59.6 348.6 171.1   0.1 3   0.0 999.9 0   1.0 3   0.0 999.9 0  20.0 3   0.6  60.6 0
INU        88.5  37.7 214.1   0.1 3   0.0 999.9 0   1.0 3   0.0 999.9 0
KIP       121.0  88.3 233.8   0.1 3   0.0 999.9 0   1.0 3   0.0 999.9 0
MBO       111.2 270.4 129.2   0.1 3   0.0 999.9 0   1.0 3   0.0 999.9 0   5.0 3   0.0  87.7 1
NOUC       66.5  99.4 232.9   0.1 3   0.0 999.9 1   1.0 3   0.0 999.9 0   5.0 3  11.8  39.8 0
PPT       100.1 124.6 220.4   0.1 3   0.0 999.9 0
SCZ       156.1  92.9 249.5   0.1 3   0.0 999.9 0
SEY       115.9  27.2 228.4   0.1 3   0.0 999.9 0   1.0 3   0.0 999.9 0
SSB       114.7 309.2 124.6   0.1 3   0.0 999.9 0   1.0 3   0.0 999.9 0
UNM       156.8 160.8 195.5   0.1 3   0.0 999.9 0   1.0 3   0.0 999.9 0
WFM       165.4 279.2  91.1   0.1 3   0.0 999.9 0
WUS        83.0 352.7 172.7   0.1 3   0.0 999.9 0   1.0 3   0.0 296.5 0  20.0 3  13.8  73.8 0

  1990 11 30  13 19 28.4     1.140   123.850   28.4  5.5  5.2  seed seed.dat                  113090A
AGD        81.0 281.4  90.6   0.1 3   0.0 999.9 0
CAN        43.3 149.5 321.6   0.1 3   0.0 999.9 0   1.0 3   0.0 999.9 0
CAY       172.8 327.8  32.2   0.1 3   0.0 999.9 0
CRZF       78.5 222.2  76.2   0.1 3   0.0 999.9 0   1.0 3   0.0 999.9 0   5.0 3  16.5  44.5 0
DRV        68.7 173.2 342.6   0.1 3   0.0 999.9 0   1.0 3   0.0 999.9 0
ECH       106.6 321.4  68.5   0.1 3   0.0 999.9 0   1.0 3   0.0 999.9 0  20.0 3   0.1  60.1 0
HYB        47.4 292.7 104.9   0.1 3   0.0 999.9 0   1.0 3   0.0 999.9 0  20.0 3   0.0  47.5 0
INU        36.3  18.4 202.7   0.1 3   0.0 999.9 0   1.0 3   0.0 999.9 0
KIP        78.5  68.5 266.8   0.1 3   0.0 999.9 0   1.0 3   0.0 999.9 0
MBO       138.2 293.2  71.3   0.1 3   0.0 999.9 0   1.0 3   0.0 999.9 0
NOUC       47.4 121.8 293.5   0.1 3   0.0 562.5 0   1.0 3   0.0 582.7 0   5.0 3   0.0  30.7 0
PAF        68.2 214.6  60.3   0.1 3   0.0 999.9 0   1.0 3   0.0 999.9 0   5.0 3   3.5  43.5 0
PPT        87.1 107.5 272.0   0.1 3   0.0 999.9 0
SCZ       108.9  50.6 286.5   0.1 3   0.0 999.9 0
SEY        65.3  13.9 211.8   0.1 3   0.0 999.9 0   1.0 3   0.0 999.9 0
SSB       109.3 319.3  67.3   0.1 3   0.0 999.9 0   1.0 3   0.0 999.9 0
UNM       133.1  62.0 291.1   0.1 3   0.0 999.9 0   1.0 3   0.0 999.9 0
WFM       134.2  15.8 338.5   0.1 3   0.0 999.9 0
WUS        56.7 320.6 122.7   0.1 3   0.0 999.9 0   1.0 3   0.0 170.4 0  20.0 3   0.0  40.6 0

  1990 11 30  14 17  2.6     1.430   123.830   33.0  5.4  4.7  seed seed.dat                  113090B
AGD        80.9 281.4  90.3   0.1 3   0.0 999.9 0
CAN        43.6 149.6 321.8   0.1 3   0.0 999.9 0   1.0 3   0.0 999.9 0
CAY       172.6 328.8  31.1   0.1 3   0.0 999.9 0
CRZF       78.7 222.1  75.9   0.1 3   0.0 999.9 0   1.0 3   0.0 999.9 0
DRV        69.0 173.2 342.6   0.1 3   0.0 999.9 0   1.0 3   0.0 999.9 0
ECH       106.3 321.5  68.4   0.1 3   0.0 999.9 0   1.0 3   0.0 999.9 0  20.0 3   0.0   2.5 0
HYB        47.2 292.5 104.6   0.1 3   0.0 999.9 0   1.0 3   0.0 999.9 0
INU        36.0  18.6 202.9   0.1 3   0.0 999.9 0   1.0 3   0.0 999.9 0
KIP        78.5  68.5 267.1   0.1 3   0.0 999.9 0   1.0 3   0.0 999.9 0
MBO       138.1 293.5  71.0   0.1 3   0.0 999.9 0   1.0 3   0.0 999.9 0   5.0 3   0.0  53.0 0
NOUC       47.6 122.0 293.8   0.1 3   0.0 504.9 0   1.0 3   0.0 525.1 0
PAF        68.4 214.5  60.1   0.1 3   0.0 999.9 0   1.0 3   0.0 999.9 0
PPT        87.2 107.6 272.3   0.1 3   0.0 999.9 0
SCZ       108.8  50.5 286.7   0.1 3   0.0 999.9 0
SEY        65.0  14.0 211.9   0.1 3   0.0 999.9 0   1.0 3   0.0 999.9 0
SSB       109.1 319.3  67.1   0.1 3   0.0 999.9 0   1.0 3   0.0 999.9 0
UNM       133.0  61.7 291.4   0.1 3   0.0 999.9 0   1.0 3   0.0 999.9 0
WFM       133.9  15.7 338.6   0.1 3   0.0 999.9 0
WUS        56.5 320.5 122.5   0.1 3   0.0 999.9 0   1.0 3   0.0 112.8 0

  1990 12  1  18  9 28.8    40.620    73.410   32.0  5.0  4.6  seed seed.dat                  120190A
AGD        39.6 231.6  37.4   0.1 3   0.0 999.9 0
CAN       102.7 125.6 310.8   0.1 3   0.0 999.9 0   1.0 3   0.0 999.9 0
CAY       112.7 298.9  42.1   0.1 3   0.0 999.9 0
CRZF       89.0 194.8  16.3   0.1 3   0.0 999.9 0   1.0 3   0.0 999.9 0
DRV       118.5 155.3 307.3   0.1 3   0.0 999.9 0   1.0 3   0.0 999.9 0
ECH        46.5 302.7  73.5   0.1 3   0.0 999.9 0   1.0 3   0.0 999.9 0  20.0 3   0.0  55.1 0
HYB        23.6 167.6 350.2   0.1 3   0.0 999.9 0   1.0 3   0.0 999.9 0  20.0 3   0.0  40.8 0
INU        49.4  74.4 296.3   0.1 3   0.0 999.9 0   1.0 3   0.0 999.9 0
KIP       101.8  47.9 322.6   0.1 3   0.0 999.9 0   1.0 3   0.0 999.9 0
MBO        81.0 281.4  50.3   0.1 3   0.0 749.4 0   1.0 3   0.0 889.5 0   5.0 3   0.0  25.5 0
NOUC      106.2 105.1 307.5   0.1 3   0.0 763.4 0   1.0 3   0.0 813.5 0
PAF        89.8 182.1   2.4   0.1 3   0.0 999.9 0   1.0 3   0.0 999.9 0
PPT       136.5  70.5 310.8   0.1 3   0.0 999.9 0
SCZ       101.8  12.1 348.6   0.1 3   0.0 999.9 0
SEY        49.9  35.9 282.7   0.1 3   0.0 999.9 0   1.0 3   0.0 999.9 0
SSB        49.2 299.7  69.6   0.1 3   0.0 999.9 0   1.0 3   0.0 999.9 0
UNM       119.8 352.0   6.5   0.1 3   0.0 999.9 0   1.0 3   0.0 999.9 0
WFM        91.1 335.0  25.9   0.1 3   0.0 999.9 0
WUS         4.4  80.6 264.4   0.1 3   0.0 999.9 0   1.0 3   0.0 170.9 0  20.0 3   0.0  32.1 0

  1990 12  2   8  5 52.7    40.340   143.130   16.0  5.0  5.2  seed seed.dat                  120290A
AGD        90.3 285.5  48.7   0.1 3   0.0 999.9 0   5.0 3   0.0  69.1 0
CAN        75.7 175.0 355.4   0.1 3   0.0 999.9 0   1.0 3   0.0 999.9 0
CAY       132.6  21.0 343.9   0.1 3   0.0 999.9 0
CRZF      118.6 232.2  60.7   0.1 3   0.0 999.9 0   1.0 3   0.0 999.9 0
DRV       106.9 181.3   2.5   0.1 3   0.0 999.9 0   1.0 3   0.0 999.9 0
ECH        83.4 332.2  32.2   0.1 3   0.0 999.9 0   1.0 3   0.0 999.9 0  20.0 3  18.7  78.7 0
HYB        59.6 267.7  53.1   0.1 3   0.0 999.9 0   1.0 3   0.0 999.9 0
INU         6.9 226.0  42.3   0.1 3   0.0 999.9 0   1.0 3   0.0 999.9 0
KIP        52.9  92.3 305.0   0.1 3   0.0 999.9 0   1.0 3   0.0 999.9 0
MBO       122.4 337.1  17.9   1.0 3   0.0  53.1 0
NOUC       65.9 156.4 340.7   0.1 3   0.0 777.0 0   1.0 3   0.0 732.1 0   5.0 3  39.1  79.1 0
PAF       110.1 221.9  51.2   0.1 3   0.0 999.9 0   1.0 3   0.0 999.9 0
PPT        85.0 117.8 314.9   0.1 3   0.0 999.9 0
SCZ        71.0  57.8 306.6   0.1 3   0.0 999.9 0
SEY        23.3  10.7 198.1   0.1 3   0.0 999.9 0   1.0 3   0.0 999.9 0
SSB        86.9 332.2  30.3   0.1 3   0.0 999.9 0   1.0 3   0.0 999.9 0
UNM        97.0  57.2 317.1   0.1 3   0.0 999.9 0   1.0 3   0.0 999.9 0  20.0 3  34.4  94.4 0
WFM        91.5  24.7 334.3   0.1 3   0.0 999.9 0
WUS        47.3 293.1  68.7   0.1 3   0.0 999.9 0   1.0 3   0.0  87.5 0

  1990 12  2   8 44  1.5   -26.710  -114.160   15.0  5.2  5.5  seed seed.dat                  120290B
AGD       153.6 121.1 232.1   0.1 3   0.0 999.9 0   5.0 3   0.0  31.0 0
CAN        80.1 235.4 115.8   0.1 3   0.0 999.9 0   1.0 3   0.0 999.9 0  20.0 3  10.5  70.5 0
CAY        67.6  72.0 238.6   0.1 3   0.0 999.9 0
CRZF      105.9 170.0 192.9   0.1 3   0.0 999.9 0   1.0 3   0.0 999.9 0   5.0 3  28.0  60.0 0
DRV        71.7 203.8 115.1   0.1 3   0.0 999.9 0   1.0 3   0.0 999.9 0   5.0 3  12.0  44.0 0
ECH       130.1  48.5 273.9   0.1 3   0.0 999.9 0   1.0 3   0.0 999.9 0  20.0 3   0.0  40.6 0
HYB       165.0 233.5 129.7   0.1 3   0.0 999.9 0   1.0 3   0.0 999.9 0
INU       119.6 296.9 102.9   0.1 3   0.0 999.9 0   1.0 3   0.0 999.9 0
KIP        64.1 314.0 136.3   0.1 3   0.0 999.9 0   1.0 3   0.0 999.9 0
MBO       102.7  80.4 245.5   1.0 3   0.0  15.0 0   5.0 3   7.0  31.0 0
NOUC       71.4 254.0 112.0   0.1 3   0.0 738.8 0   1.0 3   0.0 694.0 0   5.0 3   1.0  41.0 0
PAF       104.0 182.9 176.0   0.1 3   0.0 999.9 0   1.0 3   0.0 999.9 0   5.0 3  27.0  59.0 0
PPT        33.9 278.1 111.9   0.1 3   0.0 999.9 0
SCZ        63.5 353.5 172.7   0.1 3   0.0 999.9 0
SEY       115.1 329.6  99.7   0.1 3   0.0 999.9 0   1.0 3   0.0 999.9 0  20.0 3  29.4  89.4 0
SSB       128.4  52.4 269.6   0.1 3   0.0 999.9 0   1.0 3   0.0 999.9 0  20.0 3  35.4  95.4 0
UNM        48.1  19.2 198.1   0.1 3   0.0 999.9 0   1.0 3   0.0 999.9 0  20.0 3   0.0  56.3 0
WFM        79.5  30.7 218.2   0.1 3   0.0 999.9 0
WUS       161.8 325.4  40.8   0.1 3   0.0 999.9 0   1.0 3   0.0  49.3 0

  1990 12  2  14 37 27.5   -21.340   -68.800  133.6  5.3  0.0  seed seed.dat                  120290C
AGD       114.1  86.8 251.8   0.1 3   0.0 999.9 0
CAN       113.1 212.9 141.7   0.1 3   0.0 999.9 0   1.0 3   0.0 999.9 0
CAY        30.8  33.6 211.2   0.1 3   0.0 999.9 0
CRZF       93.8 143.5 233.3   0.1 3   0.0 999.9 0   1.0 3   0.0 999.9 0
DRV        89.5 191.0 153.4   0.1 3   0.0 999.9 0   1.0 3   0.0 999.9 0
ECH        96.8  40.9 245.8   0.1 3   0.0 999.9 0   1.0 3   0.0 999.9 0
HYB       149.0  92.0 257.8   0.1 3   0.0 999.9 0   1.0 3   0.0 999.9 0
INU       153.4 306.8  64.5   0.1 3   0.0 999.9 0   1.0 3   0.0 999.9 0
KIP        96.9 290.1 110.0   0.1 3   0.0 999.9 0   1.0 3   0.0 999.9 0
NOUC      111.0 234.4 125.1   0.1 3   0.0 385.4 0   1.0 3   0.0 340.5 0
PAF       100.6 154.2 218.3   0.1 3   0.0 999.9 0   1.0 3   0.0 999.9 0
PPT        75.4 256.5 108.2   0.1 3   0.0 999.9 0
SCZ        76.2 318.7 130.2   0.1 3   0.0 999.9 0
SEY       130.0 336.7  53.0   0.1 3   0.0 999.9 0   1.0 3   0.0 999.9 0
SSB        94.0  42.8 243.7   0.1 3   0.0 999.9 0   1.0 3   0.0 999.9 0
UNM        50.3 321.5 142.1   0.1 3   0.0 999.9 0   1.0 3   0.0 999.9 0
WFM        63.8 357.8 177.2   0.1 3   0.0 999.9 0
WUS       146.5  46.8 297.0   0.1 3   0.0 999.9 0   1.0 3   9.3 681.2 0

  1990 12  3   0 38 38.1     6.780   -72.950  158.2  4.7  0.0  seed seed.dat                  120390A
AGD       113.6  74.3 282.8   0.1 3   0.0 999.9 0
CAN       132.2 227.6 116.7   0.1 3   0.0 999.9 0   1.0 3   0.0 999.9 0
CAY        20.6  93.9 276.1   0.1 3   0.0 999.9 0
CRZF      118.5 139.7 247.8   0.1 3   0.0 789.2 0   1.0 3   0.0 789.4 0
DRV       116.0 194.0 143.2   0.1 3   0.0 999.9 0   1.0 3   0.0 999.9 0
ECH        78.4  42.2 267.3   0.1 3   0.0 999.9 0   1.0 3   0.0 999.9 0
HYB       142.9  49.1 308.4   0.1 3   0.0 999.9 0   1.0 3   0.0 999.9 0
INU       129.4 328.1  39.8   0.1 3   0.0 999.9 0   1.0 3   0.0 999.9 0
KIP        83.0 290.8  85.4   0.1 3   0.0 999.9 0   1.0 3   0.0 999.9 0
NOUC      121.0 248.5  95.7   0.1 3   0.0 234.2 0   1.0 3   0.0 214.4 0
PAF       127.4 150.3 228.3   0.1 3   0.0 999.9 0   1.0 3   0.0 999.9 0
PPT        79.4 250.8  79.5   0.1 3   0.0 999.9 0
SCZ        53.2 311.2 111.7   0.1 3   0.0 999.9 0
SEY       102.3 340.6  46.2   0.1 3   0.0 999.9 0   1.0 3   0.0 999.9 0
SSB        76.4  45.1 266.1   0.1 3   0.0 999.9 0   1.0 3   0.0 999.9 0
UNM        28.4 298.6 112.5   0.1 3   0.0 999.9 0   1.0 3   0.0 999.9 0
WFM        35.8   1.8 182.5   0.1 3   0.0 999.9 0
WUS       125.8  25.7 325.3   0.1 3   0.0 999.9 0   1.0 3   0.0  80.1 0

  1990 12  3   5 48 20.7   -22.530   166.710   15.0  5.6  5.4  seed seed.dat                  120390B
AGD       125.5 268.0 109.3   0.1 3   0.0 999.9 0   5.0 3  13.3 133.3 0
CAN        20.0 226.6  55.2   0.1 3   0.0 999.9 0   1.0 3   0.0 999.9 0  20.0 3   0.0  36.2 0
CAY       138.4 109.3 241.4   0.1 3   0.0 999.9 0
CRZF       89.5 218.8 123.1   0.1 3   0.0 479.5 0   1.0 3   0.0 479.7 0
DRV        47.3 194.1  34.5   0.1 3   0.0 999.9 0   1.0 3   0.0 999.9 0   5.0 3   0.0  31.7 0
ECH       149.6 332.3  39.2   0.1 3   0.0 999.9 0   1.0 3   0.0 999.9 0
HYB        94.9 286.6 111.8   0.1 3   0.0 999.9 0   1.0 3   0.0 860.3 0
INU        64.2 333.2 149.3   0.1 3   0.0 999.9 0   1.0 3   0.0 999.9 0
KIP        55.7  40.7 220.4   0.1 3   0.0 999.9 0   1.0 3   0.0 999.9 0
NOUC        0.6 318.5 138.6   0.1 3   0.0 999.9 0   1.0 3   0.0 999.9 0   5.0 3   0.0   8.7 0
PAF        77.2 221.7 109.8   0.1 3   0.0 999.9 0   1.0 3   0.0 999.9 0
PPT        41.2  91.3 255.7   0.1 3   0.0 999.9 0
SCZ        89.8  50.0 241.7   0.1 3   0.0 999.9 0
SEY        86.1 353.5 166.7   0.1 3   0.0 999.9 0   1.0 3   0.0 999.9 0
SSB       153.0 331.3  38.1   0.1 3   0.0 999.9 0   1.0 3   0.0 999.9 0
UNM       100.9  73.7 250.0   0.1 3   0.0 999.9 0   1.0 3   0.0 999.9 0
WFM       128.1  53.1 273.8   0.1 3   0.0 999.9 0
WUS       102.8 309.3 108.5   0.1 3   0.0 999.9 0   1.0 3   0.0 764.7 0  20.0 3   0.0  33.4 0
