  1992  4 23   4 50 22.0    34.070  -116.520   15.0  5.8  6.3  seed seed.dat                  042392A
BNG       122.8  56.7 315.8   0.1 3   0.0 999.9 0   1.0 3   5.4 255.4 0   5.0 3  21.6 133.6 0
CAN       112.0 241.8  63.4   0.1 3   0.0 999.9 0   1.0 3   4.7 254.7 0
CRZF      164.8 147.1 218.8   0.1 3   0.0 999.9 0   1.0 3  10.1 260.1 0   5.0 3  29.6 113.6 0
DRV       126.1 208.8  87.1   0.1 3   0.0 999.9 0   1.0 3   5.7 255.7 0  20.0 3  10.4 190.4 0
ECH        83.7  33.9 316.1   0.1 3   0.0 999.9 0   1.0 3   2.4 252.4 0  20.0 3   0.0  54.5 0
HYB       126.7 342.0  15.6   0.1 3   0.0 999.9 0   1.0 3   5.8 255.8 0  20.0 3  23.6 143.6 0
INU        82.5 307.9  53.3   0.1 3   0.0 999.9 0   1.0 3   2.4 252.4 0  20.0 3  10.2  70.2 0
KIP        38.6 262.0  61.9   0.1 3   0.0 999.9 0   1.0 3   0.0 247.4 0  20.0 3   0.0 107.9 0
MBO        89.7  72.7 305.1   0.1 3   0.0 999.9 0   1.0 3   3.0 253.0 0   5.0 3   8.6 116.6 0
NOUC       92.2 245.0  54.2   0.1 3   0.0 999.9 0   1.0 3   3.2 253.2 0   5.0 3   3.7  91.7 0
PAF       163.9 196.4 159.9   0.1 3   0.0 999.9 0   1.0 3  10.1 260.1 0   5.0 3  25.6 121.6 0
PPT        60.4 216.9  31.5   0.1 3   0.0 999.9 0   1.0 3   0.2 250.2 0
RER       165.4  29.3 333.2   0.1 3   0.0 999.9 0   1.0 3  10.2 260.2 0  20.0 3   0.0  89.0 0
SCZ         4.7 303.7 120.9   0.1 3   0.0 999.9 0   1.0 3   0.0 241.3 0  20.0 3   0.0  32.9 0
SEY        60.7 328.4  71.9   0.1 3   0.0 999.9 0   1.0 3   0.2 250.2 0  20.0 3   0.0  54.5 0
SSB        84.6  37.3 314.6   0.1 3   0.0 999.9 0   1.0 3   2.6 252.6 0  20.0 3   0.0 114.7 0
TAM       101.0  52.7 314.3   0.1 3   0.0 999.9 0   1.0 3   3.8 253.8 0  20.0 3  19.2  79.2 0
UNM        21.3 129.2 317.1   0.1 3   0.0 999.9 0   1.0 3   0.0 244.8 0  20.0 3   0.0  36.2 0
WUS       103.5 347.9  13.3   0.1 3   0.0 999.9 0   1.0 3   4.1 254.1 0  20.0 3  13.4  73.4 0

  1992  4 23   5 40 12.3    51.280  -130.880   15.0  5.0  5.7  seed seed.dat                  042392B
BNG       118.6  35.1 338.7   0.1 3   0.0 999.9 0   1.0 3   0.0 205.6 0   5.0 3   0.0  83.8 0
CAN       111.2 239.9  41.7   0.1 3   0.0 999.9 0   1.0 3   0.0 204.8 0
CRZF      174.8 339.9  21.0   0.1 3   0.0 999.9 0   1.0 3   0.0 210.3 0   5.0 3   0.0  63.8 0
DRV       135.3 214.7  63.4   0.1 3   0.0 999.9 0   1.0 3   0.0 205.8 0  20.0 3   0.0 140.6 0
ECH        74.4  27.6 334.2   0.1 3   0.0 999.9 0   1.0 3   0.0 202.6 0  20.0 3   0.0   4.6 0
HYB       106.8 330.8  18.8   0.1 3   0.0 999.9 0   1.0 3   0.0 205.9 0  20.0 3   0.0  93.7 0
INU        64.5 295.3  43.9   0.1 3   0.0 999.9 0   1.0 3   0.0 202.6 0  20.0 3   0.0  20.4 0
KIP        36.6 225.6  28.7   0.1 3   0.0 999.9 0   1.0 3   0.0 197.6 0  20.0 3   0.0  58.1 0
MBO        93.1  62.3 325.0   0.1 3   0.0 999.9 0   1.0 3   0.0 203.1 0   5.0 3   0.0  66.8 0
NOUC       91.5 235.8  34.1   0.1 3   0.0 973.7 0   1.0 3   0.0 203.3 0   5.0 3   0.0  41.8 0
PAF       166.4 271.5  75.4   0.1 3   0.0 999.9 0   1.0 3   0.0 210.2 0   5.0 3   0.0  71.8 0
PPT        70.6 199.0  12.4   0.1 3   0.0 999.9 0   1.0 3   0.0 200.3 0
RER       149.5 347.9   8.3   0.1 3   0.0 999.9 0   1.0 3   0.0 210.4 0  20.0 3   0.0 103.1 1
SCZ        16.2 151.6 338.2   0.1 3   0.0 999.9 0   1.0 3   0.0 191.4 0
SEY        40.6 317.0  69.5   0.1 3   0.0 999.9 0   1.0 3   0.0 200.4 0  20.0 3   0.0   4.7 0
SSB        76.2  30.6 333.1   0.1 3   0.0 999.9 0   1.0 3   0.0 202.7 0  20.0 3   0.0  64.9 0
TAM        96.8  39.7 334.2   0.1 3   0.0 999.9 0   1.0 3   0.0 204.0 0  20.0 3   0.0  29.4 0
UNM        40.5 130.1 329.5   0.1 3   0.0 999.9 0   1.0 3   0.0 194.9 0
WUS        84.1 337.7  18.4   0.1 3   0.0 999.9 0   1.0 3   0.0 204.2 0  20.0 3   0.0  89.6 1

  1992  4 23  12 21 16.5    29.230   131.750   36.2  5.8  5.3  seed seed.dat                  042392C
BNG       107.8 285.9  57.5   0.1 3   0.0 999.9 0   1.0 3   4.2 443.6 0
CAN        66.4 164.6 343.5   0.1 3   0.0 999.9 0   1.0 3   0.8 443.2 0
CRZF      104.3 224.8  62.8   0.1 3   0.0 999.9 0   1.0 3   4.0 443.8 0
DRV        95.9 176.7 352.7   0.1 3   0.0 999.9 0   1.0 3   3.4 444.8 0
ECH        88.2 326.7  45.9   0.1 3   0.0 999.9 0   1.0 3   2.7 443.1 0  20.0 3  18.6  78.6 0
HYB        49.9 268.7  66.2   0.1 3   0.0 999.9 0   1.0 3   0.0 436.0 0  20.0 3   0.0  56.7 0
INU         7.6  34.9 217.7   0.1 3   0.0 999.9 0   1.0 3   0.0 438.5 0  20.0 3   0.0  33.3 0
KIP        63.1  79.3 292.8   0.1 3   0.0 999.9 0   1.0 3   0.4 444.8 0  20.0 3   0.0  53.0 0
MBO       127.0 321.1  34.6   0.1 3   0.0 999.9 0   1.0 3   5.6 445.8 0
NOUC       61.0 142.9 325.4   0.1 3   0.0 572.6 0   1.0 3   0.2 432.7 0   5.0 3   0.0  36.8 0
PAF        95.6 215.4  50.7   0.1 3   0.0 999.9 0   1.0 3   3.3 443.3 0
PPT        89.0 110.5 300.9   0.1 3   0.0 999.9 0   1.0 3   2.9 446.5 0
RER        88.8 245.1  58.1   0.1 3   0.0 999.9 0   1.0 3   2.9 441.8 0  20.0 3   0.0  90.1 0
SCZ        85.0  50.5 303.0   0.1 3   0.0 698.6 0   1.0 3   2.6 446.1 0
SEY        36.3  15.8 211.4   0.1 3   0.0 999.9 0   1.0 3   0.0 440.9 0  20.0 3   0.0  53.6 0
SSB        91.5 325.9  44.0   0.1 3   0.0 999.9 0   1.0 3   3.0 443.5 0  20.0 3  28.8  88.8 0
TAM       106.7 309.1  47.3   0.1 3   0.0 999.9 0   1.0 3   4.2 444.1 0
UNM       111.0  51.6 313.5   0.1 3   0.0 999.9 0   1.0 3   4.5 447.9 0  20.0 3  24.3  84.3 0
WUS        43.9 300.4  88.5   0.1 3   0.0 999.9 0   1.0 3   0.0 436.9 0  20.0 3   0.0  47.5 0

  1992  4 23  14 18 37.9    22.540    98.970   15.0  5.8  6.1  seed seed.dat                  042392D
BNG        79.5 270.6  68.0   0.1 3   0.0 999.9 0   1.0 3   0.0 326.3 0   5.0 3   9.4 104.4 0
CAN        74.7 139.4 312.6   0.1 3   0.0 999.9 0   1.0 3   0.0 325.8 0  20.0 3  10.0  70.0 0
CRZF       80.9 210.9  43.4   0.1 3   0.0 999.9 0   1.0 3   0.0 326.4 0   5.0 3   5.4  57.4 0
DRV        94.2 164.8 322.4   0.1 3   0.0 999.9 0   1.0 3   0.0 327.5 0  20.0 3  14.1  74.1 0
ECH        74.6 316.2  73.2   0.1 3   0.0 999.9 0   1.0 3   0.0 325.8 0  20.0 3   0.0  46.2 0
HYB        19.8 258.8  71.8   0.1 3   0.0 999.9 0   1.0 3   0.0 318.7 0  20.0 3   0.0  98.3 0
INU        35.4  60.3 259.4   0.1 3   0.0 999.9 0   1.0 3   0.0 321.1 0  20.0 3   0.0  40.0 0
KIP        93.1  65.3 295.7   0.1 3   0.0 999.9 0   1.0 3   0.0 327.4 0  20.0 3  13.6  73.6 0
MBO       107.3 294.3  60.5   0.1 3   0.0 999.9 0   1.0 3   0.0 328.5 0   5.0 3   8.4 212.4 0
NOUC       79.2 119.3 299.6   0.1 3   0.0 455.2 0   1.0 3   0.0 315.4 0   5.0 3   0.0 151.4 0
PAF        76.2 199.0  27.4   0.1 3   0.0 933.2 0   1.0 3   0.0 326.0 0   5.0 3   1.4  69.4 0
PPT       115.9  99.0 286.8   0.1 3   0.0 999.9 0   1.0 3   0.0 329.1 0
RER        60.6 227.3  46.7   0.1 3   0.0 999.9 0   1.0 3   0.0 324.4 0  20.0 3   0.0  52.7 0
SCZ       109.8  33.6 320.6   0.1 3   0.0 581.2 0   1.0 3   0.0 328.7 0  20.0 3   0.6  60.6 0
SEY        53.7  27.1 247.0   0.1 3   0.0 999.9 0   1.0 3   0.0 323.5 0  20.0 3   0.0  52.3 0
SSB        77.2 313.9  70.7   0.1 3   0.0 999.9 0   1.0 3   0.0 326.1 0  20.0 3   0.0 113.5 0
TAM        84.5 292.4  67.9   0.1 3   0.0 999.9 0   1.0 3   0.0 326.7 0  20.0 3   0.0  47.0 0
UNM       134.7  24.3 336.2   0.1 3   0.0 999.9 0   1.0 3   0.0 330.5 0  20.0 3   6.0  66.0 0
WUS        25.0 322.8 132.2   0.1 3   0.0 999.9 0   1.0 3   0.0 319.6 0  20.0 3   0.0  97.2 0

  1992  4 23  15 32 52.4    22.400    98.850   15.0  5.9  6.3  seed seed.dat                  042392E
BNG        79.4 270.5  68.1   0.1 3   0.0 999.9 0   1.0 3   0.0 252.0 0   5.0 3   0.0  72.1 1
CAN        74.6 139.3 312.4   0.1 3   0.0 999.9 0   1.0 3   0.0 251.6 0  20.0 3  11.7  71.7 0
CRZF       80.7 210.9  43.4   0.1 3   0.0 999.9 0   1.0 3   0.0 252.2 0   5.0 3   0.0  63.1 0
DRV        94.1 164.7 322.3   0.1 3   0.0 999.9 0   1.0 3   0.0 253.2 0  20.0 3  10.9 130.9 0
ECH        74.7 316.2  73.4   0.1 3   0.0 999.9 0   1.0 3   0.0 251.5 0
HYB        19.7 259.1  72.1   0.1 3   0.0 999.9 0   1.0 3   0.0 244.4 0  20.0 3   0.0  88.1 1
INU        35.6  60.1 259.2   0.1 3   0.0 999.9 0   1.0 3   0.0 246.9 0  20.0 3   0.0  43.7 0
KIP        93.3  65.2 295.6   0.1 3   0.0 999.9 0   1.0 3   0.0 253.2 0  20.0 3  13.4  73.4 0
MBO       107.2 294.2  60.6   0.1 3   0.0 999.9 0   1.0 3   0.0 254.2 0   5.0 3   0.0 138.1 0
NOUC       79.3 119.2 299.4   0.1 3   0.0 381.0 0   1.0 3   0.0 241.1 0   5.0 3   0.0  77.2 0
PAF        76.0 198.9  27.3   0.1 3   0.0 859.0 0   1.0 3   0.0 251.7 0   5.0 3   0.0  87.1 0
PPT       116.0  99.1 286.6   0.1 3   0.0 999.9 0   1.0 3   0.0 254.9 0
RER        60.4 227.3  46.7   0.1 3   0.0 999.9 0   1.0 3   0.0 250.2 0  20.0 3   0.0 164.5 0
SCZ       110.0  33.5 320.6   0.1 3   0.0 507.0 0   1.0 3   0.0 254.5 0
SEY        53.9  27.0 247.1   0.1 3   0.0 999.9 0   1.0 3   0.0 249.3 0  20.0 3   0.0  52.0 0
SSB        77.3 313.9  70.9   0.1 3   0.0 999.9 0   1.0 3   0.0 251.9 0  20.0 3   0.0  39.2 0
TAM        84.4 292.4  68.0   0.1 3   0.0 999.9 0   1.0 3   0.0 252.5 0  20.0 3  14.7  74.7 0
UNM       134.8  24.3 336.2   0.1 3   0.0 999.9 0   1.0 3   0.0 256.3 0
WUS        25.0 323.1 132.6   0.1 3   0.0 999.9 0   1.0 3   0.0 245.3 0  20.0 3   0.0 223.9 1

  1992  4 24   3 23 59.2    -3.570   145.210   15.0  5.4  5.3  seed seed.dat                  042492B
BNG       126.8 272.8  91.1   0.1 3   0.0 999.9 0   1.0 3   5.7 135.7 0
CAN        31.9 174.1 352.8   0.1 3   0.0 999.9 0   1.0 3   0.0 126.4 0  20.0 3   0.0  50.6 0
CRZF       89.7 223.7  95.1   0.1 3   0.0 999.9 0   1.0 3   3.0 133.0 0   5.0 3  24.0  52.0 0
DRV        63.1 182.3   5.8   0.1 3   0.0 999.9 0   1.0 3   0.4 130.4 0  20.0 3   6.8  66.8 0
ECH       122.8 327.8  52.3   0.1 3   0.0 999.9 0   1.0 3   5.3 135.3 0  20.0 3  31.9  91.9 0
HYB        69.0 290.1 100.8   0.1 3   0.0 999.9 0   1.0 3   1.1 131.1 0
INU        39.6 349.5 167.1   0.1 3   0.0 999.9 0   1.0 3   0.0 127.5 0  20.0 3   0.0  52.6 0
KIP        60.9  63.2 253.0   0.1 3   0.0 999.9 0   1.0 3   0.2 130.2 0  20.0 3   2.3  62.3 0
MBO       159.4 302.4  59.8   0.1 3   0.0 999.9 0   1.0 3  10.0 140.0 0
NOUC       27.6 133.8 309.0   0.1 3   0.0 999.9 0   1.0 3   0.0 125.8 0   5.0 3   0.0  26.1 0
PAF        77.5 220.3  81.0   0.1 3   0.0 147.8 0   1.0 3   1.9 131.9 0   5.0 3  16.0  48.0 0
PPT        65.3 107.6 274.1   0.1 3   0.0 999.9 0   1.0 3   0.7 130.7 0
RER        88.2 249.0  93.2   0.1 3   0.0 999.9 0   1.0 3   2.9 132.9 0  20.0 3   0.0 295.4 0
SCZ        94.8  53.7 269.4   0.1 3   0.0 999.9 0   1.0 3   3.4 133.4 0  20.0 3  15.3  75.3 0
SEY        66.6   3.6 187.8   0.1 3   0.0 999.9 0   1.0 3   0.8 130.8 0  20.0 3   6.9  66.9 0
SSB       126.0 326.4  51.2   0.1 3   0.0 999.9 0   1.0 3   5.7 135.7 0
TAM       136.5 299.7  69.6   0.1 3   0.0 999.9 0   1.0 3   6.4 136.4 0
UNM       115.3  70.4 275.5   0.1 3   0.0 999.9 0   1.0 3   4.9 134.9 0  20.0 3  25.6  85.6 0
WUS        74.6 314.3 108.8   0.1 3   0.0 999.9 0   1.0 3   1.6 131.6 0  20.0 3  11.8  71.8 0

  1992  4 24   7  7 25.1    27.470    65.970   15.0  5.9  6.0  seed seed.dat                  042492C
BNG        50.6 251.9  57.8   0.1 3   0.0 880.4 0   1.0 3   0.6 248.9 0   5.0 3  16.6  64.6 0
CAN       100.2 124.3 296.2   0.1 3   0.0 999.9 0   1.0 3   3.7 253.7 0  20.0 3  23.2  83.2 0
CRZF       74.8 190.1  13.0   0.1 3   0.0 999.9 0   1.0 3   1.6 251.6 0   5.0 3   4.6  56.6 0
DRV       109.0 156.0 295.3   0.1 3   0.0 999.9 0   1.0 3   4.3 254.3 0  20.0 3  10.3 130.3 0
ECH        49.5 311.3  92.6   0.1 3   0.0 999.9 0   1.0 3   0.0 248.7 0  20.0 3   0.0  40.4 0
HYB        15.3 128.1 312.9   0.1 3   0.0 999.9 0   1.0 3   0.0 243.6 0  20.0 3   0.0  95.5 0
INU        59.9  63.2 284.1   0.1 3   0.0 999.9 0   1.0 3   0.0 250.0 0  20.0 3   0.0  51.2 0
KIP       115.3  45.6 317.1   0.1 3   0.0 999.9 0   1.0 3   4.8 254.8 0  20.0 3  14.8  74.8 0
MBO        77.3 279.8  64.6   0.1 3   0.0 999.9 0   1.0 3   1.8 251.8 0   5.0 3   0.0  95.6 0
NOUC      108.7 105.5 292.5   0.1 3   0.0 999.9 0   1.0 3   4.3 186.6 0   5.0 3  18.6  82.6 0
PAF        76.7 177.1 356.1   1.0 3   1.8  64.6 0   5.0 3   0.6  64.6 0
PPT       145.8  80.3 292.8   0.1 3   0.0 999.9 0   1.0 3   9.6 259.6 0
RER        49.5 192.6  12.0   0.1 3   0.0 999.9 0   1.0 3   0.0 248.9 0  20.0 3   0.0  71.9 0
SCZ       115.7   6.6 352.8   0.1 3   0.0 999.9 0   1.0 3   4.9 254.9 0  20.0 3   2.9  62.9 0
SEY        64.2  30.4 280.3   0.1 3   0.0 999.9 0   1.0 3   0.5 250.5 0  20.0 3   1.5  61.5 0
SSB        51.3 307.5  88.2   0.1 3   0.0 999.9 0   1.0 3   0.0  74.6 0  20.0 3   0.0 108.7 0
TAM        54.4 279.5  71.7   0.1 3   0.0 999.9 0   1.0 3   0.0 249.4 0  20.0 3   0.0  40.2 0
UNM       131.2 341.3  17.6   0.1 3   0.0 999.9 0   1.0 3   6.0 256.0 0  20.0 3   6.2  66.2 0
WUS        17.5  35.1 222.6   0.1 3   0.0 999.9 0   1.0 3   0.0 244.0 0  20.0 3   0.0  97.4 1

  1992  4 24  12 51 53.5     8.750   140.960   15.0  5.5  5.2  seed seed.dat                  042492E
BNG       121.1 280.6  77.0   0.1 3   0.0 535.9 0   1.0 3   5.2 135.2 0
CAN        44.6 170.6 348.6   0.1 3   0.0 999.9 0   1.0 3   0.0 128.1 0
CRZF       95.7 224.1  83.5   0.1 3   0.0 999.9 0   1.0 3   3.3 133.3 0
DRV        75.3 180.4   1.0   0.1 3   0.0 999.9 0   1.0 3   1.6 131.6 0  20.0 3  12.9  72.9 0
ECH       110.1 329.1  49.3   0.1 3   0.0 999.9 0   1.0 3   4.4 134.4 0  20.0 3  30.0  90.0 0
HYB        61.2 285.1  89.4   0.1 3   0.0 999.9 0   1.0 3   0.2 130.2 0  20.0 3   2.0  62.0 0
INU        26.8 352.8 171.3   0.1 3   0.0 999.9 0   1.0 3   0.0 125.7 0  20.0 3   0.0  38.7 0
KIP        59.9  70.3 267.9   0.1 3   0.0 999.9 0   1.0 3   0.1 130.1 0
MBO       148.2 316.3  44.7   0.1 3   0.0 999.9 0   1.0 3   9.6 139.6 0
NOUC       39.5 141.3 318.2   0.1 3   0.0 999.9 0   1.0 3   0.0 127.4 0   5.0 3   0.0  30.2 0
PPT        73.4 111.2 284.9   0.1 3   0.0 999.9 0   1.0 3   1.4 131.4 0
RER        88.7 248.5  80.3   0.1 3   0.0 999.9 0   1.0 3   2.9 132.9 0  20.0 3   0.0 163.5 1
SCZ        90.9  52.9 281.7   0.1 3   0.0 999.9 0   1.0 3   3.0 133.0 0  20.0 3   0.0  79.4 0
SEY        54.8   6.4 193.9   0.1 3   0.0 999.9 0   1.0 3   0.0 129.4 0  20.0 3   1.0  61.0 0
SSB       113.4 328.0  47.8   0.1 3   0.0 999.9 0   1.0 3   4.7 134.7 0
TAM       126.2 306.6  59.1   0.1 3   0.0 999.9 0   1.0 3   5.7 135.7 0
UNM       114.5  64.1 289.7   0.1 3   0.0 999.9 0   1.0 3   4.8 134.8 0  20.0 3  25.7  85.7 0
WUS        63.1 311.8 102.4   0.1 3   0.0 999.9 0   1.0 3   0.4 130.4 0  20.0 3   2.9  62.9 0

  1992  4 24  17 38 53.5    -9.090  -109.490   15.0  5.2  5.7  seed seed.dat                  042492F
BNG       128.2  91.6 262.0   0.1 3   0.0 248.9 0   1.0 3   5.8 165.8 0
CAN        94.0 233.4 104.2   0.1 3   0.0 999.9 0   1.0 3   3.3 163.3 0  20.0 3  15.7  75.7 0
CRZF      122.2 164.9 201.8   0.1 3   0.0 999.9 0   1.0 3   5.4 165.4 0   5.0 3  37.1  65.1 0
DRV        89.6 201.9 112.4   0.1 3   0.0 999.9 0   1.0 3   2.9 162.9 0  20.0 3  14.9  74.9 0
ECH       114.4  41.1 284.5   0.1 3   0.0 999.9 0   1.0 3   4.7 164.7 0  20.0 3  27.0  87.0 0
HYB       168.6 317.0  43.6   0.1 3   0.0 999.9 0   1.0 3  10.1 170.1 0
INU       114.3 304.5  83.5   0.1 3   0.0 999.9 0   1.0 3   4.8 164.8 0  20.0 3  23.7  83.7 0
KIP        56.5 303.1 117.3   0.1 3   0.0 999.9 0   1.0 3   0.0 159.7 0  20.0 3   0.0  51.4 0
MBO        94.7  76.3 261.9   0.1 3   0.0 999.9 0   1.0 3   3.3 163.3 0   5.0 3  24.1  60.1 0
NOUC       81.3 248.9  96.4   0.1 3   0.0 999.9 0   1.0 3   2.3 140.2 0   5.0 3  15.2  47.2 0
PPT        39.8 253.5  83.1   0.1 3   0.0 999.9 0   1.0 3   0.0 157.5 0
RER       146.5 154.5 207.0   0.1 3   0.0 999.9 0   1.0 3   9.8 169.8 0  20.0 3   0.0 224.5 1
SCZ        46.9 346.8 163.7   0.1 3   0.0 999.9 0   1.0 3   0.0 158.5 0  20.0 3   0.0  47.4 0
SEY       101.8 332.4  86.7   0.1 3   0.0 999.9 0   1.0 3   3.8 163.8 0  20.0 3  22.0  82.0 0
SSB       113.3  44.6 281.2   0.1 3   0.0 999.9 0   1.0 3   4.7 164.7 0  20.0 3  29.2  89.2 0
TAM       116.5  69.2 271.2   0.1 3   0.0 999.9 0   1.0 3   5.0 165.0 0  20.0 3  38.7  98.7 0
UNM        30.1  19.8 200.7   0.1 3   0.0 999.9 0   1.0 3   0.0 156.1 0  20.0 3   0.0  43.7 0
WUS       147.0 347.8  15.8   0.1 3   0.0 999.9 0   1.0 3   9.7 169.7 0  20.0 3  43.9 163.9 0

  1992  4 25  12 46 17.0    38.560    14.670  247.5  5.3  0.0  seed seed.dat                  042592C
BNG        34.2 173.1 354.6   0.1 3   0.0 893.6 0
CAN       143.7  98.8 288.4   0.1 3   0.0 999.9 0
CRZF       91.1 155.2 331.6   0.1 3   0.0 999.9 0
DRV       138.7 150.3 254.9   0.1 3   0.0 999.9 0
ECH        11.1 333.0 147.8   0.1 3   0.0 999.9 0  20.0 3   0.0  36.6 0
HYB        59.0  91.7 304.9   0.1 3   0.0 999.9 0
INU        89.0  43.5 318.6   0.1 3   0.0 999.9 0
KIP       119.8 352.2   6.6   0.1 3   0.0 999.9 0
MBO        36.9 238.0  43.3   0.1 3   0.0 999.9 0
NOUC      150.7  63.5 310.1   0.1 3   0.0 267.6 0
PAF       100.5 146.6 318.8   0.1 3  41.7 999.9 0
PPT       154.9 322.8  30.4   0.1 3   0.0 673.6 0
RER        70.9 139.4 326.9   0.1 3   0.0 999.9 0  20.0 3   0.0  25.1 0
SCZ        94.8 326.0  33.0   0.1 3   0.0 999.9 0
SEY        73.2  18.7 326.6   0.1 3   0.0 999.9 0
SSB        10.1 314.9 128.1   0.1 3   0.0 999.9 0  20.0 3   0.0  35.8 0
TAM        17.6 209.1  24.4   0.1 3   0.0 999.9 0  20.0 3   0.0  41.3 0
UNM        95.4 300.0  46.0   0.1 3   0.0 999.9 0
WUS        48.5  65.2 289.3   0.1 3   0.0 999.9 0

  1992  4 25  18  6  4.2    40.250  -124.310   15.0  6.4  7.1  seed seed.dat                  042592E
BNG       123.9  46.3 326.2   0.1 3   0.0 573.8 0   1.0 3   5.5 373.9 0   5.0 3   0.9  90.9 6
CAN       109.6 240.3  54.4   0.1 3   0.0 999.9 0   1.0 3   4.4 434.4 0  20.0 3   0.0  50.5 0
CRZF      173.2 155.6 204.3   0.1 3   0.0 999.9 0   1.0 3  10.2 440.2 0   5.0 3   0.0 185.9 0
DRV       128.5 210.6  76.5   0.1 3   0.0 999.9 0   1.0 3   5.8 435.8 0  20.0 3   0.0  52.7 0
ECH        81.8  30.3 324.7   0.1 3   0.0 999.9 0   1.0 3   2.2 432.2 0  20.0 3   0.0  43.8 0
HYB       118.7 335.1  19.8   0.1 3   0.0 999.9 0   1.0 3   5.1 435.1 0  20.0 3   0.0  51.9 0
INU        73.8 302.9  51.8   0.1 3   0.0 999.9 0   1.0 3   1.6 379.5 0  20.0 3   0.0  42.5 0
KIP        34.2 246.9  49.0   0.1 3   0.0 999.9 0   1.0 3   0.0 426.8 0  20.0 3   0.0  40.2 0
MBO        93.5  67.7 313.0   0.1 3   0.0 910.8 0   1.0 3   3.3 433.3 0   5.0 3   0.0 248.9 0
NOUC       89.6 240.4  45.9   1.0 3   2.9   8.0 0   5.0 3   0.0  16.0 0
PAF       166.3 224.8 127.3   0.1 3   0.0 999.9 0   1.0 3  10.1 569.5 0   5.0 3   0.0 209.9 0
PPT        62.3 207.5  21.7   0.1 3   0.0 353.9 0   1.0 3   0.4 237.7 0  20.0 3   0.0  59.9 0
RER       160.9 359.8   0.1   0.1 3   0.0 999.9 0   1.0 3  10.1 569.7 0  20.0 3   0.0  55.3 0
SCZ         4.3 147.0 328.8   0.1 3   0.0 999.9 0   1.0 3   0.0 421.1 0  20.0 3   0.0  33.2 0
SEY        52.1 324.9  74.1   0.1 3   0.0 999.9 0   1.0 3   0.0 429.1 0  20.0 3   0.0  42.8 0
SSB        83.1  33.5 323.2   0.1 3   0.0 999.9 0   1.0 3   2.4 432.4 0  20.0 3   0.0  44.0 0
TAM       101.7  46.2 323.2   0.1 3   0.0 999.9 0   1.0 3   3.9 433.9 0  20.0 3   0.0  45.5 0
UNM        30.0 126.6 319.5   0.1 3   0.0 999.9 0   1.0 3   0.0 426.1 0  20.0 3   0.0  37.5 0
WUS        96.0 342.4  17.8   0.1 3   0.0 999.9 0   1.0 3   3.5 433.5 0  20.0 3   0.0  45.7 0

  1992  4 26   1 25 15.9     2.830   122.390  422.8  5.5  0.0  seed seed.dat                  042692B
BNG       103.6 275.2  86.0   0.1 3   0.0 134.6 0
CAN        45.5 149.0 321.0   0.1 3   0.0 999.9 0   1.0 3   0.0 127.5 0
CRZF       78.8 221.7  73.9   0.1 3   0.0 999.9 0   1.0 3   0.0 131.2 1
DRV        70.6 172.6 341.3   0.1 3   0.0 999.9 0   1.0 3   0.4 130.4 0
ECH       104.3 321.4  68.6   0.1 3   0.0 999.9 0   1.0 3   3.2 133.2 0
HYB        45.4 291.7 103.6   0.1 3   0.0 999.9 0   1.0 3   0.0 127.7 0
INU        35.2  21.1 206.1   0.1 3   0.0 999.9 0   1.0 3   0.0 126.2 0
KIP        79.3  68.8 269.0   0.1 3   0.0 999.9 0   1.0 3   1.2 131.2 0
MBO       136.2 294.2  70.0   0.1 3   0.0 471.6 0   1.0 3   5.6 135.6 0
NOUC       49.6 122.3 294.4   0.1 3   0.0 999.9 0   1.0 3   0.0 128.0 0   5.0 3   0.0  24.7 0
PAF        68.7 213.7  58.0   0.1 3   0.0 999.9 0   1.0 3   0.0 130.3 0
PPT        89.0 107.5 273.2   0.1 3   0.0 999.9 0   1.0 3   2.0 132.0 0
RER        69.4 246.3  78.5   0.1 3   0.0 999.9 0   1.0 3   0.0 130.5 0
SCZ       109.0  49.8 288.8   0.1 3   0.0 999.9 0   1.0 3   3.6 133.6 0  20.0 3   0.0  10.0 0
SEY        64.0  14.7 213.8   0.1 3   0.0 999.9 0   1.0 3   0.0 129.8 0  20.0 3   0.0  57.6 0
SSB       107.1 319.2  67.3   0.1 3   0.0 999.9 0   1.0 3   3.5 133.5 0
TAM       113.4 296.2  76.0   0.1 3   0.0 999.9 0   1.0 3   4.0 134.0 0
UNM       133.6  59.9 294.0   0.1 3   0.0 999.9 0   1.0 3   5.4 135.4 0
WUS        54.5 320.6 122.8   0.1 3   0.0 999.9 0   1.0 3   0.0 128.8 0  20.0 3   0.0  55.5 0

  1992  4 26   7 41 39.7    40.370  -124.610   15.0  6.0  6.6  seed seed.dat                  042692C
BNG       124.0  45.9 326.5   0.1 3   0.0 999.9 0   1.0 3  18.3 158.3 0   5.0 3   0.0  94.3 0
CAN       109.5 240.1  54.1   0.1 3   0.0 999.9 0   1.0 3   4.4 561.2 0  20.0 3   0.9  60.9 0
CRZF      173.4 156.9 202.9   0.1 3   0.0 999.9 0   1.0 3  10.2 566.9 0   5.0 3   2.3 122.3 0
DRV       128.4 210.6  76.2   0.1 3   0.0 999.9 0   1.0 3   5.8 562.6 0  20.0 3  11.1 191.1 0
ECH        81.8  30.2 325.0   0.1 3   0.0 999.9 0   1.0 3   2.2 559.0 0  20.0 3   0.0  44.2 0
HYB       118.5 334.8  20.0   0.1 3   0.0 999.9 0   1.0 3   5.1 561.9 0  20.0 3   1.3  61.3 0
INU        73.6 302.7  51.9   0.1 3   0.0 999.9 0   1.0 3   1.5 558.3 0  20.0 3   0.0  42.9 0
KIP        34.0 246.4  48.7   0.1 3   0.0 999.9 0   1.0 3   0.0 553.5 0  20.0 3   0.0  46.6 0
MBO        93.7  67.5 313.2   0.1 3   0.0  95.2 0   1.0 3   3.3 110.3 0   5.0 3   0.0 109.4 0
NOUC       89.4 240.2  45.6   0.1 3   0.0 999.9 0   1.0 3   2.9 559.7 0   5.0 3   4.3 160.3 0
PAF       166.2 225.6 126.3   0.1 3   0.0 999.9 0   1.0 3  10.1 566.8 0   5.0 3  10.3 146.3 0
PPT        62.3 207.1  21.4   0.1 3   0.0 999.9 0   1.0 3   0.3 557.1 0
RER       160.8 359.0   0.8   0.1 3   0.0 978.3 0   1.0 3  10.1 566.8 0  20.0 3  19.7  79.7 0
SCZ         4.5 145.2 327.2   0.1 3   0.0 999.9 0   1.0 3   0.0 547.9 0  20.0 3   0.0  32.6 0
SEY        51.9 324.8  74.3   0.1 3   0.0 999.9 0   1.0 3   0.0 555.9 0  20.0 3   0.0  43.2 0
SSB        83.2  33.4 323.5   0.1 3   0.0 999.9 0   1.0 3   2.4 559.2 0  20.0 3   0.0  44.4 0
TAM       101.8  46.0 323.5   0.1 3   0.0 999.9 0   1.0 3   3.9 560.6 0  20.0 3   0.0  49.9 0
UNM        30.3 126.3 319.4   0.1 3   0.0 999.9 0   1.0 3   0.0 552.9 0  20.0 3   0.0  37.9 0
WUS        95.8 342.2  18.0   0.1 3   0.0 999.9 0   1.0 3   3.4 560.2 0  20.0 3   0.0  49.1 0

  1992  4 26  11 18 25.7    40.420  -124.690   15.0  6.6  6.7  seed seed.dat                  042692D
BNG       124.0  45.8 326.6   0.1 3   0.0 999.9 0   1.0 3   0.0 345.5 0   5.0 3   0.0 137.6 1
CAN       109.5 240.1  54.1   0.1 3   0.0 999.9 0   1.0 3   0.0 344.4 0  20.0 3   0.0  50.2 0
CRZF      173.5 157.2 202.6   0.1 3   0.0 999.9 0   1.0 3   0.0 350.2 0   5.0 3   5.6 133.6 0
DRV       128.5 210.6  76.1   0.1 3   0.0 999.9 0   1.0 3   0.0 345.8 0  20.0 3   0.0 174.3 0
ECH        81.8  30.1 325.0   0.1 3   0.0 999.9 0   1.0 3   0.0 342.2 0  20.0 3   0.0  40.4 0
HYB       118.4 334.7  20.0   0.1 3   0.0 999.9 0   1.0 3   0.0 345.1 0  20.0 3   1.5  61.5 0
INU        73.5 302.6  51.8   0.1 3   0.0 999.9 0   1.0 3   0.0 341.5 0  20.0 3   0.0  42.2 0
KIP        34.0 246.3  48.5   0.1 3   0.0 999.9 0   1.0 3   0.0 336.7 0  20.0 3   0.0  39.8 0
MBO        93.7  67.5 313.3   0.1 3   0.0 199.4 0   1.0 3   0.0 244.6 0   5.0 3   0.0 163.6 0
NOUC       89.4 240.1  45.6   0.1 3   0.0 999.9 0   1.0 3   0.0 342.9 0   5.0 3   0.0 167.6 0
PAF       166.2 225.9 125.9   0.1 3   0.0 999.9 0   1.0 3   0.0 350.1 0   5.0 3   1.6 149.6 0
PPT        62.3 207.0  21.3   0.1 3   0.0 999.9 0   1.0 3   0.0 340.3 0  20.0 3   5.6  65.6 0
RER       160.8 358.8   1.0   0.1 3   0.0 761.5 0   1.0 3   0.0 350.1 0  20.0 3  26.6  86.6 0
SCZ         4.6 144.9 327.0   0.1 3   0.0 999.9 0   1.0 3   0.0 331.1 0
SEY        51.8 324.8  74.3   0.1 3   0.0 999.9 0   1.0 3   0.0 339.1 0  20.0 3   0.0  52.5 0
SSB        83.2  33.3 323.6   0.1 3   0.0 999.9 0   1.0 3   0.0 342.4 0  20.0 3   0.0  44.7 0
TAM       101.8  45.9 323.5   0.1 3   0.0 999.9 0   1.0 3   0.0 343.9 0  20.0 3   0.0  49.2 0
UNM        30.3 126.3 319.4   0.1 3   0.0 999.9 0   1.0 3   0.0 336.1 0
WUS        95.7 342.2  18.1   0.1 3   0.0 999.9 0   1.0 3   0.0 343.4 0  20.0 3   0.0  45.4 0

  1992  4 27   8 29 53.5    12.000   -87.300   68.8  5.2  0.0  seed seed.dat                  042792C
BNG       104.5  82.1 283.6   0.1 3   0.0 869.9 0   5.0 3  30.1  53.1 0
CAN       124.3 235.5 100.3   0.1 3   0.0 999.9 0
CRZF      131.4 142.8 238.2   0.1 3   0.0 999.9 0
DRV       117.0 199.2 126.4   0.1 3   0.0 999.9 0  20.0 3  27.9  87.9 0
ECH        84.1  42.0 281.5   0.1 3   0.0 999.9 0  20.0 3   0.0  56.0 0
HYB       147.5  25.7 333.7   0.1 3   0.0 999.9 0
INU       116.9 320.2  49.9   0.1 3   0.0 999.9 0
KIP        67.9 288.4  85.3   0.1 3   0.0 930.9 0
MBO        68.3  79.1 277.4   0.1 3   0.0  33.9 0   5.0 3   4.1  40.1 0
NOUC      109.5 250.8  84.8   0.1 3   0.0 999.9 0   5.0 3  28.1  60.1 0
PAF       138.3 157.8 214.0   0.1 3   0.0 999.9 0
PPT        68.2 245.5  69.0   0.1 3   0.0 999.9 0
RER       143.5 109.1 261.1   0.1 3   0.0 999.9 0
SCZ        39.2 314.5 119.8   0.1 3   0.0 999.9 0  20.0 3   0.0  51.4 0
SEY        92.3 336.8  57.6   0.1 3   0.0 999.9 0
SSB        82.8  45.3 279.9   0.1 3   0.0 999.9 0  20.0 3  10.2  70.2 0
TAM        88.0  67.2 282.2   0.1 3   0.0 999.9 0  20.0 3  15.7  75.7 0
UNM        13.6 304.0 120.8   0.1 3   0.0 999.9 0  20.0 3   0.0  35.7 0
WUS       125.5  12.5 343.8   0.1 3   0.0 999.9 0  20.0 3  35.9  95.9 0

  1992  4 28   1 55 47.3     5.550   123.910  473.1  5.5  0.0  seed seed.dat                  042892A
BNG       104.8 276.1  83.1   0.1 3  24.2 999.9 0   1.0 3  24.2  94.2 0
CAN        47.1 151.7 324.7   0.1 3   0.0 999.9 0   1.0 3   0.0 127.8 0
CRZF       81.8 221.7  73.2   0.1 3   0.0 999.9 0   1.0 3   1.5 131.5 0
DRV        73.1 173.4 343.2   0.1 3   0.0 999.9 0   1.0 3   0.7 130.7 0
ECH       103.1 322.2  65.7   0.1 3   0.0 999.9 0   1.0 3   3.0 133.0 0
HYB        45.9 288.8  99.3   0.1 3   0.0 999.9 0   1.0 3   0.0 127.7 0  20.0 3   0.0  50.3 0
INU        32.1  20.5 205.2   0.1 3   0.0 999.9 0   1.0 3   0.0 125.8 0  20.0 3   0.0  38.8 0
KIP        76.9  69.4 271.0   0.1 3   0.0 999.9 0   1.0 3   1.0 131.0 0
MBO       136.4 297.6  65.5   0.1 3   0.0 999.9 0   1.0 3   5.6 135.6 0
NOUC       49.8 125.0 298.4   0.1 3   0.0 999.9 0   1.0 3   0.0 128.1 0
PAF        71.8 213.7  57.7   0.1 3   0.0 999.9 0   1.0 3   0.6 130.6 0   5.0 3   8.2  40.2 0
PPT        88.4 107.7 276.2   0.1 3   0.0 999.9 0   1.0 3   2.0 132.0 0
RER        71.9 245.8  76.6   0.1 3   0.0 999.9 0   1.0 3   0.7  46.3 0  20.0 3   0.0   3.2 0
SCZ       106.1  49.5 289.9   0.1 3   0.0 999.9 0   1.0 3   3.3 133.3 0
SEY        61.0  14.4 212.9   0.1 3   0.0 999.9 0   1.0 3   0.0 129.4 0
SSB       106.0 320.2  64.3   0.1 3   0.0 999.9 0   1.0 3   3.3 133.3 0
TAM       113.5 297.7  72.6   0.1 3   0.0 999.9 0   1.0 3   3.9 133.9 0
UNM       130.9  58.5 296.1   0.1 3   0.0 999.9 0   1.0 3   5.2 135.2 0
WUS        53.4 318.6 119.2   0.1 3   0.0 999.9 0   1.0 3   0.0 128.6 0  20.0 3   0.0  54.0 0

  1992  4 28   9 31 21.5     9.100   124.070  556.8  5.2  0.0  seed seed.dat                  042892C
BNG       104.6 277.1  79.4   0.1 3   0.0 768.5 0
CAN        50.2 153.3 327.1   0.1 3   0.0 999.9 0
CRZF       84.6 221.5  71.0   0.1 3   0.0 999.9 0
DRV        76.6 173.5 343.8   0.1 3   0.0 999.9 0
ECH       100.4 322.7  63.4   0.1 3   0.0 868.4 0
HYB        45.0 285.5  94.5   0.1 3   0.0 999.9 0
INU        28.7  22.4 207.5   0.1 3   0.0 999.9 0
KIP        75.5  70.2 274.3   0.1 3   0.0 999.9 0
MBO       134.8 300.9  61.0   0.1 3   0.0 999.9 0
NOUC       51.8 127.4 302.2   0.1 3   0.0 999.9 0
PAF        74.9 213.2  55.9   0.1 3   0.0 999.9 0
PPT        89.3 107.8 279.6   0.1 3   0.0 999.9 0
RER        73.5 244.8  73.3   0.1 3   0.0 999.9 0  20.0 3   0.0 127.7 0
SCZ       103.6  48.8 292.6   0.1 3   0.0 999.9 0
SEY        57.5  14.9 213.8   0.1 3   0.0 999.9 0
SSB       103.4 320.9  61.9   0.1 3   0.0 999.9 0
TAM       112.0 299.1  69.2   0.1 3   0.0 999.9 0
UNM       128.8  56.1 299.9   0.1 3   0.0 999.9 0
WUS        50.9 316.7 116.0   0.1 3   0.0 999.9 0

  1992  4 29   9 25 45.7   -10.330   166.270   15.0  5.3  5.7  seed seed.dat                  042992C
BNG       147.5 261.8 102.1   0.1 3   0.0 734.1 0   1.0 3   9.6 169.6 0
CAN        29.5 209.6  36.5   0.1 3   0.0 999.9 0   1.0 3   0.0 155.9 0  20.0 3   0.0  44.9 0
CRZF       98.7 219.5 115.2   0.1 3   0.0 999.9 0   1.0 3   3.5 163.5 0   5.0 3  10.2  54.2 0
DRV        59.0 191.9  30.6   0.1 3   0.0 999.9 0   1.0 3   0.0 159.8 0  20.0 3   0.0  51.0 0
ECH       138.3 338.9  31.6   0.1 3   0.0 999.9 1   1.0 3   6.5 166.5 0  20.0 3  31.8 211.8 0
HYB        90.9 287.4 100.4   0.1 3   0.0 999.9 0   1.0 3   3.0 163.0 0  20.0 3  16.3  76.3 0
INU        53.3 330.1 143.0   0.1 3   0.0 999.9 0   1.0 3   0.0 159.2 0  20.0 3   0.0  42.8 0
KIP        47.2  47.9 231.6   0.1 3   0.0 999.9 0   1.0 3   0.0 159.5 0  20.0 3   0.0  55.5 0
MBO       174.9  38.6 322.9   0.1 3   0.0 999.9 0   1.0 3  10.1 170.1 0   5.0 3  28.2 112.2 0
NOUC       11.7 179.8 359.8   0.1 3   0.0 999.9 0   1.0 3   0.0 152.6 0   5.0 3   0.0  20.3 0
PAF        86.1 220.6 101.4   0.1 3   0.0 999.9 0   1.0 3   2.6 162.6 0   5.0 3   6.2  50.2 0
PPT        43.4 104.6 273.5   0.1 3   0.0 999.9 0   1.0 3   0.0 158.0 0
RER       104.9 244.7 107.6   0.1 3   0.0 999.9 0   1.0 3   4.1 164.1 0  20.0 3   0.0  73.1 0
SCZ        82.3  50.7 251.3   0.1 3   0.0 999.9 0   1.0 3   2.3 162.3 0  20.0 3   0.0 115.3 0
SEY        73.9 353.4 165.7   0.1 3   0.0 999.9 0   1.0 3   1.5 161.5 0  20.0 3   9.1  69.1 0
SSB       141.8 339.0  29.7   0.1 3   0.0 999.9 0   1.0 3   6.8 166.8 0  20.0 3  42.3 102.3 0
TAM       157.8 306.0  58.6   0.1 3   0.0 874.1 0   1.0 3   9.9 169.9 0
UNM        97.6  71.8 261.9   0.1 3   0.0 999.9 0   1.0 3   3.5 163.5 0  20.0 3  12.8  72.8 0
WUS        94.6 310.8  99.5   0.1 3   0.0 999.9 0   1.0 3   3.3 163.3 0  20.0 3  14.0  74.0 0

  1992  4 29  11 26  5.9    10.430   125.060   24.4  5.0  0.0  seed seed.dat                  042992D
BNG       105.4 277.6  77.9   0.1 3   0.0 613.7 0   1.0 3   0.0  49.3 0
CAN        50.9 154.6 329.0   0.1 3   0.0 999.9 0   1.0 3   0.0  35.6 0
CRZF       86.2 221.6  70.9   0.1 3   0.0 999.9 0   1.0 3   0.0  43.2 0
DRV        77.8 174.0 344.9   0.1 3   0.0 999.9 0   1.0 3   0.0  39.5 0
ECH       100.0 323.2  61.8   0.1 3   0.0 999.9 0   1.0 3   0.0  46.2 0  20.0 3   0.0  91.5 0
HYB        45.6 284.2  92.3   0.1 3   0.0 999.9 0   1.0 3   0.0  42.6 0  20.0 3   0.0  54.0 0
INU        27.1  21.8 206.6   0.1 3   0.0 999.9 0   1.0 3   0.0  38.9 0  20.0 3   0.0  42.5 0
KIP        74.2  70.6 275.3   0.1 3   0.0 999.9 0   1.0 3   0.0  39.2 0  20.0 3   9.2  69.2 0
MBO       134.9 302.7  58.7   0.1 3   0.0 999.9 0   1.0 3   0.0  49.7 0
NOUC       51.8 128.9 304.3   0.1 3   0.0 999.9 0   1.0 3   0.0  32.3 0   5.0 3   3.9  35.9 0
PAF        76.5 213.4  55.9   0.1 3   0.0 999.9 0   1.0 3   0.0  42.2 0
PPT        88.8 107.9 281.2   0.1 3   0.0 999.9 0   1.0 3   0.0  37.6 0
RER        75.0 244.8  72.5   0.1 3   0.0 999.9 0   1.0 3   0.0  43.7 0  20.0 3   0.0  32.8 0
SCZ       102.0  48.9 292.9   0.1 3   0.0 999.9 0   1.0 3   0.0  42.0 0  20.0 3  19.0  79.0 0
SEY        56.0  14.7 213.0   0.1 3   0.0 999.9 0   1.0 3   0.0  41.1 0
SSB       102.9 321.4  60.2   0.1 3   0.0 999.9 0   1.0 3   0.0  46.4 0
TAM       112.2 299.9  67.4   0.1 3   0.0 753.7 0   1.0 3   0.0  49.5 0
UNM       127.3  55.8 300.6   0.1 3   0.0 999.9 0   1.0 3   0.0  43.2 0  20.0 3  32.5  92.5 0
WUS        50.6 315.5 113.9   0.1 3   0.0 999.9 0   1.0 3   0.0  42.9 0  20.0 3   0.0  59.7 0

  1992  4 30   6 36 46.7    21.610   142.820   15.0  4.9  5.1  seed seed.dat                  043092A
CAN        57.1 174.0 353.1   0.1 3   0.0 999.9 0
CRZF      106.0 226.1  75.7   0.1 3   0.0 999.9 0
DRV        88.2 181.1   2.6   0.1 3   0.0 999.9 0
ECH        99.8 331.7  41.2   0.1 3   0.0 999.9 0
HYB        60.3 278.3  74.6   0.1 3   0.0 999.9 0
INU        14.6 340.9 158.1   0.1 3   0.0 999.9 0  20.0 3   0.0  39.8 0
KIP        54.7  78.4 281.9   0.1 3   0.0 999.9 0  20.0 3   0.0  52.5 0
MBO       139.0 329.4  29.3   0.1 3   0.0 999.9 0
NOUC       49.2 150.7 330.6   0.1 3   0.0 999.9 0   5.0 3   1.3  33.2 0
PAF        95.6 218.9  63.3   0.1 3   0.0 999.9 0
PPT        76.9 115.0 297.8   0.1 3   0.0 999.9 0
RER        95.0 249.5  69.0   0.1 3   0.0 999.9 0
SCZ        81.8  53.9 290.9   0.1 3   0.0 999.9 0  20.0 3   9.3  69.3 0
SEY        41.8   6.5 193.4   0.1 3   0.0 999.9 0  20.0 3   0.0  54.1 0
SSB       103.2 331.2  39.4   0.1 3   0.0 999.9 0
TAM       119.2 314.3  46.2   0.1 3   0.0 999.9 0
UNM       106.9  60.5 300.9   0.1 3   0.0 999.9 0  20.0 3  21.8  81.8 0
WUS        56.4 305.9  89.6   0.1 3   0.0 999.9 0

  1992  4 30  11 44 38.6    35.040    26.200   32.7  5.7  5.7  seed seed.dat                  043092B
BNG        31.3 194.8  12.2   0.1 3   0.0 955.2 0   1.0 3   0.0  65.3 1   5.0 3   0.0  39.4 0
CAN       133.9 107.3 286.6   0.1 3   0.0 999.9 0   1.0 3   6.2 166.2 0
CRZF       84.5 162.4 339.0   0.1 3   0.0 999.9 0   1.0 3   2.5 162.5 0   5.0 3  23.4  59.4 0
DRV       131.1 150.9 263.9   0.1 3   0.0 999.9 0   1.0 3   6.0 166.0 0  20.0 3  43.1 103.1 0
ECH        19.3 318.8 126.0   0.1 3   0.0 999.9 0   1.0 3   0.0 154.4 0  20.0 3   0.0  96.0 0
HYB        49.6  96.6 301.4   0.1 3   0.0 999.9 0   1.0 3   0.0 158.8 0  20.0 3   0.0  48.5 0
INU        84.7  50.0 309.8   0.1 3   0.0 999.9 0   1.0 3   2.5 162.5 0
KIP       123.6   4.7 355.9   0.1 3   0.0 999.9 0   1.0 3   6.5 166.5 0
MBO        43.8 253.2  54.1   0.1 3   0.0 999.9 0   1.0 3   0.0 158.1 0   5.0 3   0.0  53.3 0
NOUC      142.9  80.0 298.9   0.1 3   0.0 999.9 0   1.0 3   6.9 166.9 0
PAF        92.8 152.9 325.1   0.1 3   0.0 999.9 0   1.0 3   3.2 163.2 0   5.0 3  27.4  63.4 0
PPT       162.2 347.0  11.5   0.1 3   0.0 915.3 0   1.0 3  10.0 170.0 0
RER        62.7 148.7 332.8   0.1 3   0.0 999.9 0   1.0 3   0.5 160.5 0  20.0 3   0.0  48.2 0
SCZ       102.4 333.9  26.7   0.1 3   0.0 999.9 0   1.0 3   3.9 163.9 0  20.0 3  22.5  82.5 0
SEY        73.2  22.6 316.3   0.1 3   0.0 999.9 0   1.0 3   1.5 161.5 0  20.0 3  12.3  72.3 0
SSB        19.4 308.4 114.2   0.1 3   0.0 999.9 0   1.0 3   0.0 154.5 0  20.0 3   0.0  36.5 0
TAM        21.8 241.5  51.3   0.1 3   0.0 999.9 0   1.0 3   0.0  86.4 0  20.0 3   0.0  36.6 0
UNM       105.0 307.3  43.8   0.1 3   0.0 999.9 0   1.0 3   4.1 164.1 0  20.0 3  23.0  83.0 0
WUS        41.6  65.1 279.4   0.1 3   0.0 999.9 0   1.0 3   0.0 157.7 0  20.0 3   0.0 101.1 0

  1992  5  2   2 20  1.2    -3.510   145.180   15.0  5.0  5.3  seed seed.dat                  050292A
BNG       126.8 272.9  91.0   0.1 3   0.0 210.8 0
CAN        31.9 174.1 352.8   0.1 3   0.0 999.9 0  20.0 3   0.0  52.6 0
CRZF       89.8 223.7  95.0   0.1 3   0.0 999.9 0
DRV        63.2 182.3   5.8   0.1 3   0.0 999.9 0
ECH       122.7 327.8  52.3   0.1 3   0.0 999.9 0  20.0 3  38.6  98.6 0
HYB        68.9 290.0 100.8   0.1 3   0.0 999.9 0
INU        39.5 349.5 167.1   0.1 3   0.0 999.9 0
KIP        60.9  63.2 253.1   0.1 3   0.0 999.9 0
MBO       159.3 302.5  59.7   0.1 3   0.0 999.9 0
NOUC       27.6 133.8 309.0   0.1 3   0.0 999.9 0   5.0 3   0.0  22.0 0
PAF        77.6 220.3  81.0   0.1 3   0.0 999.9 0
PPT        65.4 107.6 274.2   0.1 3   0.0 999.9 0
RER        88.2 249.0  93.2   0.1 3   0.0 999.9 0  20.0 3   5.8  65.8 0
SCZ        94.8  53.7 269.4   0.1 3   0.0 999.9 0  20.0 3  15.1  75.1 0
SEY        66.6   3.6 187.8   0.1 3   0.0 999.9 0
SSB       126.0 326.4  51.2   0.1 3   0.0 999.9 0
TAM       136.5 299.7  69.5   0.1 3   0.0 999.9 0
UNM       115.3  70.4 275.6   0.1 3   0.0 999.9 0  20.0 3  26.6  86.6 0
WUS        74.6 314.3 108.8   0.1 3   0.0 999.9 0  20.0 3  12.8  72.8 0

  1992  5  3   2  2 58.6   -15.050  -174.900   15.0  5.0  5.2  seed seed.dat                  050392A
BNG       163.1 232.3 129.3   0.1 3  18.0 999.9 0
CAN        38.1 231.3  67.3   0.1 3   0.0 999.9 0
CRZF      105.6 211.5 133.2   0.1 3   0.0 999.9 0
DRV        59.4 199.1  52.7   0.1 3   0.0 999.9 0  20.0 3   0.8  60.8 0
ECH       146.8 357.5   3.6   0.1 3   0.0 999.9 0
HYB       109.9 283.2  99.9   0.1 3   0.0 999.9 0
INU        67.8 318.9 128.9   0.1 3   0.0 999.9 0
KIP        40.0  25.0 206.0   0.1 3   0.0 999.9 0
MBO       158.7  89.4 265.9   0.1 3   0.0 999.9 0
NOUC       19.1 245.7  71.7   0.1 3   0.0 999.9 0   5.0 3   0.0  19.0 0
PAF        94.0 216.4 118.7   0.1 3   0.0 999.9 0
PPT        24.4  99.4 272.2   0.1 3   0.0 999.9 0
RER       118.6 235.2 121.8   0.1 3   0.0 999.9 0
SCZ        72.1  42.9 234.9   0.1 3   0.0 999.9 0  20.0 3   5.1  65.1 0
SEY        81.9 345.5 148.1   0.1 3   0.0 999.9 0
SSB       149.8   0.8 358.9   0.1 3   0.0 999.9 0
TAM       172.3 357.0   3.0   0.1 3   0.0 999.9 0
UNM        82.0  67.6 251.1   0.1 3   0.0 999.9 0  20.0 3   9.6  69.6 0
WUS       111.7 308.5  91.0   0.1 3   0.0 999.9 0

  1992  5  3   3 40 40.0   -32.360   -71.660   61.0  5.2  0.0  seed seed.dat                  050392B
BNG        92.5  86.6 237.9   0.1 3   0.0 999.9 0   5.0 3  24.3  56.3 0
CAN       102.5 213.0 145.7   0.1 3   0.0 999.9 0
CRZF       86.3 144.8 224.9   0.1 3   0.0 999.9 0
DRV        78.2 192.3 153.1   0.1 3   0.0 999.9 0
ECH       106.7  43.4 240.3   0.1 3   0.0 999.9 0  20.0 3  27.9  87.9 0
HYB       149.3 112.4 235.7   0.1 3   0.0 999.9 0
INU       156.1 284.2  90.2   0.1 3   0.0 999.9 0
KIP        98.3 289.8 121.3   0.1 3   0.0 999.9 0
MBO        70.1  57.4 227.4   0.1 3   0.0 999.9 0   5.0 3  13.3  45.3 0
NOUC      102.4 233.5 132.8   0.1 3   0.0 999.9 0   5.0 3  25.4  57.4 0
PAF        91.7 156.2 211.4   0.1 3   0.0 999.9 0
PPT        70.8 260.9 118.9   0.1 3   0.0 999.9 0
RER       106.7 129.4 224.5   0.1 3   0.0 999.9 0
SCZ        83.0 321.7 139.3   0.1 3   0.0 999.9 0
SEY       138.8 330.9  62.8   0.1 3   0.0 999.9 0
SSB       103.7  45.0 237.9   0.1 3   0.0 999.9 0
TAM        91.9  64.4 235.8   0.1 3   0.0 999.9 0  20.0 3  22.6  82.6 0
UNM        57.9 328.9 152.4   0.1 3   0.0 999.9 0  20.0 3   0.0  59.9 0
WUS       155.2  61.6 282.3   0.1 3   0.0 999.9 0

  1992  5  3   5 40  6.3   -12.540   -75.940  100.0  5.2  0.0  seed seed.dat                  050392C
BNG        95.3  86.7 257.9   0.1 3   0.0 999.9 0
CAN       116.1 220.0 130.0   0.1 3   0.0 999.9 0
CRZF      104.9 145.6 232.8   0.1 3   0.0 999.9 0
DRV        96.6 193.6 144.8   0.1 3   0.0 999.9 0
ECH        94.8  41.8 256.8   0.1 3   0.0 999.9 0
HYB       154.9  76.1 278.1   0.1 3   0.0 999.9 0
INU       142.5 312.8  60.5   0.1 3   0.0 999.9 0
KIP        87.3 292.4 104.4   0.1 3   0.0 999.9 0
MBO        64.3  67.3 248.3   0.1 3   0.0 999.9 0
NOUC      109.9 240.7 113.4   0.1 3   0.0 999.9 0
PAF       111.4 157.0 215.6   0.1 3   0.0 999.9 0
PPT        70.9 255.5  97.6   0.1 3   0.0 999.9 0
RER       121.9 124.9 239.0   0.1 3   0.0 999.9 0  20.0 3   6.6  66.6 0
SCZ        65.1 320.7 129.7   0.1 3   0.0 999.9 0
SEY       119.3 336.9  56.5   0.1 3   0.0 999.9 0
SSB        92.3  44.2 254.7   0.1 3   0.0 999.9 0
TAM        87.1  66.1 255.3   0.1 3   0.0 999.9 0
UNM        39.2 323.7 142.3   0.1 3   0.0 999.9 0
WUS       144.1  32.9 316.0   0.1 3   0.0 999.9 0

  1992  5  3  19 53 47.4    -6.350   148.960   19.7  5.1  0.0  seed seed.dat                  050392F
BNG       130.6 270.3  94.5   0.1 3   0.0 147.0 0
CAN        28.9 179.9 359.9   0.1 3   0.0 999.9 0
CRZF       90.3 223.3  99.7   0.1 3   0.0 999.9 0
DRV        60.6 184.1  10.2   0.1 3   0.0 999.9 0
ECH       127.1 328.7  50.2   0.1 3   0.0 999.9 0
HYB        73.4 290.2 102.2   0.1 3   0.0 999.9 0
INU        43.1 345.6 162.4   0.1 3   0.0 999.9 0
KIP        58.9  60.4 248.2   0.1 3   0.0 999.9 0
MBO       164.0 300.8  60.9   0.1 3   0.0 999.9 0
NOUC       23.0 134.8 310.5   0.1 3   0.0 999.9 0   5.0 3   0.0  20.2 0
PAF        77.9 221.0  85.8   0.1 3   0.0 999.9 0
PPT        60.9 106.5 272.4   0.1 3   0.0 999.9 0
RER        90.7 248.7  97.2   0.1 3   0.0 999.9 0
SCZ        93.5  53.8 264.9   0.1 3   0.0 999.9 0
SEY        69.2   1.7 183.6   0.1 3   0.0 999.9 0
SSB       130.4 327.3  49.1   0.1 3   0.0 999.9 0
TAM       141.2 298.6  70.4   0.1 3   0.0 999.9 0
UNM       112.7  71.8 271.3   0.1 3   0.0 999.9 0
WUS        79.2 313.9 108.2   0.1 3   0.0 999.9 0

  1992  5  4   8 44 59.6    -6.620   130.300   99.2  6.0  0.0  seed seed.dat                  050492A
BNG       112.1 272.0  95.3   0.1 3   0.0 999.9 0   1.0 3   4.5 164.5 0   5.0 3  32.0  48.0 1
CAN        33.4 151.5 324.6   0.1 3   0.0 999.9 0   1.0 3   0.0 156.5 0  20.0 3   0.0  45.6 0
CRZF       77.3 224.0  86.4   0.1 3   0.0 999.9 0   1.0 3   1.8 161.8 0   5.0 3  15.0  47.0 0
DRV        60.4 175.6 348.9   0.1 3   0.0 914.8 0   1.0 3   0.0 160.0 0  20.0 3   0.0 102.8 0
ECH       116.6 321.2  68.2   0.1 3   0.0 999.9 0   1.0 3   4.9 164.9 0  20.0 3   1.6 121.6 0
HYB        56.4 295.8 110.5   0.1 3   0.0 999.9 0   1.0 3   0.0 159.6 0  20.0 3   0.0  54.1 0
INU        42.3   8.2 190.0   0.1 3   0.0 999.9 0   1.0 3   0.0 157.8 0  20.0 3   0.0  39.6 0
KIP        75.6  66.0 257.0   0.1 3   0.0 999.9 0   1.0 3   2.6 162.6 0  20.0 3   0.0  46.3 0
MBO       146.9 286.0  79.6   0.1 3   0.0 999.9 0   1.0 3   9.5 169.5 0   5.0 3   0.0  97.0 1
NOUC       38.0 117.7 288.4   0.1 3   0.0 908.9 0   1.0 3   0.0 157.2 0   5.0 3   0.0  41.0 0
PAF        65.8 218.4  70.9   0.1 3   0.0 999.9 0   1.0 3   0.6 160.6 0   5.0 3   0.0  47.0 0
PPT        78.6 106.6 266.5   0.1 3   0.0 999.9 0   1.0 3   1.9 161.9 0
RER        73.3 249.9  90.8   0.1 3   0.0 999.9 0   1.0 3   1.5 161.5 0
SCZ       108.6  53.8 275.9   0.1 3   0.0 999.9 0   1.0 3   4.3 164.3 0  20.0 3   0.1 120.1 0
SEY        71.5  10.5 203.2   0.1 3   0.0 999.9 0   1.0 3   1.2 161.2 0  20.0 3   9.9  69.9 0
SSB       119.4 318.8  67.4   0.1 3   0.0 999.9 0   1.0 3   5.1 165.1 0
TAM       124.5 293.0  81.9   0.1 3   0.0 999.9 0   1.0 3   5.4 165.4 0
UNM       130.3  70.4 278.1   0.1 3   0.0 999.9 0   1.0 3   5.9 165.9 0  20.0 3  10.6  70.6 0
WUS        66.8 320.2 122.6   0.1 3   0.0 999.9 0   1.0 3   0.7 160.7 0  20.0 3   0.0 170.8 0

  1992  5  5   0 33 25.0    52.540   160.080   50.4  5.0  0.0  seed seed.dat                  050592A
BNG       114.5 317.2  24.7   0.1 3   0.0 227.4 0
CAN        88.2 189.1   6.8   0.1 3   0.0 999.9 0
CRZF      134.8 248.1  55.1   0.1 3   0.0 999.9 0
DRV       120.0 189.1  14.0   0.1 3   0.0 999.9 0
ECH        76.8 341.8  16.5   0.1 3   0.0 999.9 0
HYB        71.2 274.4  39.6   0.1 3   0.0 999.9 0
INU        23.7 232.7  36.4   0.1 3   0.0 999.9 0
KIP        44.7 117.7 324.6   0.1 3   0.0 999.9 0
MBO       113.2 356.9   2.0   0.1 3   0.0 999.9 0
NOUC       74.7 174.0 356.1   0.1 3   0.0 110.5 0
PAF       126.9 235.0  49.9   0.1 3   0.0 999.9 0
PPT        82.4 132.1 331.6   0.1 3   0.0 999.9 0
RER       115.2 268.0  41.0   0.1 3   0.0 999.9 0  20.0 3   0.0 113.8 0
SCZ        55.3  73.3 313.4   0.1 3   0.0 999.9 0
SEY        11.2 341.6 155.0   0.1 3   0.0 999.9 0
SSB        80.1 342.8  14.8   0.1 3   0.0 999.9 0
TAM       101.6 336.2  15.5   0.1 3   0.0 999.9 0
UNM        81.1  69.7 322.7   0.1 3   0.0 999.9 0
WUS        53.5 292.4  48.4   0.1 3   0.0 999.9 0

  1992  5  5   5 58 21.0   -10.600   151.910   15.0  5.0  4.7  seed seed.dat                  050592B
CAN        24.8 185.7   6.9   0.1 3   0.0 999.9 0
CRZF       89.2 222.9 104.7   0.1 3   0.0 999.9 0
DRV        56.6 185.6  14.1   0.1 3   0.0 999.9 0  20.0 3   3.4  63.4 0
ECH       132.3 328.5  49.8   0.1 3   0.0 999.9 0
HYB        77.6 290.5 105.2   0.1 3   0.0 999.9 0
INU        47.9 343.5 160.1   0.1 3   0.0 999.9 0
KIP        58.6  56.9 242.2   0.1 3   0.0 999.9 0
MBO       168.5 289.6  71.3   0.1 3   0.0 735.5 0
NOUC       17.9 131.5 307.4   0.1 3   0.0 835.5 0   5.0 3   0.0  15.7 0
PAF        76.6 221.7  90.9   0.1 3   0.0 999.9 0
PPT        57.0 104.1 268.6   0.1 3   0.0 999.9 0
RER        91.9 248.1 102.2   0.1 3   0.0 999.9 0
SCZ        93.6  53.7 259.8   0.1 3   0.0 999.9 0
SEY        73.4   0.2 180.5   0.1 3   0.0 999.9 0  20.0 3   0.0  16.5 0
SSB       135.5 327.0  48.9   0.1 3   0.0 999.9 0
TAM       145.7 294.8  74.5   0.1 3   0.0 999.9 0
UNM       111.2  73.4 266.0   0.1 3   0.0 999.9 0
WUS        84.3 313.6 109.2   0.1 3   0.0 999.9 0

  1992  5  6   8 52 49.7    -0.820   126.210   15.0  5.0  0.0  seed seed.dat                  050692B
BNG       107.7 274.4  89.4   0.1 3   0.0 999.9 0
CAN        40.4 150.7 323.2   0.1 3   0.0 999.9 0
CRZF       78.7 222.8  79.3   0.1 3   0.0 999.9 0
DRV        66.5 174.0 344.9   0.1 3   0.0 999.9 0
ECH       109.6 321.6  67.8   0.1 3   0.0 999.9 0
HYB        50.3 293.5 106.1   0.1 3   0.0 999.9 0
INU        37.5  14.6 198.0   0.1 3   0.0 999.9 0
KIP        77.1  67.9 264.1   0.1 3   0.0 999.9 0
NOUC       44.4 121.4 292.9   0.1 3   0.0 999.9 0   5.0 3   2.2  34.2 0
PAF        67.9 215.8  63.6   0.1 3   0.0 999.9 0
PPT        84.2 107.5 270.9   0.1 3   0.0 862.2 0
RER        71.5 248.1  83.6   0.1 3   0.0 999.9 0  20.0 3   0.0  47.0 0
SCZ       108.3  51.6 283.3   0.1 3   0.0 999.9 0
SEY        66.6  12.7 208.8   0.1 3   0.0 999.9 0
SSB       112.3 319.5  66.7   0.1 3   0.0 999.9 0
TAM       118.4 295.5  77.7   0.1 3   0.0 999.9 0
UNM       131.9  64.6 287.3   0.1 3   0.0 999.9 0
WUS        59.7 320.2 122.0   0.1 3   0.0 999.9 0

  1992  5  6  23 26 14.3   -45.740    34.740   15.0  5.0  4.6  seed seed.dat                  050692C
BNG        52.1 339.3 165.6   0.1 3   0.0 211.6 0   5.0 3   7.8  35.8 2
CAN        79.8 130.9 220.3   0.1 3   0.0 999.9 0
CRZF       11.9  99.5 267.1   0.1 3   0.0 999.9 0   5.0 3   0.0  13.8 0
DRV        54.3 151.9 236.1   0.1 3   0.0 999.9 0
ECH        96.8 341.8 160.9   0.1 3   0.0 999.9 0
HYB        74.4  43.5 210.3   0.1 3   0.0 999.9 0
INU       122.3  71.1 234.2   0.1 3   0.0 999.9 0
KIP       153.6 152.8 200.5   0.1 3   0.0 999.9 0
NOUC       99.3 135.5 212.0   0.1 3   0.0 999.9 0
PAF        24.0 111.6 265.0   0.1 3   0.0 999.9 0   5.0 3   0.0  17.8 0
RER        30.0  42.1 210.2   0.1 3   0.0 999.9 0  20.0 3   1.6  61.6 0
SCZ       159.9 250.4 123.6   0.1 3   0.0 999.9 0
SEY       141.6  41.1 267.0   0.1 3   0.0 999.9 0
SSB        94.7 339.1 159.2   0.1 3   0.0 999.9 0
TAM        73.3 331.9 159.0   0.1 3   0.0 999.9 0  20.0 3  15.0  75.0 0
UNM       133.9 250.4 135.4   0.1 3   0.0 999.9 0  20.0 3   0.0  59.4 0
WUS        95.4  32.2 209.6   0.1 3   0.0 999.9 0

  1992  5  6  23 29 44.6   -17.320   -72.350   33.0  4.7  0.0  seed seed.dat                  050692D
BNG        92.2  86.2 252.9   0.1 3   0.0 208.1 0   5.0 3   4.3  32.3 2
CAN       114.5 216.3 136.2   0.1 3   0.0 999.9 0
CRZF       99.0 144.7 232.9   0.1 3   0.0 999.9 0   5.0 3   0.0  10.3 0
DRV        92.8 192.3 149.3   0.1 3   0.0 999.9 0
ECH        96.0  41.5 251.0   0.1 3   0.0 999.9 0
HYB       152.2  85.8 266.2   0.1 3   0.0 999.9 0
INU       148.3 309.9  62.5   0.1 3   0.0 999.9 0
KIP        92.3 291.5 107.5   0.1 3   0.0 999.9 0
NOUC      110.4 237.6 119.6   0.1 3   0.0 999.9 0
PAF       105.7 155.7 217.0   0.1 3   0.0 999.9 0   5.0 3   0.0  14.3 0
RER       116.3 125.1 236.9   0.1 3   0.0 999.9 0  20.0 3   0.0  58.1 0
SCZ        70.9 319.9 130.1   0.1 3   0.0 999.9 0
SEY       125.0 336.8  54.9   0.1 3   0.0 999.9 0
SSB        93.3  43.6 248.9   0.1 3   0.0 999.9 0
TAM        86.0  64.9 249.6   0.1 3   0.0 999.9 0  20.0 3  11.5  71.5 0
UNM        45.1 322.9 142.4   0.1 3   0.0 999.9 0  20.0 3   0.0  55.9 0
WUS       145.9  40.1 306.3   0.1 3   0.0 999.9 0

  1992  5  7   6 23 40.4    41.120   144.730   15.0  5.8  5.7  seed seed.dat                  050792A
CAN        76.4 176.4 356.7   0.1 3   0.0 999.9 0   1.0 3   1.7 161.7 0  20.0 3  19.0  79.0 0
CRZF      120.1 233.1  60.9   0.1 3   0.0 999.9 0   1.0 3   5.1 165.1 0
DRV       107.7 182.0   3.8   0.1 3   0.0 999.9 0   1.0 3   4.2 164.2 0  20.0 3  23.1  83.1 0
ECH        83.3 333.1  30.8   0.1 3   0.0 999.9 0   1.0 3   2.4 162.4 0  20.0 3   0.0  43.9 0
HYB        60.9 268.3  52.2   0.1 3   0.0 999.9 0   1.0 3   0.1 160.1 0  20.0 3   0.0  54.4 0
INU         8.4 228.9  44.1   0.1 3   0.0 999.9 0   1.0 3   0.0 152.0 0  20.0 3   0.0  32.9 0
KIP        51.8  94.0 306.1   0.1 3   0.0 999.9 0   1.0 3   0.1 160.1 0  20.0 3   0.0  57.6 0
MBO       122.1 339.0  16.3   0.1 3   0.0 999.9 0   1.0 3   5.3 165.3 0   5.0 3  18.4  98.3 0
NOUC       66.2 158.0 342.3   0.1 3   0.0 999.9 0   1.0 3   0.7 160.7 0   5.0 3   0.0  51.3 0
PAF       111.5 222.8  51.6   0.1 3   0.0 999.9 0   1.0 3   4.5 164.5 0   5.0 3  32.3  60.3 0
RER       102.9 253.4  50.9   0.1 3   0.0 999.9 0   1.0 3   4.0 164.0 0  20.0 3   0.0  32.2 0
SCZ        69.5  58.8 306.6   0.1 3   0.0 999.9 0   1.0 3   1.1 161.1 0  20.0 3   0.0 117.4 0
SEY        22.3   9.2 195.4   0.1 3   0.0 999.9 0   1.0 3   0.0 154.8 0  20.0 3   0.0  43.2 0
SSB        86.7 333.2  28.9   0.1 3   0.0 999.9 0   1.0 3   2.7 162.7 0  20.0 3   0.0 115.4 0
TAM       105.9 321.3  30.8   0.1 3   0.0 999.9 0   1.0 3   4.1 164.1 0  20.0 3   0.0 109.6 0
UNM        95.5  58.3 317.1   0.1 3   0.0 999.9 0   1.0 3   3.4 163.4 0  20.0 3  16.9  76.9 0
WUS        48.2 293.0  67.1   0.1 3   0.0 999.9 0   1.0 3   0.0 158.6 0  20.0 3   0.0 100.1 0

  1992  5  7  19 15  2.3    38.710    39.820   15.0  5.0  4.4  seed seed.dat                  050792B
BNG        39.3 214.9  26.7   0.1 3   0.0 999.9 0
CAN       124.7 109.8 295.7   0.1 3   0.0 999.9 0
CRZF       85.6 171.7 350.5   0.1 3   0.0 999.9 0
DRV       128.9 149.6 278.7   0.1 3   0.0 999.9 0
ECH        25.3 302.6  99.8   0.1 3   0.0 999.9 0  20.0 3   0.0  42.6 0
HYB        39.8 111.1 310.2   0.1 3   0.0 999.9 0  20.0 3   0.0  56.1 0
INU        73.7  57.5 306.2   0.1 3   0.0 999.9 0  20.0 3   0.0  77.6 1
KIP       117.7  18.7 344.3   0.1 3   0.0 999.9 0
MBO        55.3 260.5  52.7   0.1 3   0.0 999.9 0
NOUC      131.7  85.7 302.4   0.1 3   0.0 999.9 0
PAF        91.9 160.6 336.6   0.1 3   0.0 999.9 0
RER        61.5 163.0 345.8   0.1 3   0.0 999.9 0  20.0 3   0.0  35.2 0
SCZ       102.9 344.6  14.9   0.1 3   0.0 999.9 0
SEY        65.3  27.6 307.4   0.1 3   0.0 999.9 0
SSB        26.8 295.6  91.5   0.1 3   0.0 999.9 0
TAM        33.2 251.6  53.5   0.1 3   0.0 999.9 0
UNM       110.5 318.7  33.2   0.1 3   0.0 999.9 0
WUS        30.1  72.5 278.4   0.1 3   0.0 999.9 0  20.0 3   0.0  50.8 0

  1992  5  8  20 53  7.0     6.960   124.790   20.5  5.1  5.0  seed seed.dat                  050892B
BNG       105.5 276.6  81.5   0.1 3   0.0 999.9 0
CAN        47.9 153.1 326.6   0.1 3   0.0 999.9 0
CRZF       83.5 221.8  73.0   0.1 3   0.0 999.9 0
DRV        74.4 173.8 344.3   0.1 3   0.0 999.9 0
ECH       102.6 322.6  64.1   0.1 3   0.0 999.9 0
HYB        46.3 287.4  97.1   0.1 3   0.0 999.9 0
INU        30.5  20.0 204.6   0.1 3   0.0 999.9 0
KIP        75.6  69.7 272.0   0.1 3   0.0 999.9 0
MBO       136.5 299.4  63.1   0.1 3   0.0 999.9 0
NOUC       49.9 126.5 300.6   0.1 3   0.0 999.9 0
PAF        73.5 213.8  57.7   0.1 3   0.0 634.7 0
RER        73.3 245.6  75.6   0.1 3   0.0 999.9 0
SCZ       104.5  49.5 290.5   0.1 3   0.0 999.9 0
SEY        59.4  14.2 212.3   0.1 3   0.0 999.9 0
SSB       105.5 320.8  62.7   0.1 3   0.0 999.9 0
TAM       113.6 298.5  70.8   0.1 3   0.0 999.9 0
UNM       129.4  58.0 297.1   0.1 3   0.0 999.9 0
WUS        52.9 317.5 117.2   0.1 3   0.0 999.9 0  20.0 3   5.7  65.7 0

  1992  5  9   0 20 55.9   -18.240   -69.740  130.3  5.4  0.0  seed seed.dat                  050992A
BNG        89.8  85.4 251.8   0.1 3   0.0 999.9 0
CAN       115.2 214.4 139.1   0.1 3   0.0 999.9 0
CRZF       96.8 143.7 234.4   0.1 3   0.0 999.9 0
DRV        92.4 191.4 151.9   0.1 3   0.0 999.9 0
ECH        95.1  40.9 248.5   0.1 3   0.0 999.9 0
HYB       149.8  87.0 264.0   0.1 3   0.0 999.9 0
INU       150.8 310.7  60.7   0.1 3   0.0 999.9 0
KIP        95.0 290.7 107.4   0.1 3   0.0 999.9 0
MBO        61.4  61.7 239.7   0.1 3   0.0 999.9 0
NOUC      112.0 236.0 121.9   0.1 3   0.0 999.9 0
PAF       103.8 154.4 218.9   0.1 3   0.0 426.9 0
RER       113.7 124.0 237.6   0.1 3   0.0 999.9 0
SCZ        73.3 318.7 128.7   0.1 3   0.0 999.9 0
SEY       126.8 337.4  52.5   0.1 3   0.0 999.9 0
SSB        92.3  42.9 246.5   0.1 3   0.0 999.9 0
TAM        84.1  63.9 247.6   0.1 3   0.0 999.9 0
UNM        47.3 320.7 140.4   0.1 3   0.0 999.9 0
WUS       144.9  42.9 301.9   0.1 3   0.0 999.9 0

  1992  5  9   2 25 41.5     6.790   124.640   33.0  5.1  0.0  seed seed.dat                  050992B
BNG       105.4 276.5  81.7   0.1 3   0.0 999.9 0
CAN        47.9 152.9 326.4   0.1 3   0.0 999.9 0  20.0 3   0.0  55.0 0
CRZF       83.2 221.7  73.0   0.1 3   0.0 999.9 0
DRV        74.2 173.7 344.1   0.1 3   0.0 999.9 0  20.0 3   0.0  55.1 0
ECH       102.6 322.6  64.3   0.1 3   0.0 999.9 0
HYB        46.2 287.6  97.3   0.1 3   0.0 999.9 0
INU        30.7  20.1 204.7   0.1 3   0.0 999.9 0
KIP        75.8  69.6 271.9   0.1 3   0.0 999.9 0
MBO       136.4 299.2  63.4   0.1 3   0.0 999.9 0
NOUC       49.9 126.3 300.3   0.1 3   0.0 999.9 0   5.0 3   5.3  37.3 0
PAF        73.3 213.8  57.7   0.1 3   0.0 302.1 0
RER        73.1 245.6  75.7   0.1 3   0.0 999.9 0
SCZ       104.7  49.5 290.4   0.1 3   0.0 999.9 0
SEY        59.6  14.3 212.5   0.1 3   0.0 999.9 0
SSB       105.5 320.7  62.9   0.1 3   0.0 999.9 0
TAM       113.6 298.4  71.1   0.1 3   0.0 999.9 0
UNM       129.6  58.0 297.0   0.1 3   0.0 999.9 0
WUS        52.9 317.7 117.4   0.1 3   0.0 999.9 0

  1992  5 10   4  4 32.8    37.290    72.590   15.0  5.6  5.7  seed seed.dat                  051092A
BNG        59.1 250.2  48.8   0.1 3   0.0 999.9 0   1.0 3   0.0 130.0 0   5.0 3   3.5  47.5 0
CAN       101.3 125.7 307.6   0.1 3   0.0 999.9 0   1.0 3   3.8 133.8 0
CRZF       85.6 194.3  16.5   0.1 3   0.0 999.9 0   1.0 3   2.6 132.6 0   5.0 3  19.5  51.5 0
DRV       115.7 155.8 305.1   0.1 3   0.0 999.9 0   1.0 3   4.8 134.8 0
ECH        47.8 305.0  77.7   0.1 3   0.0 999.9 0   1.0 3   0.0 128.6 0  20.0 3   0.0 111.0 0
HYB        20.5 163.5 346.3   0.1 3   0.0 999.9 0   1.0 3   0.0 124.6 0  20.0 3   0.0  36.6 0
INU        51.0  71.4 292.4   0.1 3   0.0 999.9 0   1.0 3   0.0 129.0 0  20.0 3   4.1  64.1 0
KIP       104.5  47.9 320.5   0.1 3   0.0 999.9 0   1.0 3   5.0 135.0 0  20.0 3  26.7  86.7 0
MBO        81.0 281.4  53.8   0.1 3   0.0 249.3 0   1.0 3   2.2 132.2 0   5.0 3   9.5  65.5 0
NOUC      105.9 105.6 304.0   0.1 3   0.0 999.9 0   1.0 3   4.1 134.1 0   5.0 3  30.5  62.5 0
PAF        86.5 181.6   1.9   0.1 3   0.0 999.9 0   1.0 3   2.6 132.6 0   5.0 3  19.5  51.5 0
RER        60.4 198.2  15.5   0.1 3   0.0 999.9 0   1.0 3   0.2 130.2 0
SCZ       105.2  11.6 348.5   0.1 3   0.0 999.9 0   1.0 3   4.1 134.1 0  20.0 3  27.6  87.6 0
SEY        53.0  34.2 280.9   0.1 3   0.0 999.9 0   1.0 3   0.0 129.2 0  20.0 3   0.0  56.3 0
SSB        50.3 301.8  73.7   0.1 3   0.0 999.9 0   1.0 3   0.0 128.9 0  20.0 3   0.0  53.6 0
TAM        58.7 276.2  59.2   0.1 3   0.0 999.9 0   1.0 3   0.0 129.9 0  20.0 3   0.7  60.7 0
UNM       123.0 350.8   7.8   0.1 3   0.0 999.9 0   1.0 3   5.4 135.4 0  20.0 3  32.1  92.1 0
WUS         6.5  50.8 235.0   0.1 3   0.0 999.9 0   1.0 3   0.0 121.5 0  20.0 3   0.0  93.2 0

  1992  5 11  10  7 51.1    36.490   140.200  111.1  5.2  0.0  seed seed.dat                  051192A
BNG       112.1 293.9  47.7   0.1 3   0.0  14.0 0
CAN        72.1 172.4 352.5   0.1 3   0.0 999.9 0
CRZF      114.4 229.6  62.4   0.1 3   0.0 999.9 0
DRV       103.0 180.1   0.2   0.1 3   0.0 999.9 0
ECH        85.7 330.7  36.1   0.1 3   0.0 999.9 0
HYB        57.2 268.1  57.5   0.1 3   0.0 999.9 0
INU         2.8 247.1  65.2   0.1 3   0.0 999.9 0  20.0 3   0.0  32.7 0
KIP        55.2  87.7 300.3   0.1 3   0.0 999.9 0  20.0 3   0.0  59.4 0
MBO       124.9 332.8  22.4   0.1 3   0.0 999.9 0
NOUC       63.4 152.8 336.6   0.1 3   0.0 999.9 0
PAF       105.7 219.8  52.0   0.1 3   0.0 999.9 0
RER        98.1 250.0  54.2   0.1 3   0.0 999.9 0  20.0 3   0.0  13.7 0
SCZ        75.0  55.3 304.5   0.1 3   0.0 999.9 0
SEY        27.5  12.0 201.6   0.1 3   0.0 999.9 0  20.0 3   0.0  49.0 0
SSB        89.1 330.5  34.2   0.1 3   0.0 999.9 0
TAM       107.0 316.8  36.7   0.1 3   0.0 999.9 0
UNM       101.0  55.7 315.1   0.1 3   0.0 999.9 0
WUS        46.8 295.4  74.8   0.1 3   0.0 999.9 0

  1992  5 12   3 39 30.0    59.640  -153.360  140.1  5.2  0.0  seed seed.dat                  051292A
BNG       115.7   8.9 355.4   0.1 3   0.0 999.9 0
CAN       106.0 226.1  26.6   0.1 3   0.0 999.9 0
CRZF      160.1 301.1  40.1   0.1 3   0.0 999.9 0
DRV       135.3 211.5  41.7   0.1 3   0.0 999.9 0
ECH        71.2  13.6 349.7   0.1 3   0.0 999.9 0
HYB        92.4 311.4  23.5   0.1 3   0.0 999.9 0
INU        50.1 273.6  38.3   0.1 3   0.0 999.9 0
KIP        38.3 187.0   3.8   0.1 3   0.0 999.9 0
MBO        98.2  42.3 339.3   0.1 3   0.0 999.9 0
NOUC       88.0 217.0  19.3   0.1 3   0.0 999.9 0
PAF       153.2 273.7  51.5   0.1 3   0.0 999.9 0
PPT        77.1 176.3 358.0   0.1 3   0.0 999.9 0
RER       136.3 319.2  21.1   0.1 3   0.0 999.9 0  20.0 3   0.0  68.9 0
SCZ        30.9 123.9 328.4   0.1 3   0.0 999.9 0  20.0 3   0.0  47.6 0
SEY        25.6 300.9  72.4   0.1 3   0.0 999.9 0  20.0 3   0.0  47.4 0
SSB        73.7  16.0 348.6   0.1 3   0.0 999.9 0
TAM        95.9  19.5 349.4   0.1 3   0.0 999.9 0
UNM        55.6 111.9 330.1   0.1 3   0.0 999.9 0
WUS        70.4 320.6  25.3   0.1 3   0.0 999.9 0

  1992  5 12  14 47 49.2   -23.980  -175.220   15.0  5.2  0.0  seed seed.dat                  051292B
BNG       156.4 216.1 146.9   0.1 3   0.0 999.9 0
CAN        32.9 241.6  79.8   0.1 3   0.0 999.9 0
CRZF       97.9 210.7 137.6   0.1 3   0.0 999.9 0
DRV        51.0 201.1  56.0   0.1 3   0.0 999.9 0
ECH       155.7 356.1   5.2   0.1 3   0.0 999.9 0
HYB       111.4 280.0 109.3   0.1 3   0.0 999.9 0
INU        74.5 321.0 135.2   0.1 3   0.0 999.9 0
KIP        48.3  21.7 201.3   0.1 3   0.0 999.9 0
MBO       157.4 111.7 242.2   0.1 3   0.0 999.9 0
NOUC       17.1 272.6  99.9   0.1 3   0.0 999.9 0   5.0 3   0.0  15.2 0
PAF        86.6 216.5 123.7   0.1 3   0.0 999.9 0
PPT        24.8  80.0 250.7   0.1 3   0.0 552.1 0
RER       113.0 231.9 129.6   0.1 3   0.0 999.9 0  20.0 3   0.0  94.5 0
SCZ        78.9  41.5 228.9   0.1 3   0.0 999.9 0  20.0 3  10.1  70.1 0
SEY        90.5 345.8 150.6   0.1 3   0.0 999.9 0
SSB       158.7   0.5 359.4   0.1 3   0.0 999.9 0
TAM       178.6 205.2 143.1   0.1 3   0.0 999.9 0
UNM        85.7  66.9 243.0   0.1 3   0.0 999.9 0  20.0 3  12.8 132.8 0
WUS       116.8 305.3  99.0   0.1 3   0.0 999.9 0

  1992  5 12  15 46 56.2    -9.270   -79.640   39.8  5.9  0.0  seed seed.dat                  051292C
BNG        98.8  87.0 261.4   0.1 3   0.0 999.9 0   1.0 3   3.5 525.0 0
CAN       116.1 223.1 124.6   0.1 3   0.0 999.9 0   1.0 3   4.9 566.2 0
CRZF      109.6 146.7 231.5   0.1 3   0.0 999.9 0   1.0 3   4.3 572.9 0
DRV        98.9 194.9 140.5   0.1 3   0.0 999.9 0   1.0 3   3.5 568.7 0  20.0 3  19.8  79.8 0
ECH        94.7  42.1 261.7   0.1 3   0.0 999.9 0   1.0 3   3.2 578.5 0  20.0 3   4.7  64.7 0
HYB       157.3  67.1 288.6   0.1 3   0.0 999.9 0   1.0 3   9.8 573.4 0
INU       137.7 313.4  60.7   0.1 3   0.0 999.9 0   1.0 3   6.5 570.0 0
KIP        82.7 293.0 102.8   0.1 3   0.0 999.9 0   1.0 3   3.4 567.4 0
MBO        66.5  69.9 253.1   0.1 3   0.0 999.9 0   1.0 3   0.6 578.7 0   5.0 3   4.1  44.1 0
NOUC      108.2 243.0 108.5   0.1 3   0.0 999.9 0   1.0 3   4.3 116.1 0   5.0 3  28.1  60.1 0
PAF       115.8 158.6 213.3   0.1 3   0.0 999.9 0   1.0 3   4.8 572.1 0
PPT        68.2 254.7  93.2   0.1 3   0.0 493.0 0   1.0 3   1.0 427.8 0
RER       126.7 125.2 239.7   0.1 3   0.0 999.9 0   1.0 3   5.6 574.1 0  20.0 3   0.0  35.4 0
SCZ        60.2 321.8 130.6   0.1 3   0.0 999.9 0   1.0 3   0.1 570.1 0  20.0 3   0.0  11.0 0
SEY       114.8 336.5  58.8   0.1 3   0.0 999.9 0   1.0 3   4.7 571.2 0
SSB        92.5  44.7 259.6   0.1 3   0.0 999.9 0   1.0 3   3.0 578.6 0
TAM        89.2  66.9 259.8   0.1 3   0.0 999.9 0   1.0 3   2.8 579.0 0  20.0 3  20.3  80.3 0
UNM        34.4 325.9 144.1   0.1 3   0.0 999.9 0   1.0 3   0.0 570.9 0  20.0 3   0.0  73.7 0
WUS       143.1  27.0 324.0   0.1 3   0.0 999.9 0   1.0 3   6.8 573.6 0  20.0 3  44.4 104.4 0

  1992  5 12  18  5 45.4   -16.710  -172.090   38.4  6.3  6.8  seed seed.dat                  051292D
BNG       163.9 221.2 140.1   0.1 3   0.0 999.9 0   1.0 3   0.0 386.2 0   5.0 3   0.0 150.2 0
CAN        39.3 234.2  72.1   0.1 3   0.0 999.9 0   1.0 3   0.0 427.4 0  20.0 3   0.0  38.9 0
CRZF      105.6 209.8 136.5   0.1 3   0.0 999.9 0   1.0 3   0.0 434.1 0   5.0 3   0.0 154.2 0
DRV        58.8 200.2  56.3   0.1 3   0.0 999.9 0   1.0 3   0.0 429.9 0  20.0 3   0.0 222.0 0
ECH       148.5   1.0 358.6   0.1 3   0.0 999.9 0   1.0 3   0.0 439.7 0  20.0 3   0.0  51.8 0
HYB       112.9 282.0 101.0   0.1 3   0.0 999.9 0   1.0 3   0.0 434.6 0  20.0 3   0.0  51.3 0
INU        70.8 317.7 127.9   0.1 3   0.0 999.9 0   1.0 3   0.0 431.2 0  20.0 3   0.0  42.8 0
KIP        40.4  20.5 201.1   0.1 3   0.0 999.9 0   1.0 3   0.0 428.6 0  20.0 3   0.0  41.5 0
MBO       155.9  92.5 261.7   0.1 3   0.0 999.9 0   1.0 3   0.0 439.8 0   5.0 3   0.0 185.2 0
NOUC       21.1 251.8  79.1   0.1 3   0.0 999.9 0   1.0 3   0.0 424.7 0   5.0 3   0.0 205.2 0
PAF        94.2 215.4 121.9   0.1 3   0.0 926.1 0   1.0 3   0.0 433.3 0   5.0 3   0.0 166.2 0
PPT        21.5  95.6 268.9   0.1 3   0.0 354.2 0   1.0 3   0.0 289.0 0  20.0 3   0.0  36.3 0
RER       119.8 232.8 125.2   0.1 3   0.0 999.9 0   1.0 3   0.0 435.2 0
SCZ        71.5  41.1 231.6   0.1 3   0.0 999.9 0   1.0 3   0.0 431.3 0  20.0 3   0.0  43.2 0
SEY        84.2 344.5 145.9   0.1 3   0.0 999.9 0   1.0 3   0.0 432.4 0  20.0 3   0.0  59.1 0
SSB       151.3   5.0 353.3   0.1 3   0.0 999.9 0   1.0 3   0.0 439.8 0  20.0 3   0.0 171.4 0
TAM       173.5  20.6 340.1   0.1 3   0.0 999.9 0   1.0 3   0.0 440.1 0  20.0 3   0.0  51.5 0
UNM        80.1  66.5 248.5   0.1 3   0.0 999.9 0   1.0 3   0.0 432.1 0  20.0 3   0.0  43.8 0
WUS       114.8 307.9  90.6   0.1 3   0.0 999.9 0   1.0 3   0.0 434.8 0  20.0 3   0.0  51.5 0

  1992  5 13  18 26 43.9   -24.170  -175.360   25.7  5.4  0.0  seed seed.dat                  051392C
BNG       156.2 216.1 146.9   0.1 3   0.0 999.9 0   1.0 3   9.8 139.8 0
CAN        32.7 241.8  80.0   0.1 3   0.0 999.9 0   1.0 3   0.0 126.3 0
CRZF       97.6 210.7 137.6   0.1 3   0.0 999.9 0   1.0 3   3.4 133.4 0
DRV        50.7 201.2  56.0   0.1 3   0.0 999.9 0   1.0 3   0.0 128.9 0
ECH       155.9 355.8   5.6   0.1 3   0.0 999.9 0   1.0 3   9.8 139.8 0
HYB       111.3 279.9 109.5   0.1 3   0.0 999.9 0   1.0 3   4.4 134.4 0
INU        74.5 321.1 135.4   0.1 3   0.0 999.9 0   1.0 3   1.4 131.4 0
KIP        48.5  21.8 201.4   0.1 3   0.0 334.1 0   1.0 3   0.0 129.5 0
MBO       157.4 112.3 241.6   0.1 3   0.0 999.9 0   1.0 3   9.8 139.8 0
NOUC       17.0 273.3 100.5   0.1 3   0.0 999.9 0   1.0 3   0.0 123.7 0   5.0 3   0.0  12.3 0
PPT        24.9  79.7 250.4   0.1 3   0.0 999.9 0   1.0 3  15.1 125.3 0
RER       112.8 231.9 129.6   0.1 3   0.0 999.9 0   1.0 3   4.6 134.6 0  20.0 3   3.6  63.6 0
SCZ        79.1  41.6 228.9   0.1 3   0.0 999.9 0   1.0 3   1.9 131.9 0  20.0 3   9.2  69.2 0
SEY        90.6 345.8 150.7   0.1 3   0.0 999.9 0   1.0 3   2.8 132.8 0
SSB       158.9   0.2 359.8   0.1 3   0.0 999.9 0   1.0 3   9.8 139.8 0
TAM       178.4 206.3 143.6   0.1 3   0.0 999.9 0   1.0 3  10.1 140.1 0
UNM        85.9  67.0 242.9   0.1 3   0.0 999.9 0   1.0 3   2.5 132.5 0  20.0 3  11.9  71.9 0
WUS       116.8 305.2  99.2   0.1 3   0.0 999.9 0   1.0 3   4.8 134.8 0

  1992  5 15   5 35 59.9   -32.450  -177.810   15.0  5.1  5.3  seed seed.dat                  051592A
CAN        27.6 254.8  93.7   0.1 3   0.0 999.9 0  20.0 3   0.0  44.7 0
CRZF       89.4 211.7 140.0   0.1 3   0.0 999.9 0
DRV        42.3 203.4  57.5   0.1 3   0.0 999.9 0  20.0 3   0.0  53.8 0
ECH       163.8 347.8  14.9   0.1 3   0.0 999.9 0
HYB       110.5 277.8 118.6   0.1 3   0.0 999.9 0  20.0 3  38.1 158.1 0
INU        79.8 323.8 142.4   0.1 3   0.0 999.9 0  20.0 3   0.0 152.6 0
KIP        57.0  22.2 200.0   0.1 3   0.0 999.9 0
MBO       154.9 132.0 221.2   0.1 3   0.0 999.9 0
NOUC       17.5 302.2 129.6   0.1 3   0.0 999.9 0   5.0 3   0.0  43.0 0
PAF        78.5 218.1 127.0   0.1 3   0.0 999.9 0   5.0 3  20.0  48.0 0
PPT        29.5  66.7 234.4   0.1 3   0.0 999.9 0
RER       106.0 231.2 135.1   0.1 3   0.0 999.9 0  20.0 3   0.0 149.9 0
SCZ        86.7  42.3 225.0   0.1 3   0.0 999.9 0  20.0 3  12.9 132.9 0
SEY        98.2 346.7 154.8   0.1 3   0.0 999.9 0  20.0 3   0.0   6.9 0
SSB       167.1 352.4   8.7   0.1 3   0.0 999.9 0
TAM       169.9 197.3 163.2   0.1 3   0.0 999.9 0
UNM        91.1  68.0 236.1   0.1 3   0.0 999.9 0  20.0 3  14.6  74.6 0
WUS       119.7 302.0 108.4   0.1 3   0.0 999.9 0

  1992  5 15   7  5  4.7    -6.350   147.590   39.8  6.2  7.1  seed seed.dat                  051592D
BNG       129.2 270.5  94.5   0.1 3   9.9 999.9 0   1.0 3   9.9 154.9 0   5.0 3   9.9  97.9 0
CAN        28.9 177.6 357.1   0.1 3   0.0 999.9 0   1.0 3   0.0 316.9 0  20.0 3   0.0  37.6 0
CRZF       89.4 223.5  98.7   0.1 3   0.0 999.9 0   1.0 3   2.9 315.8 0   5.0 3   0.0 246.9 0
DRV        60.5 183.5   8.7   0.1 3   0.0 999.9 0   1.0 3   0.1 318.0 0  20.0 3   0.0  41.7 0
ECH       126.4 328.0  51.6   0.1 3   0.0 999.9 0   1.0 3   5.6 311.2 0  20.0 3   0.0  29.5 0
HYB        72.2 290.5 102.7   0.1 3   0.0 999.9 0   1.0 3   1.3 308.1 0  20.0 3   0.0  69.0 0
INU        42.8 347.2 164.4   0.1 3   0.0 999.9 0   1.0 3   0.0 177.3 0  20.0 3   0.0  63.5 0
KIP        60.1  61.0 248.9   0.1 3   0.0 999.9 0   1.0 3   1.0 317.8 0  20.0 3   0.0  44.2 0
MBO       162.8 298.7  63.3   0.1 3   0.0 999.9 0   1.0 3   9.9 315.0 0   5.0 3   0.0  87.9 0
NOUC       23.9 132.8 308.1   0.1 3   0.0 999.9 0   1.0 3   0.0 317.1 0   5.0 3   0.0 132.9 0
PAF        77.0 220.9  84.7   0.1 3   0.0 999.9 0   1.0 3   1.8 315.9 0   5.0 3   0.0 262.9 0
PPT        62.2 106.5 272.0   0.1 3   0.0 999.9 0   1.0 3   0.3 319.4 0  20.0 3   0.0  43.0 0
RER        89.4 248.9  96.7   0.1 3   0.0 999.9 0   1.0 3   3.0 313.5 0  20.0 3   0.0  60.8 0
SCZ        94.6  53.9 265.7   0.1 3   0.0 999.9 0   1.0 3   3.2 316.8 0  20.0 3   0.0  43.9 0
SEY        69.3   2.3 185.1   0.1 3   0.0 999.9 0   1.0 3   0.9 311.8 0  20.0 3   0.0  45.8 0
SSB       129.6 326.5  50.6   0.1 3   0.0 999.9 0   1.0 3   5.8 311.6 0  20.0 3   0.0  48.0 0
TAM       140.0 298.0  71.5   0.1 3   0.0 999.9 0   1.0 3   6.6 312.8 0  20.0 3   0.0 102.2 1
UNM       114.0  71.8 271.8   0.1 3   0.0 999.9 0   1.0 3   4.7 318.1 0  20.0 3   0.0  46.5 0
WUS        78.3 314.2 109.1   0.1 3   0.0 999.9 0   1.0 3   1.9 304.2 0  20.0 3   0.0  43.4 0

  1992  5 15  22  6 24.7    51.920  -172.010   43.5  5.2  4.6  seed seed.dat                  051592G
BNG       123.0 347.5   7.8   0.1 3   0.0 113.6 0
CAN        93.5 211.1  23.1   0.1 3   0.0 113.6 0
CRZF      151.2 264.1  63.5   0.1 3   0.0 113.6 0
DRV       123.9 201.0  33.7   0.1 3   0.0 113.6 0
ECH        80.1   0.6 359.5   0.1 3   0.0 113.6 0
HYB        87.8 295.9  35.7   0.1 3   0.0 113.6 0
INU        39.5 265.8  49.0   0.1 3   0.0 113.6 0
KIP        32.3 155.1 343.7   0.1 3   0.0 114.6 0
MBO       110.4  25.8 343.8   0.1 3   0.0 113.6 0
NOUC       76.3 200.7  13.7   0.1 3   0.0 113.6 0
PAF       141.6 248.9  62.2   0.1 3   0.0 113.6 0
PPT        72.0 157.4 345.6   0.1 3   0.0 113.6 0
RER       132.1 291.8  38.3   0.1 3   0.0 113.7 0
SCZ        38.5  93.0 309.8   0.1 3   0.0 113.6 0  20.0 3   0.0  14.5 0
SEY        21.8 314.2 103.8   0.1 3   0.0 113.6 0
SSB        82.9   2.4 357.9   0.1 3   0.0 113.6 0
TAM       105.4   2.3 358.4   0.1 3   0.0 113.6 0
UNM        64.4  90.8 319.1   0.1 3   0.0 113.6 0
WUS        68.5 310.0  39.0   0.1 3   0.0 113.6 0
