  1990  7 25  13 37 16.3   -14.540  -174.690  256.1  5.0  0.0  seed seed.dat                  072590A
AGD       143.4 269.6  98.6   0.1 3   0.0 378.3 0
CAN        38.6 230.9  66.9   0.1 3   0.0 999.9 0   1.0 3   0.0 999.9 0
CAY       122.5  93.6 256.0   0.1 3   0.0 999.9 0
CRZF      106.2 211.5 133.1   0.1 3   0.0 999.9 0   1.0 3   0.0 999.9 0
DRV        60.0 199.1  52.7   0.1 3   0.0 999.9 0   1.0 3   0.0 999.9 0
HYB       109.9 283.4  99.3   0.1 3   0.0 999.9 0   1.0 3   0.0 999.9 0
INU        67.6 318.6 128.4   0.1 3   0.0 999.9 0   1.0 3   0.0 999.9 0
KIP        39.4  25.0 206.0   0.1 3   0.0 999.9 0   1.0 3   0.0 999.9 0
MBO       158.4  88.1 267.3   0.1 3   0.0 999.9 0   1.0 3   0.0 999.9 0
NOUC       19.5 244.6  70.6   0.1 3   0.0 999.9 0   1.0 3   0.0 999.9 0
PAF        94.5 216.4 118.6   0.1 3   0.0 909.6 0   1.0 3   0.0 914.7 0
PPT        24.3 100.5 273.5   0.1 3   0.0 999.9 0
RER       119.0 235.3 121.5   0.1 3   0.0 622.6 0   1.0 3   0.0 999.9 0
SCZ        71.6  42.9 235.1   0.1 3   0.0 999.9 0
SSB       149.3   1.1 358.6   0.1 3   0.0 999.9 0   1.0 3   0.0 999.9 0
TAM       171.8 358.6   1.4   0.1 3   0.0 999.9 0   1.0 3   0.0 999.9 0
UNM        81.6  67.6 251.5   0.1 3   0.0 999.9 0   1.0 3   0.0 999.9 0
WFM       109.4  49.7 268.1   0.1 3   0.0 999.9 0
WUS       111.5 308.7  90.5   0.1 3   0.0 999.9 0   1.0 3   0.0 999.9 0

  1990  7 25  14 42 42.1    53.690  -156.710   49.0  5.7  4.3  seed seed.dat                  072590B
AGD       112.8 339.3  12.4   0.1 3   0.0 312.8 0
CAN       100.4 222.6  29.5   0.1 3   0.0 999.9 0   1.0 3   0.0 999.9 0
CAY        94.5  75.3 324.7   0.1 3   0.0 999.9 0   5.0 3  11.3 131.3 0
CRZF      160.4 281.1  58.8   0.1 3   0.0 999.9 0   1.0 3   0.0 999.9 0
DRV       129.2 207.5  43.4   0.1 3   0.0 999.9 0   1.0 3   0.0 999.9 0
HYB        94.7 308.2  29.3   0.1 3   0.0 999.9 0   1.0 3   0.0 999.9 0
INU        48.7 276.0  46.3   0.1 3   0.0 999.9 0   1.0 3   0.0 999.9 0
KIP        32.3 182.3   1.5   0.1 3   0.0 999.9 0   1.0 3   0.0 999.9 0
MBO       103.9  40.0 336.7   0.1 3   0.0 999.9 0   1.0 3   0.0 999.9 0
NOUC       82.1 214.4  21.2   0.1 3   0.0 999.9 0   1.0 3   0.0 999.9 0
PAF       151.0 259.9  64.0   0.1 3   0.0 844.1 0   1.0 3   0.0 849.3 0
PPT        71.4 172.8 355.5   0.1 3   0.0 999.9 0
RER       139.2 310.3  29.4   0.1 3   0.0 557.1 0   1.0 3   0.0 999.9 0
SCZ        29.8 110.6 316.3   0.1 3   0.0 999.9 0
SSB        79.9  13.3 348.8   0.1 3   0.0 999.9 0   1.0 3   0.0 999.9 0
TAM       102.1  16.7 349.3   0.1 3   0.0 999.9 0   1.0 3   0.0 999.9 0
UNM        55.5 104.8 322.5   0.1 3   0.0 999.9 0   1.0 3   0.0 999.9 0
WFM        54.5  64.4 313.5   0.1 3   0.0 999.9 0
WUS        73.8 319.5  30.8   0.1 3   0.0 999.9 0   1.0 3   0.0 999.9 0

  1990  7 26   4 18 26.4    -7.520   127.670  161.7  5.3  0.0  seed seed.dat                  072690A
AGD        86.5 282.0  98.3   0.1 3   0.0  66.6 0
CAN        33.9 147.8 319.7   0.1 3   0.0 999.9 0   1.0 3   0.0 999.9 0
CAY       177.4 180.3 179.7   0.1 3   0.0 999.9 0   5.0 3  39.5 159.5 0
CRZF       74.8 224.0  85.1   0.1 3   0.0 365.4 0   1.0 3   0.0 465.5 0
DRV        59.7 174.3 345.8   0.1 3   0.0 999.9 0   1.0 3   0.0 999.9 0
HYB        54.5 297.5 112.9   0.1 3   0.0 999.9 0   1.0 3   0.0 999.9 0  20.0 3  26.0 206.0 0
INU        43.7  11.1 193.6   0.1 3   0.0 999.9 0   1.0 3   0.0 999.9 0
KIP        78.3  66.4 257.2   0.1 3   0.0 999.9 0   1.0 3   0.0 999.9 0
MBO       144.6 284.1  82.4   0.1 3   0.0 999.9 0   1.0 3   0.0 999.9 0
NOUC       39.9 115.6 285.2   0.1 3   0.0 999.9 0   1.0 3   0.0 999.9 0
PAF        63.5 218.0  69.3   0.1 3   0.0  28.4 0   1.0 3   0.0  33.5 0
PPT        80.9 106.6 264.9   0.1 3   0.0 999.9 0
RER        70.5 250.2  90.8   0.1 3   0.0 999.9 0   1.0 3   0.0 561.1 0
SCZ       111.2  53.8 276.8   0.1 3   0.0 999.9 0
SSB       118.3 317.7  70.3   0.1 3   0.0 999.9 0   1.0 3   0.0 999.9 0
TAM       122.5 292.1  84.1   0.1 3   0.0 999.9 0   1.0 3   0.0 999.9 0
UNM       133.1  70.7 278.2   0.1 3   0.0 999.9 0   1.0 3   0.0 999.9 0
WFM       141.1  22.8 329.0   0.1 3   0.0 999.9 0
WUS        65.8 321.7 125.4   0.1 3   0.0 999.9 0   1.0 3   0.0 999.9 0

  1990  7 26   6 53 59.2    27.440    65.810   15.0  5.8  5.8  seed seed.dat                  072690B
CAN       100.3 124.2 296.1   0.1 3   0.0 999.9 0   1.0 3   0.0 999.9 0
CAY       112.2 288.6  57.8   0.1 3   0.0 999.9 0   5.0 3   0.0   4.0 0
CRZF       74.8 190.0  12.9   0.1 3   0.0 209.9 0   1.0 3   0.0 310.0 0   5.0 3  14.0  50.0 0
DRV       109.0 156.0 295.1   0.1 3   0.0 999.9 0   1.0 3   0.0 999.9 0   5.0 3  29.0  69.0 0
HYB        15.4 127.6 312.5   0.1 3   0.0 999.9 0   1.0 3   0.0 999.9 0  20.0 3   0.0  50.4 0
INU        60.1  63.1 284.1   0.1 3   0.0 999.9 0   1.0 3   0.0 999.9 0  20.0 3   0.0  41.6 0
KIP       115.4  45.5 317.1   0.1 3   0.0 999.9 0   1.0 3   0.0 999.9 0
MBO        77.2 279.8  64.6   0.1 3   0.0 999.9 0   1.0 3   0.0 999.9 0   5.0 3   5.0  69.0 0
NOUC      108.8 105.4 292.5   0.1 3   0.0 999.9 0   1.0 3   0.0 999.9 0   5.0 3  26.0  70.0 0
PAF        76.7 177.0 356.0   0.1 3   0.0 999.9 0   1.0 3   0.0 999.9 0   5.0 3   0.0  52.0 0
PPT       146.0  80.3 292.8   0.1 3   0.0 999.9 0
RER        49.4 192.4  11.8   0.1 3   0.0 999.9 0   1.0 3   0.0 405.5 0
SCZ       115.8   6.4 352.9   0.1 3   0.0 999.9 0
SSB        51.2 307.5  88.4   0.1 3   0.0 999.9 0   1.0 3   0.0 999.9 0  20.0 3   1.4  61.4 0
TAM        54.3 279.5  71.8   0.1 3   0.0 999.9 0   1.0 3   0.0 999.9 0  20.0 3   0.0  40.3 0
UNM       131.2 341.1  17.8   0.1 3   0.0 999.9 0   1.0 3   0.0 999.9 0
WFM        99.8 329.5  37.6   0.1 3   0.0 999.9 0
WUS        17.6  35.3 223.0   0.1 3   0.0 999.9 0   1.0 3   0.0 999.9 0  20.0 3   0.0  35.6 0

  1990  7 26  15 58 38.5    15.150   147.560   15.0  4.8  4.2  seed seed.dat                  072690C
AGD       100.9 285.3  71.9   0.1 3   0.0 999.9 0
CAN        50.3 178.5 358.2   0.1 3   0.0 999.9 0   1.0 3   0.0 999.9 0
CAY       151.9  45.8 315.8   0.1 3   0.0 999.9 0
CRZF      104.8 225.5  83.7   0.1 3   0.0 999.9 0   1.0 3   0.0 999.9 0
DRV        81.9 183.0   7.4   0.1 3   0.0 999.9 0   1.0 3   0.0 999.9 0
HYB        65.9 282.6  80.8   0.1 3   0.0 999.9 0   1.0 3   0.0 999.9 0
INU        22.3 336.7 152.2   0.1 3   0.0 999.9 0   1.0 3   0.0 999.9 0
KIP        51.8  74.5 272.8   0.1 3   0.0 999.9 0   1.0 3   0.0 999.9 0
MBO       146.8 331.9  28.0   0.1 3   0.0 999.9 0   1.0 3   0.0 999.9 0
NOUC       41.4 153.2 331.9   0.1 3   0.0 999.9 0   1.0 3   0.0 999.9 0
PAF        93.4 219.8  70.9   0.1 3   0.0 999.9 0   1.0 3   0.0 999.9 0
PPT        70.0 115.3 293.8   0.1 3   0.0 999.9 0
RER        97.0 250.1  76.7   0.1 3   0.0 999.9 0   1.0 3   0.0 999.9 0  20.0 3   0.0  41.8 0
SCZ        81.9  54.3 283.0   0.1 3   0.0 999.9 0
SSB       111.0 333.0  38.4   0.1 3   0.0 999.9 0   1.0 3   0.0 999.9 0
TAM       127.0 314.8  47.9   0.1 3   0.0 999.9 0   1.0 3   0.0 999.9 0
UNM       105.9  64.3 292.8   0.1 3   0.0 999.9 0   1.0 3   0.0 999.9 0
WFM       112.1  30.1 319.1   0.1 3   0.0 999.9 0
WUS        63.9 308.7  92.3   0.1 3   0.0 999.9 0   1.0 3   0.0 999.9 0

  1990  7 27   0 54 57.0    16.060   -86.250   15.0  5.4  4.5  seed seed.dat                  072790A
AGD       122.6  64.5 297.7   0.1 3   0.0 663.4 0
CAN       127.3 237.8  96.9   0.1 3   0.0 999.9 0   1.0 3   0.0 999.9 0
CAY        35.1 104.6 291.0   0.1 3   0.0 999.9 0
CRZF      133.9 140.0 242.6   0.1 3   0.0 999.9 0   1.0 3   0.0 999.9 0
DRV       121.1 199.7 126.0   0.1 3   0.0 999.9 0   1.0 3   0.0 999.9 0
HYB       143.4  24.8 335.1   0.1 3   0.0 999.9 0   1.0 3   0.0 999.9 0
INU       114.3 322.1  46.2   0.1 3   0.0 999.9 0   1.0 3   0.0 999.9 0  20.0 3   0.0  18.6 0
KIP        67.6 287.0  80.8   0.1 3   0.0 999.9 0   1.0 3   0.0 999.9 0
MBO        66.6  81.0 281.5   0.1 3   0.0 999.9 0   1.0 3   0.0 999.9 0
NOUC      111.8 252.4  81.1   0.1 3   0.0 850.9 0   1.0 3   0.0 891.0 0
PAF       141.6 155.0 217.9   0.1 3   0.0 999.9 0   1.0 3   0.0 999.9 0
PPT        70.8 244.6  65.6   0.1 3   0.0 999.9 0
RER       143.7 103.7 268.1   0.1 3   0.0 999.9 0   1.0 3   0.0 999.9 0
SCZ        37.3 310.1 113.9   0.1 3   0.0 999.9 0
SSB        79.3  45.9 282.1   0.1 3   0.0 999.9 0   1.0 3   0.0 999.9 0  20.0 3   0.0   8.5 0
TAM        85.5  67.6 285.5   0.1 3   0.0 999.9 0   1.0 3   0.0 999.9 0
UNM        12.7 286.7 102.7   0.1 3   0.0 999.9 0   1.0 3   0.0 999.9 0  20.0 3   0.0  38.7 0
WFM        29.4  22.6 210.0   0.1 3   0.0 999.9 0
WUS       121.3  12.8 343.7   0.1 3   0.0 999.9 0   1.0 3   0.0 999.9 0

  1990  7 27  12 38  0.5   -15.500   167.260  129.0  6.4  6.8  seed seed.dat                  072790B
CAN        25.7 216.3  44.3   0.1 3   0.0 999.9 0   1.0 3   0.0 999.9 0  20.0 3   0.0  37.6 0
CAY       139.7 101.1 252.0   0.1 3   0.0 999.9 0   5.0 3   0.0 230.0 0
CRZF       95.3 218.8 119.2   0.1 3   0.0 999.9 0   1.0 3   0.0 999.9 0   5.0 3   0.0 214.0 0
DRV        54.2 193.0  33.0   0.1 3   0.0 999.9 0   1.0 3   0.0 999.9 0   5.0 3   0.0 185.0 0
HYB        93.4 286.9 105.0   0.1 3   0.0 999.9 0   1.0 3   0.0 999.9 0  20.0 3   0.0  44.4 0
INU        58.2 331.0 145.1   0.1 3   0.0 999.9 0   1.0 3   0.0 999.9 0  20.0 3   0.0  41.6 0
KIP        50.2  43.8 225.8   0.1 3   0.0 999.9 0   1.0 3   0.0 999.9 0  20.0 3   0.0  42.4 0
MBO       175.8 107.2 256.8   0.1 3   0.0 999.9 0   1.0 3   0.0 999.9 0   5.0 3   0.0  89.0 0
NOUC        6.6 187.7   8.0   0.1 3   0.0 147.8 0   1.0 3   0.0 188.0 0   5.0 3   0.0 322.0 0
PAF        82.8 220.8 105.5   0.1 3   0.0 999.9 0   1.0 3   0.0 999.9 0   5.0 3   0.0 244.0 0
PPT        41.4  99.1 266.3   0.1 3   0.0 999.9 0   5.0 3   0.0  98.1 0
RER       103.5 243.2 112.8   0.1 3   0.0 999.9 0   1.0 3   0.0 999.9 0  20.0 3   0.0  48.4 0
SCZ        84.9  50.0 246.7   0.1 3   0.0 999.9 0   5.0 3   0.0 103.2 0
SSB       146.9 337.3  31.3   0.1 3   0.0 999.9 0   1.0 3   0.0 999.9 0  20.0 3   0.0  51.4 0
TAM       161.3 295.1  69.6   0.1 3   0.0 999.9 0   1.0 3   0.0 999.9 0  20.0 3   0.0 110.3 0
UNM        98.3  72.4 256.6   0.1 3   0.0 999.9 0   1.0 3   0.0 999.9 0  20.0 3   0.0  47.6 0
WFM       123.3  49.1 280.1   0.1 3   0.0 999.9 0   5.0 3   0.0 106.5 0
WUS        98.6 310.2 102.8   0.1 3   0.0 999.9 0   1.0 3   0.0 999.9 0  20.0 3   0.0  45.6 0

  1990  7 28   8 42 51.0   -14.930   167.040  115.8  5.5  0.0  seed seed.dat                  072890A
AGD       125.7 273.4 100.0   0.1 3   0.0 999.9 0
CAN        26.0 215.3  43.2   0.1 3   0.0 999.9 0   1.0 3   0.0 999.9 0
CAY       140.0 100.5 252.8   0.1 3   0.0 999.9 0
CRZF       95.6 218.9 118.6   0.1 3   0.0 999.9 0   1.0 3   0.0 821.1 0
DRV        54.7 192.8  32.6   0.1 3   0.0 999.9 0   1.0 3   0.0 999.9 0
HYB        93.0 287.0 104.5   0.1 3   0.0 999.9 0   1.0 3   0.0 999.9 1
INU        57.6 331.0 145.0   0.1 3   0.0 999.9 0   1.0 3   0.0 999.9 0
KIP        49.9  44.3 226.5   0.1 3   0.0 999.9 0   1.0 3   0.0 999.9 0
MBO       176.1 100.2 264.3   0.1 3   0.0 999.9 0   1.0 3   0.0 999.9 0
NOUC        7.2 185.5   5.7   0.1 3   0.0 643.0 0   1.0 3   0.0 618.1 0   5.0 3   0.0   9.1 0
PAF        83.1 220.8 105.0   0.1 3   0.0 999.9 0   1.0 3   0.0 999.9 0
PPT        41.7  99.8 267.1   0.1 3   0.0 999.9 0
RER       103.6 243.4 112.2   0.1 3   0.0 999.9 0   1.0 3   0.0 999.9 0
SCZ        84.7  50.1 247.2   0.1 3   0.0 999.9 0
SSB       146.3 337.4  31.3   0.1 3   0.0 999.9 0   1.0 3   0.0 999.9 0
TAM       160.8 296.4  68.4   0.1 3   0.0 999.9 0   1.0 3   0.0 999.9 0
UNM        98.3  72.3 257.2   0.1 3   0.0 999.9 0   1.0 3   0.0 999.9 0
WFM       123.1  48.8 280.8   0.1 3   0.0  68.3 1
WUS        98.1 310.3 102.5   0.1 3   0.0 999.9 0   1.0 3   0.0 999.9 0

  1990  7 28  13 59 48.9   -35.730  -103.990   15.0  4.7  4.8  seed seed.dat                  072890B
AGD       141.5 120.9 225.9   0.1 3   0.0 999.9 0
CAN        81.8 232.0 128.3   0.1 3   0.0 999.9 0   1.0 3   0.0 999.9 0
CAY        63.1  61.3 225.7   0.1 3   0.0 999.9 0
CRZF       95.2 163.5 199.5   0.1 3   0.0 999.9 0   1.0 3   0.0 504.2 0
DRV        66.8 202.8 127.5   0.1 3   0.0 999.9 0   1.0 3   0.0 999.9 0
HYB       161.6 187.6 173.3   0.1 3   0.0 999.9 0   1.0 3   0.0 999.9 0
INU       131.1 288.1 108.8   0.1 3   0.0 999.9 0   1.0 3   0.0 999.9 0
KIP        76.6 309.0 137.3   0.1 3   0.0 999.9 0   1.0 3   0.0 999.9 0
MBO        95.9  76.8 234.9   0.1 3   0.0 999.9 0   1.0 3   0.0 999.9 0
NOUC       77.1 251.8 123.5   0.1 3   0.0 326.0 0   1.0 3   0.0 301.2 0   5.0 3  12.2  44.2 0
PAF        95.0 176.2 184.7   0.1 3   0.0 999.9 0   1.0 3   0.0 999.9 0
PPT        44.1 281.9 123.5   0.1 3   0.0 999.9 0
RER       120.1 158.1 199.0   0.1 3   0.0 999.9 0   1.0 3   0.0 999.9 0
SCZ        73.9 345.4 165.3   0.1 3   0.0 999.9 0
SSB       126.5  56.6 253.9   0.1 3   0.0 999.9 0   1.0 3   0.0 999.9 0
TAM       118.4  81.5 240.8   0.1 3   0.0 999.9 0   1.0 3   0.0 999.9 0
UNM        55.1   5.6 184.8   0.1 3   0.0 999.9 0   1.0 3   0.0 999.9 0  20.0 3   0.0  57.8 0
WUS       174.0 334.7  24.3   0.1 3   0.0 999.9 0   1.0 3   0.0 999.9 0

  1990  7 28  16 46  2.5     6.000    32.050   15.0  5.4  5.0  seed seed.dat                  072890C
AGD        12.0  62.0 243.6   0.1 3   0.0 999.9 0
CAN       115.4 126.2 258.6   0.1 3   0.0 999.9 0   1.0 3   0.0 999.9 0
CAY        83.9 274.4  84.5   0.1 3   0.0 999.9 0
CRZF       55.2 163.4 335.7   0.1 3   0.0 999.9 0   1.0 3   0.0 337.9 0   5.0 3   6.0  34.0 0
DRV       102.6 157.1 255.6   0.1 3   0.0 999.9 0   1.0 3   0.0 999.9 0
HYB        46.8  71.8 261.8   0.1 3   0.0 999.9 0   1.0 3   0.0 999.9 0  20.0 3   0.0  56.2 0
INU        98.6  53.0 283.8   0.1 3   0.0 999.9 0   1.0 3   0.0 999.9 0
KIP       150.9  19.6 339.2   0.1 3   0.0 999.9 0   1.0 3   0.0 999.9 0
MBO        48.9 283.8  94.6   0.1 3   0.0 999.9 0   1.0 3   0.0 999.9 0   5.0 3   5.0  41.0 0
NOUC      133.0 114.6 256.8   0.1 3   0.0 159.8 0   1.0 3   0.0 134.9 0
PAF        64.4 153.4 316.9   0.1 3   0.0 999.9 0   1.0 3   0.0 999.9 0   5.0 3   8.0  40.0 0
PPT       168.4 172.2 187.9   0.1 3   0.0 999.9 0
RER        35.7 139.9 316.6   0.1 3   0.0 999.9 0   1.0 3   0.0 999.9 0  20.0 3   0.0  50.4 0
SCZ       130.8 331.6  35.8   0.1 3   0.0 999.9 0
SSB        45.9 333.0 140.1   0.1 3   0.0 999.9 0   1.0 3   0.0 999.9 0  20.0 3   0.0  57.4 0
TAM        30.6 305.8 119.0   0.1 3   0.0 999.9 0   1.0 3   0.0 999.9 0  20.0 3   0.0  46.2 0
UNM       125.8 299.0  67.0   0.1 3   0.0 999.9 0   1.0 3   0.0 999.9 0
WUS        54.7  42.7 243.5   0.1 3   0.0 999.9 0   1.0 3   0.0 999.9 0  20.0 3   1.6  61.6 0

  1990  7 29  15 29 12.4    -4.620   -80.360   60.5  5.4  5.2  seed seed.dat                  072990A
AGD       123.4  79.4 272.2   0.1 3   0.0 999.9 0
CAN       118.9 225.2 120.4   0.1 3   0.0 999.9 0   1.0 3   0.0 999.9 0
CAY        29.6  71.6 251.7   0.1 3   0.0 999.9 0
CRZF      113.9 145.9 233.6   0.1 3   0.0 999.9 0   1.0 3   0.0 999.9 0
DRV       103.2 195.4 138.6   0.1 3   0.0 999.9 0   1.0 3   0.0 999.9 0
HYB       155.7  56.9 299.6   0.1 3   0.0 999.9 0   1.0 3   0.0 999.9 0
INU       133.9 316.4  56.8   0.1 3   0.0 999.9 0   1.0 3   0.0 999.9 0
KIP        80.3 292.5  98.8   0.1 3   0.0 999.9 0   1.0 3   0.0 999.9 0
MBO        65.6  72.1 258.2   0.1 3   0.0 449.6 0   1.0 3   0.0 549.8 0
NOUC      109.6 244.7 103.8   0.1 3   0.0 999.9 0   1.0 3   0.0 999.9 0
PAF       120.4 158.1 214.4   0.1 3   0.0 999.9 0   1.0 3   0.0 999.9 0
PPT        68.8 253.0  88.2   0.1 3   0.0 999.9 0
RER       129.9 122.5 244.1   0.1 3   0.0 510.6 0   1.0 3   0.0 975.3 0
SCZ        56.2 320.5 127.9   0.1 3   0.0 999.9 0
SSB        89.7  44.7 263.3   0.1 3   0.0 999.9 0   1.0 3   0.0 999.9 0
TAM        88.0  67.1 264.3   0.1 3   0.0 999.9 0   1.0 3   0.0 674.8 0
UNM        30.2 322.7 140.2   0.1 3   0.0 999.9 0   1.0 3   0.0 999.9 0  20.0 3   0.0  49.9 0
WFM        47.8   8.9 192.0   0.1 3   0.0  94.1 0
WUS       139.2  23.8 328.1   0.1 3   0.0 999.9 0   1.0 3   0.0 999.9 0

  1990  7 30  16 24 54.0   -41.420   -88.250   15.0  4.9  5.1  seed seed.dat                  073090A
AGD       128.0 110.8 226.1   0.1 3   0.0 999.9 0
CAN        87.2 223.4 140.8   0.1 3   0.0 999.9 0   1.0 3   0.0 999.9 0
CAY        56.7  44.5 211.9   0.1 3   0.0 999.9 0
CRZF       85.4 153.7 208.8   0.1 3   0.0 999.9 0   1.0 3   0.0 779.1 0
DRV        66.0 198.9 142.2   0.1 3   0.0 999.9 0   1.0 3   0.0 999.9 0
HYB       153.5 151.1 202.8   0.1 3   0.0 999.9 0   1.0 3   0.0 491.1 0
INU       144.4 274.7 113.1   0.1 3   0.0 999.9 0   1.0 3   0.0 999.9 0
KIP        89.9 298.9 135.0   0.1 3   0.0 999.9 0   1.0 3   0.0 999.9 0
NOUC       86.4 243.4 133.5   0.1 3   0.0 999.9 0   1.0 3   0.0 999.9 0   5.0 3  19.1  47.1 0
PAF        87.5 166.1 196.0   0.1 3   0.0 999.9 0   1.0 3   0.0 735.1 0   5.0 3  21.1  53.1 0
PPT        57.2 275.1 128.3   0.1 3   0.0 999.9 0
RER       109.2 144.6 207.9   0.1 3   0.0 999.9 0   1.0 3   0.0 999.9 0
SCZ        83.5 333.6 155.5   0.1 3   0.0 999.9 0
SSB       119.6  54.4 240.0   0.1 3   0.0 454.9 0   1.0 3   0.0 995.6 0  20.0 3  32.5  92.5 0
TAM       107.5  75.1 232.0   0.1 3   0.0 999.9 0   1.0 3   0.0 999.9 0
UNM        61.4 348.2 170.6   0.1 3   0.0 999.9 0   1.0 3   0.0 999.9 0
WUS       170.6  89.5 266.9   0.1 3   0.0 999.9 0   1.0 3   0.0 999.9 0

  1990  7 31   3 19 46.5    42.620  -127.120   15.0  5.7  5.4  seed seed.dat                  073190A
AGD       125.2  12.0 350.9   0.1 3   0.0 999.9 0
CAN       109.0 239.5  51.1   0.1 3   0.0 999.9 0   1.0 3   0.0 999.9 0
CAY        75.5  96.6 312.6   0.1 3   0.0 999.9 0
CRZF      176.1 168.4 190.2   0.1 3   0.0 999.9 0   1.0 3   0.0 124.2 0
DRV       129.4 211.2  72.6   0.1 3   0.0 999.9 0   1.0 3   0.0 407.2 0
HYB       115.6 332.8  20.7   0.1 3   0.0 999.9 0   1.0 3   0.0  77.0 0  20.0 3   0.0   9.3 0
INU        70.8 300.7  50.9   0.1 3   0.0 999.9 0   1.0 3   0.0 999.9 0
KIP        33.4 240.5  43.5   0.1 3   0.0 999.9 0   1.0 3   0.0 999.9 0  20.0 3   0.0  48.6 0
NOUC       89.0 238.5  42.7   0.1 3   0.0 946.0 0   1.0 3   0.0 916.2 0   5.0 3  20.2  84.2 0
PAF       166.2 236.2 114.1   0.1 3   0.0 999.9 0   1.0 3   0.0  80.2 0
PPT        63.5 204.1  18.4   0.1 3   0.0 999.9 0
RER       158.4 352.8   5.8   0.1 3   0.0 999.9 0   1.0 3   0.0 999.9 0
SCZ         7.5 141.8 325.5   0.1 3   0.0 999.9 0
SSB        82.3  32.1 326.3   0.1 3   0.0 999.9 0   1.0 3   0.0 340.7 0  20.0 3   3.7  63.7 0
TAM       101.5  43.7 326.4   0.1 3   0.0 999.9 0   1.0 3   0.0 999.9 0  20.0 3  31.8  91.8 0
UNM        33.1 125.8 320.7   0.1 3   0.0 999.9 0   1.0 3   0.0 999.9 0  20.0 3   0.0  47.3 0
WUS        93.1 340.5  19.1   0.1 3   0.0 999.9 0   1.0 3   0.0 999.9 0  20.0 3  17.8  77.8 0

  1990  7 31   4 28 47.1   -10.770   162.060   40.9  5.0  0.0  seed seed.dat                  073190B
AGD       120.5 277.0  95.6   0.1 3   0.0 999.9 0
CAN        27.2 203.9  29.1   0.1 3   0.0 999.9 0   1.0 3   0.0 999.9 0
CAY       145.5  97.2 258.3   0.1 3   0.0 999.9 0
CRZF       95.7 220.7 112.2   0.1 3   0.0 999.9 0   1.0 3   0.0  55.2 0   5.0 3   0.0  35.2 0
DRV        57.8 190.2  25.9   0.1 3   0.0 999.9 0   1.0 3   0.0 338.2 0
HYB        87.1 288.2 102.1   0.1 3   0.0 999.9 0   1.0 3   0.0 210.5 1  20.0 3  42.8 102.8 0
INU        51.7 333.8 147.9   0.1 3   0.0 999.9 0   1.0 3   0.0 999.9 0
KIP        50.7  50.7 234.7   0.1 3   0.0 999.9 0   1.0 3   0.0 999.9 0  20.0 3   0.0 117.6 0
NOUC       12.0 160.7 339.5   0.1 3   0.0 877.0 0   1.0 3   0.0 847.2 0   5.0 3   0.0  15.2 0
PAF        83.1 221.1  98.6   0.1 3   0.0 999.9 0   1.0 3   0.0 999.9 2   5.0 3   0.0  37.2 0
PPT        47.3 104.0 271.4   0.1 3   0.0 999.9 0
RER       101.0 245.8 106.3   0.1 3   0.0 999.9 0   1.0 3   0.0 999.9 0
SCZ        85.8  51.8 253.5   0.1 3   0.0 999.9 0
SSB       140.5 334.8  36.0   0.1 3   0.0 999.9 0   1.0 3   0.0 271.7 0
TAM       154.6 300.8  65.2   0.1 3   0.0 999.9 0   1.0 3   0.0 999.9 0  20.0 3   0.0  22.8 0
UNM       101.7  72.5 262.8   0.1 3   0.0 999.9 0   1.0 3   0.0 999.9 0
WUS        91.7 311.4 102.5   0.1 3   0.0 999.9 0   1.0 3   0.0 999.9 0  20.0 3   0.0   8.8 0

  1990  7 31  18 25 49.7     3.320    95.400   39.4  5.3  4.4  seed seed.dat                  073190C
AGD        52.7 281.9  94.6   0.1 3   0.0 999.9 0
CAN        63.2 132.5 295.7   0.1 3   0.0 999.9 0   1.0 3   0.0 999.9 0
CAY       146.7 284.2  76.2   0.1 3   0.0 999.9 0
CRZF       62.7 212.4  50.8   0.1 3   0.0 999.9 0   1.0 3   0.0 999.9 0
DRV        76.7 163.3 313.8   0.1 3   0.0 901.0 0   1.0 3   0.0 941.2 0
HYB        21.7 311.5 128.4   0.1 3   0.0 999.9 0   1.0 3   0.0 999.9 0
INU        50.0  45.2 240.1   0.1 3   0.0 999.9 0   1.0 3   0.0 999.9 0
KIP       104.1  67.0 279.5   0.1 3   0.0 999.9 0   1.0 3   0.0 999.9 0
MBO       110.7 286.7  80.7   0.1 3   0.0 999.9 0   1.0 3   0.0 999.9 0
NOUC       73.7 114.0 280.4   0.1 3   0.0 340.0 1   1.0 3   0.0 305.1 1
PAF        56.9 199.4  30.6   0.1 3   0.0 424.0 0   1.0 3   0.0 564.2 0
PPT       114.8 107.7 265.3   0.1 3   0.0 999.9 0
RER        45.9 236.2  62.7   0.1 3   0.0 999.9 0   1.0 3   0.0 999.9 0
SCZ       127.5  37.4 311.3   0.1 3   0.0 999.9 0
SSB        88.3 315.1  86.9   0.1 3   0.0 999.9 0   1.0 3   0.0 999.9 0
TAM        88.6 292.6  86.9   0.1 3   0.0 999.9 0   1.0 3   0.0 999.9 0
UNM       153.3  31.9 326.3   0.1 3   0.0 999.9 0   1.0 3   0.0 999.9 0
WUS        40.5 341.1 154.6   0.1 3   0.0 999.9 0   1.0 3   0.0 999.9 0

  1990  8  1   2 45  0.1   -10.750   165.990   53.2  5.4  5.1  seed seed.dat                  080190A
AGD       124.3 276.5  95.1   0.1 3   0.0 999.9 0
CAN        29.0 209.6  36.4   0.1 3   0.0 999.9 0   1.0 3   0.0 999.9 0
CAY       141.6  95.8 259.1   0.1 3   0.0 999.9 0
CRZF       98.2 219.6 115.2   0.1 3   0.0 999.9 0   1.0 3   0.0 999.9 0
DRV        58.6 191.8  30.3   0.1 3   0.0 401.8 0   1.0 3   0.0 442.0 0
HYB        90.8 287.4 100.8   0.1 3   0.0 999.9 0   1.0 3   0.0 999.9 0
INU        53.5 330.4 143.6   0.1 3   0.0 999.9 0   1.0 3   0.0 999.9 0  20.0 3   0.0  58.6 0
KIP        47.7  47.8 231.4   0.1 3   0.0 999.9 0   1.0 3   0.0 999.9 0  20.0 3   0.0  57.4 0
MBO       175.4  39.3 322.6   0.1 3   0.0 999.9 0   1.0 3   0.0 999.9 0   5.0 3   6.0 106.0 0
NOUC       11.3 178.5 358.4   0.1 3   0.0 999.9 0   1.0 3   0.0 999.9 0   5.0 3   0.0  11.0 0
PAF        85.6 220.7 101.5   1.0 3   0.0  65.0 0
PPT        43.5 104.2 272.8   0.1 3   0.0 999.9 0
RER       104.5 244.7 107.9   0.1 3   0.0 999.9 0   1.0 3   0.0 999.9 0
SCZ        82.8  50.8 251.1   0.1 3   0.0 999.9 0
SSB       142.0 338.5  30.3   0.1 3   0.0 999.9 0   1.0 3   0.0 999.9 0
TAM       157.8 304.9  59.9   0.1 3   0.0 999.9 0   1.0 3   0.0 864.7 0  20.0 3   6.6  66.6 0
UNM        98.0  71.9 261.6   0.1 3   0.0 932.8 0   1.0 3   0.0 999.9 0
WUS        94.6 310.8 100.0   0.1 3   0.0 999.9 0   1.0 3   0.0 999.9 0

  1990  8  2   5 24  8.9   -32.140   -72.200   35.1  5.6  5.8  seed seed.dat                  080290A
AGD       117.2  93.6 239.9   0.1 3   0.0 999.9 0
CAN       102.4 213.4 145.2   0.1 3   0.0 999.9 0   1.0 3   0.0 999.9 0
CAY        41.5  30.8 205.8   0.1 3   0.0 999.9 0   5.0 3   0.0  41.8 0
CRZF       86.8 145.1 224.6   0.1 3   0.0 999.9 0   1.0 3   0.0 999.9 0   5.0 3  19.9  55.9 0
DRV        78.3 192.5 152.6   0.1 3   0.0 999.9 0   1.0 3   0.0 999.9 0   5.0 3  17.9  53.8 0
HYB       149.8 112.6 235.8   0.1 3   0.0 999.9 0   1.0 3   0.0 999.9 0  20.0 3   0.0 111.7 0
INU       155.6 284.8  90.0   0.1 3   0.0 999.9 0   1.0 3   0.0 999.9 0
KIP        97.8 290.1 121.2   0.1 3   0.0 999.9 0   1.0 3   0.0 999.9 0  20.0 3   2.2  62.2 0
MBO        70.3  57.9 227.8   0.1 3   0.0 999.9 0   1.0 3   0.0 999.9 0   5.0 3   0.0  94.8 0
NOUC      102.2 233.9 132.4   0.1 3   0.0 999.9 0   1.0 3   0.0 999.9 0   5.0 3   3.8  55.8 0
PAF        92.1 156.5 211.1   0.1 3   0.0 999.9 0   1.0 3   0.0 999.9 0   5.0 3  20.9  68.9 0
PPT        70.3 261.1 118.6   0.1 3   0.0 999.9 0
RER       107.2 129.8 224.4   0.1 3   0.0 999.9 0   1.0 3   0.0 999.9 0  20.0 3  24.3  84.3 0
SCZ        82.6 322.0 139.5   0.1 3   0.0 999.9 0
SSB       103.9  45.2 238.4   0.1 3   0.0 999.9 0   1.0 3   0.0 999.9 0  20.0 3   1.3  61.3 0
TAM        92.2  64.6 236.2   1.0 3   0.0  68.2 0  20.0 3   0.0  56.5 0
UNM        57.5 329.4 152.8   0.1 3   0.0 999.9 0   1.0 3   0.0 999.9 0  20.0 3   1.1  61.1 0
WUS       155.5  61.0 283.3   0.1 3   0.0 999.9 0   1.0 3   0.0 999.9 0  20.0 3   0.0  51.5 0

  1990  8  2  15  3 25.8    -7.580   105.530   54.2  5.3  5.4  seed seed.dat                  080290B
AGD        65.2 286.3 103.9   0.1 3   0.0 999.9 0
CAN        48.4 131.2 294.2   0.1 3   0.0 999.9 0   1.0 3   0.0 999.9 0
CAY       157.8 264.3  97.7   0.1 3   0.0 999.9 0
CRZF       60.0 220.1  67.4   0.1 3   0.0 999.9 0   1.0 3   0.0 999.9 0   5.0 3   0.0  36.6 0
DRV        63.6 165.4 321.1   0.1 3   0.0 999.9 0   1.0 3   0.0 999.9 0   5.0 3  10.6  38.6 0
HYB        36.5 313.2 130.8   0.1 3   0.0 999.9 0   1.0 3   0.0 684.2 0  20.0 3   0.0  50.5 0
INU        52.1  32.8 221.1   0.1 3   0.0 999.9 0   1.0 3   0.0 999.9 0
KIP        98.7  69.5 265.4   0.1 3   0.0 999.9 0   1.0 3   0.0 999.9 0
MBO       123.3 282.1  89.5   0.1 3   0.0 999.9 0   1.0 3   0.0 999.9 0   5.0 3  39.6  79.6 0
NOUC       60.1 111.1 273.9   0.1 3   0.0 999.9 0   1.0 3   0.0 997.5 0   5.0 3   8.5  40.5 0
PAF        51.1 209.1  47.5   0.1 3   0.0 999.9 0   1.0 3   0.0 999.9 0   5.0 3   0.0  33.6 0
PPT       101.7 109.7 258.0   0.1 3   0.0 999.9 0
RER        49.9 248.8  82.0   0.1 3   0.0 999.9 0   1.0 3   0.0 999.9 0  20.0 3   0.0  51.0 0
SCZ       128.5  48.8 292.6   0.1 3   0.0 999.9 0
SSB       103.1 314.6  87.3   0.1 3   0.0 999.9 0   1.0 3   0.0 999.9 0
TAM       102.1 291.6  93.0   1.0 3   0.0 228.9 0
UNM       153.3  61.8 293.1   0.1 3   0.0 999.9 0   1.0 3   0.0 999.9 0
WUS        54.3 335.6 147.2   0.1 3   0.0 999.9 0   1.0 3   0.0 999.9 0  20.0 3   0.0  48.2 0

  1990  8  3   9 15  4.1    48.250    85.280   32.0  6.1  6.1  seed seed.dat                  080390A
AGD        50.9 238.6  35.5   0.1 3   0.0 999.9 0
CAN       100.9 131.6 322.3   0.1 3   0.0 999.9 0   1.0 3   0.0 999.9 0
CAY       115.3 312.2  29.9   0.1 3   0.0 999.9 0
CRZF       98.9 202.8  21.9   0.1 3   0.0 999.9 0   1.0 3   0.0 999.9 0   5.0 3  24.9  64.9 0
DRV       122.0 157.3 319.8   0.1 3   0.0 999.9 0   1.0 3   0.0 999.9 0   5.0 3  42.9  74.9 0
HYB        31.3 192.5   8.7   0.1 3   0.0 999.9 0   1.0 3   0.0 999.9 0
INU        39.9  89.2 305.2   0.1 3   0.0 999.9 0   1.0 3   0.0 999.9 0  20.0 3   0.0  52.5 0
KIP        90.5  56.2 323.4   0.1 3   0.0 999.9 0   1.0 3   0.0 999.9 0
MBO        87.3 288.7  40.8   0.1 3   0.0 393.8 0   1.0 3   0.0 423.9 0   5.0 3   0.0 103.9 0
PAF        98.3 189.9  10.1   0.1 3   0.0 999.9 0   1.0 3   0.0 999.9 0   5.0 3  25.9  61.9 0
PPT       126.2  74.7 317.2   0.1 3   0.0 999.9 0
RER        74.1 208.7  20.1   0.1 3   0.0 999.9 0   1.0 3   0.0 999.9 0  20.0 3   9.4  69.4 0
SCZ        92.1  21.1 342.6   0.1 3   0.0 999.9 0   5.0 3  13.1 133.1 0
SSB        52.8 299.2  55.7   0.1 3   0.0 999.9 0   1.0 3   0.0 999.9 0  20.0 3   0.4  60.4 0
UNM       112.5   4.5 356.8   0.1 3   0.0 999.9 0   1.0 3   0.0 999.9 0
WUS         8.3 213.7  29.4   0.1 3   0.0 999.9 0   1.0 3   0.0 999.9 0  20.0 3   0.0  32.5 0

  1990  8  3  11 57 12.2    32.800    48.240   15.0  5.1  4.5  seed seed.dat                  080390B
AGD        21.8 194.5  12.4   0.1 3   0.0 999.9 0
CAN       116.1 116.4 292.7   0.1 3   0.0 999.9 0   1.0 3   0.0 999.9 0
CAY        96.2 280.1  56.4   0.1 3   0.0 999.9 0
CRZF       79.1 177.4 356.9   0.1 3   0.0 999.9 0   1.0 3   0.0 999.9 0
DRV       120.4 152.4 282.5   0.1 3   0.0 999.9 0   1.0 3   0.0 999.9 0
HYB        31.3 111.9 305.1   0.1 3   0.0 999.9 0   1.0 3   0.0 999.9 0
INU        70.9  59.7 297.2   0.1 3   0.0 999.9 0   1.0 3   0.0 999.9 0
KIP       120.4  28.4 334.5   0.1 3   0.0 999.9 0   1.0 3   0.0 999.9 0
MBO        61.6 269.4  60.3   0.1 3   0.0 231.6 0   1.0 3   0.0 261.8 0
PAF        84.3 165.7 341.5   0.1 3   0.0 999.9 0   1.0 3   0.0 999.9 0
PPT       157.9  50.2 316.3   0.1 3   0.0 999.9 0
RER        54.3 171.3 352.2   0.1 3   0.0 999.9 0   1.0 3   0.0 999.9 0
SCZ       110.1 351.2   9.2   0.1 3   0.0 999.9 0
SSB        35.7 303.4  94.9   0.1 3   0.0 999.9 0   1.0 3   0.0 999.9 0
TAM        38.8 266.3  65.6   0.1 3   2.8 999.9 0
UNM       119.4 324.4  31.3   0.1 3   0.0 999.9 0   1.0 3   0.0 999.9 0
WUS        26.0  62.3 261.3   0.1 3   0.0 999.9 0   1.0 3   0.0 999.9 0  20.0 3   0.0  48.4 0

  1990  8  4   9 19 28.9     1.690   123.130   20.6  5.2  4.5  seed seed.dat                  080490A
AGD        80.2 281.3  90.2   0.1 3   0.0 999.9 0
CAN        44.1 149.1 321.1   0.1 3   0.0 999.9 0   1.0 3   0.0 999.9 0
CAY       172.0 325.5  34.4   0.1 3   0.0 999.9 0
CRZF       78.4 222.0  75.2   0.1 3   0.0 999.9 0   1.0 3   0.0 984.5 0
DRV        69.3 172.9 341.9   0.1 3   0.0 999.9 0   1.0 3   0.0 999.9 0
HYB        46.5 292.5 104.6   0.1 3   0.0 999.9 0   1.0 3   0.0 131.3 0
INU        36.0  19.6 204.2   0.1 3   0.0 999.9 0   1.0 3   0.0 999.9 0
KIP        79.0  68.6 267.6   0.1 3   0.0 999.9 0   1.0 3   0.0 999.9 0
MBO       137.3 293.4  71.0   0.1 3   0.0 999.9 0   1.0 3   0.0 999.9 0
NOUC       48.3 121.8 293.6   0.1 3   0.0 426.3 0   1.0 3   0.0 386.4 0
PAF        68.2 214.2  59.3   0.1 3   0.0 999.9 0   1.0 3   0.0 999.9 0
PPT        87.9 107.5 272.3   0.1 3   0.0 999.9 0
RER        69.6 246.8  79.9   0.1 3   0.0 999.9 0   1.0 3   0.0 999.9 0
SCZ       109.1  50.3 287.4   0.1 3   0.0 999.9 0
SSB       108.4 319.2  67.5   0.1 3   0.0 999.9 0   1.0 3   0.0 999.9 0
TAM       114.6 295.9  76.7   0.1 3   0.0 999.9 0   1.0 3   0.0 999.9 0
UNM       133.5  61.2 292.2   0.1 3   0.0 880.4 0   1.0 3   0.0 841.5 0
WUS        55.8 320.7 122.9   0.1 3   0.0 999.9 0   1.0 3   0.0 999.9 0

  1990  8  4  11  6  0.2    25.320   141.120  170.8  5.1  0.0  seed seed.dat                  080490B
AGD        92.5 284.0  63.6   0.1 3   0.0 999.9 0
CAN        60.9 172.6 351.8   0.1 3   0.0 999.9 0   1.0 3   0.0 999.9 0
CAY       147.1  25.1 337.2   0.1 3   0.0 999.9 0
CRZF      107.5 226.6  71.8   0.1 3   0.0 999.9 0   1.0 3   0.0 878.0 0
DRV        91.8 180.4   1.0   0.1 3   0.0 999.9 0   1.0 3   0.0 999.9 0
HYB        58.3 275.6  70.6   0.1 3   0.0 999.9 0   1.0 3   0.0 999.9 1
INU        10.6 341.5 159.4   0.1 3   0.0 999.9 0   1.0 3   0.0 999.9 0
KIP        55.6  80.5 286.7   0.1 3   0.0 999.9 0   1.0 3   0.0 999.9 0
MBO       135.0 329.3  28.5   0.1 3   0.0 999.9 0   1.0 3   0.0 999.9 0
NOUC       53.2 150.4 331.2   0.1 3   0.0 319.8 0   1.0 3   0.0 279.9 0
PAF        97.5 218.7  59.8   0.1 3   0.0 999.9 0   1.0 3   0.0 999.9 0
PPT        79.8 114.8 300.6   0.1 3   0.0 999.9 0
RER        94.9 249.2  65.0   0.1 3   0.0 999.9 0   1.0 3   0.0 999.9 0  20.0 3   0.0  14.4 0
SCZ        80.8  53.8 294.8   0.1 3   0.0 999.9 0
SSB        99.2 330.6  38.9   0.1 3   0.0 999.9 0   1.0 3   0.0 999.9 0
TAM       115.5 314.4  44.5   0.1 3   0.0 999.9 0   1.0 3   0.0 999.9 0
UNM       106.4  58.6 305.1   0.1 3   0.0 773.8 0   1.0 3   0.0 735.0 0
WUS        53.0 303.7  86.9   0.1 3   0.0 999.9 0   1.0 3   0.0 999.9 0

  1990  8  5   1 34 57.5    29.480   137.500  520.4  5.9  0.0  seed seed.dat                  080590A
AGD        88.4 282.4  60.3   0.1 3   0.0 999.9 0   5.0 3  34.4 154.4 0
CAN        65.5 169.6 349.0   0.1 3   0.0 999.9 0   1.0 3   0.0 184.4 0
CAY       144.4  16.9 345.2   0.1 3   0.0 999.9 0
CRZF      108.0 226.6  66.3   0.1 3   0.0 999.9 0   1.0 3   0.0 999.9 1   5.0 3   5.1  45.0 0
DRV        96.0 179.0 357.8   0.1 3   0.0 999.9 0   1.0 3   0.0 999.9 0   5.0 3   3.0  51.0 0
HYB        54.9 271.4  65.9   0.1 3   0.0 999.9 0   1.0 3   0.0 307.0 0  20.0 3   0.0  41.3 0
INU         5.9 356.2 176.0   0.1 3   0.0 999.9 0   1.0 3   0.0 999.9 0  20.0 3   0.0  32.6 0
KIP        58.1  81.8 292.2   0.1 3   0.0 999.9 0   1.0 3   0.0 999.9 0  20.0 3   0.0  45.4 0
MBO       129.8 327.2  29.3   0.1 3   0.0 999.9 0   1.0 3   0.0 999.9 0   5.0 3   0.0  91.0 0
NOUC       58.4 148.3 330.4   0.1 3   0.0 999.9 0   1.0 3   0.0 999.9 0   5.0 3   0.0  40.9 0
PAF        98.8 217.7  54.6   0.1 3   0.0 999.9 0   1.0 3   0.0 999.9 0   5.0 3   2.0  54.0 0
PPT        84.5 113.5 303.0   0.1 3   0.0 999.9 0
RER        93.4 247.9  59.9   0.1 3   0.0 999.9 0   1.0 3   0.0 999.9 0
SCZ        81.0  53.0 300.1   0.1 3   0.0 999.9 0
SSB        94.0 328.9  39.6   0.1 3   0.0 999.9 0   1.0 3   0.0 999.9 0  20.0 3   0.0  50.5 0
TAM       110.4 313.1  43.6   0.1 3   0.0 999.9 0   1.0 3   0.0 999.9 0  20.0 3   0.0  51.6 0
UNM       106.8  55.4 310.5   0.1 3   0.0 999.9 0   1.0 3   0.0 999.9 0
WUS        48.1 300.5  84.6   0.1 3   0.0 999.9 0   1.0 3   0.0 999.9 0  20.0 3   0.0  40.6 0

  1990  8  5   3 36 24.3    36.240   141.360   38.8  5.7  6.0  seed seed.dat                  080590B
AGD        90.0 284.4  53.0   0.1 3   0.0 999.9 0   5.0 3   0.0  32.9 0
CAN        71.7 173.4 353.5   0.1 3   0.0 999.9 0   1.0 3   0.0  62.9 0  20.0 3   9.2  69.2 0
CAY       137.0  20.1 343.7   0.1 3   0.0 999.9 0
CRZF      115.0 229.9  63.3   0.1 3   0.0 999.9 0   1.0 3   0.0 999.9 0
DRV       102.7 180.6   1.1   0.1 3   0.0 999.9 0   1.0 3   0.0 999.9 0   5.0 3  29.6  61.6 0
HYB        58.1 269.0  57.8   0.1 3   0.0 999.9 0   1.0 3   0.0 185.6 0  20.0 3   0.0  41.8 0
INU         3.6 257.1  74.6   0.1 3   0.0 999.9 0   1.0 3   0.0 999.9 0  20.0 3   0.0  33.2 0
KIP        54.3  88.2 299.9   0.1 3   0.0 999.9 0   1.0 3   0.0 999.9 0  20.0 3   0.0  60.0 0
MBO       125.5 334.0  21.5   0.1 3   0.0 999.9 0   1.0 3   0.0 999.9 0   5.0 3   0.0 125.6 0
NOUC       62.8 153.8 337.4   0.1 3   0.0 979.3 0   1.0 3   0.0 954.5 0   5.0 3   0.0  51.5 0
PAF       106.1 220.2  52.9   0.1 3   0.0 999.9 0   1.0 3   0.0 999.9 0   5.0 3  28.6  96.6 0
PPT        84.4 116.3 310.6   0.1 3   0.0 999.9 0
RER        98.9 250.6  54.8   0.1 3   0.0 999.9 0   1.0 3   0.0 999.9 0
SCZ        74.4  55.8 303.8   0.1 3   0.0 999.9 0
SSB        89.8 331.2  33.5   0.1 3   0.0 999.9 0   1.0 3   0.0 999.9 0
TAM       107.8 317.6  36.2   0.1 3   0.0 999.9 0   1.0 3   0.0 999.9 0  20.0 3  36.2  96.2 0
UNM       100.4  56.6 314.4   0.1 3   0.0 999.9 0   1.0 3   0.0 999.9 0  20.0 3  20.9  80.9 0
WUS        47.8 295.9  74.6   0.1 3   0.0 999.9 0   1.0 3   0.0 999.9 0  20.0 3   0.0  39.2 0

  1990  8  5   7 13  1.8    34.950   138.840   15.0  5.4  4.5  seed seed.dat                  080590C
AGD        88.3 283.0  54.8   0.1 3   0.0 999.9 0
CAN        70.7 171.2 351.1   0.1 3   0.0 999.9 0   1.0 3   0.0 999.9 0
CAY       138.8  16.9 346.0   0.1 3   0.0 999.9 0
CRZF      112.6 228.6  62.8   0.1 3   0.0 999.9 0   1.0 3   0.0 999.9 0
DRV       101.5 179.5 359.0   0.1 3   0.0 999.9 0   1.0 3   0.0 999.9 0
HYB        56.0 268.3  59.3   0.1 3   0.0 999.9 0
INU         1.5 285.6 104.5   0.1 3   0.0 999.9 0   1.0 3   0.0 999.9 0  20.0 3   0.0  32.6 0
KIP        56.4  85.9 298.5   0.1 3   0.0 999.9 0   1.0 3   0.0 999.9 0
MBO       125.7 330.8  24.5   0.1 3   0.0 999.9 0   1.0 3   0.0 999.9 0   5.0 3   9.0  53.0 0
NOUC       62.6 151.1 334.7   0.1 3   0.0 762.7 0   1.0 3   0.0 737.9 0
PAF       103.8 218.9  52.1   0.1 3   0.0 999.9 0   1.0 3   0.0 999.9 0
PPT        85.7 114.7 308.5   0.1 3   0.0 999.9 0
RER        96.5 249.0  55.3   0.1 3   0.0 999.9 0   1.0 3   0.0 999.9 0
SCZ        76.8  54.4 303.9   0.1 3   0.0 999.9 0
SSB        89.9 329.7  35.9   0.1 3   0.0 999.9 0   1.0 3   0.0 999.9 0
TAM       107.4 315.4  38.7   0.1 3   0.0 999.9 0   1.0 3   0.0 999.9 0
UNM       102.8  55.1 314.5   0.1 3   0.0 999.9 0   1.0 3   0.0 999.9 0
WUS        46.5 296.3  77.4   0.1 3   0.0 999.9 0   1.0 3   0.0 999.9 0

  1990  8  5  14 47 51.0    52.040  -175.010   45.3  5.2  4.6  seed seed.dat                  080590D
AGD       108.7 320.7  23.5   0.1 3   0.0 999.9 0   5.0 3   0.0  35.2 0
CAN        92.7 208.8  21.4   0.1 3   0.0 999.9 0   1.0 3   0.0 999.9 0
CAY       105.3  60.2 327.4   0.1 3   0.0 999.9 0
CRZF      149.4 262.3  62.7   0.1 3   0.0 999.9 0   1.0 3   0.0 999.9 0
DRV       123.3 199.8  31.6   0.1 3   0.0 999.9 0   1.0 3   0.0 999.9 0
HYB        86.1 293.6  36.4   0.1 3   0.0 999.9 0   1.0 3   0.0 999.9 0
INU        37.7 263.0  48.5   0.1 3   0.0 999.9 0   1.0 3   0.0 999.9 0
KIP        33.3 150.2 340.8   0.1 3   0.0 999.9 0   1.0 3   0.0 999.9 0
MBO       111.0  22.7 345.7   0.1 3   0.0 999.9 0   1.0 3   0.0 999.9 0   5.0 3  34.2  70.1 0
NOUC       75.8 197.9  11.8   0.1 3   0.0 307.9 0   1.0 3   0.0 283.0 0
PAF       139.9 247.5  60.9   0.1 3   0.0 999.9 0   1.0 3   0.0 841.1 0
PPT        72.9 154.5 343.9   0.1 3   0.0 999.9 0
RER       130.3 288.9  39.0   0.1 3   0.0 999.9 0   1.0 3   0.0 999.9 0
SCZ        40.3  90.7 309.9   0.1 3   0.0 999.9 0
SSB        82.9   0.3 359.7   0.1 3   0.0 552.0 0   1.0 3   0.0 999.9 0
TAM       105.3 359.5   0.3   0.1 3   0.0 999.9 0   1.0 3   0.0 999.9 0
UNM        66.3  88.5 319.2   0.1 3   0.0 999.9 0   1.0 3   0.0 999.9 0
WUS        67.0 308.1  40.1   0.1 3   0.0 999.9 0   1.0 3   0.0 999.9 0

  1990  8  5  17 42 32.2    -0.710   -13.810   15.0  5.6  6.2  seed seed.dat                  080590E
AGD        57.6  75.9 261.8   0.1 3   0.0 999.9 0
CAN       140.6 157.6 207.6   0.1 3   0.0 999.9 0   1.0 3   0.0 999.9 0
CAY        38.9 278.7  97.2   0.1 3   0.0 999.9 0   5.0 3   0.0  99.5 0
CRZF       72.9 138.8 287.5   0.1 3   0.0 999.9 0   1.0 3   0.0 999.9 0   5.0 3   1.5  57.5 0
DRV       110.2 169.2 208.0   0.1 3   0.0 999.9 0   1.0 3   0.0 999.9 0   5.0 3  23.5  71.5 0
HYB        92.5  72.7 270.1   0.1 3   0.0 999.9 0   1.0 3   0.0 999.9 0  20.0 3  17.0  77.0 0
INU       136.1  35.1 315.6   0.1 3   0.0 999.9 0   1.0 3   0.0 999.9 0  20.0 3  37.1  97.1 0
KIP       139.5 303.0  63.9   0.1 3   0.0 999.9 0   1.0 3   0.0 999.9 0  20.0 3  15.8  75.8 0
MBO        15.4 348.4 168.0   0.1 3   0.0 999.9 0   1.0 3   0.0 999.9 0   5.0 3   0.0 127.5 0
NOUC      157.3 180.3 179.7   0.1 3   0.0 133.2 0   1.0 3   0.0 108.4 0   5.0 3  21.4 105.4 0
PAF        85.6 139.3 273.9   0.1 3   0.0 999.9 0   1.0 3   0.0 666.4 0   5.0 3   2.5  94.5 0
PPT       132.8 245.1 108.2   0.1 3   0.0 999.9 0
RER        70.7 112.1 276.8   0.1 3   0.0 999.9 0   1.0 3   0.0 999.9 0  20.0 3   0.0  55.9 0
SCZ       104.5 307.6  79.7   0.1 3   0.0 999.9 0   5.0 3   0.0 109.8 0
SSB        48.7  17.2 204.9   0.1 3   0.0 377.3 0   1.0 3   0.0 999.9 0  20.0 3   0.0  50.9 0
TAM        30.1  37.7 221.5   0.1 3   0.0 999.9 0   1.0 3   0.0 999.9 0  20.0 3   0.0  38.1 0
UNM        85.9 289.3  92.1   0.1 3   0.0 999.9 0   1.0 3   0.0 999.9 0  20.0 3  14.7  74.7 0
WUS        92.7  49.0 271.7   0.1 3   0.0 999.9 0   1.0 3   0.0 999.9 0  20.0 3   0.0  45.1 0

  1990  8  6   2 30 41.1    16.070   120.640   15.0  5.3  4.4  seed seed.dat                  080690A
AGD        75.3 278.0  76.2   0.1 3   0.0 999.9 0
CAN        57.9 152.6 327.3   0.1 3   0.0 999.9 0   1.0 3   0.0 999.9 0
CAY       157.9 341.2  18.3   0.1 3   0.0 999.9 0
CRZF       87.7 220.3  63.9   0.1 3   0.0 999.9 0   1.0 3   0.0 999.9 0
DRV        83.9 172.3 341.2   0.1 3   0.0 999.9 0   1.0 3   0.0 999.9 0
HYB        40.3 278.1  85.5   0.1 3   0.0 999.9 0   1.0 3   0.0 999.9 0
INU        24.2  34.3 221.5   0.1 3   0.0 999.9 0   1.0 3   0.0 999.9 0
KIP        76.4  71.3 282.2   0.1 3   0.0 999.9 0   1.0 3   0.0 999.9 0
MBO       128.3 303.8  55.6   0.1 3   0.0 999.9 0   1.0 3   0.0 999.9 0
NOUC       58.7 129.0 306.3   0.1 3   0.0 999.9 0   1.0 3   0.0 999.9 0
PAF        79.0 211.0  49.2   0.1 3   0.0 999.9 0   1.0 3   0.0 138.3 0
PPT        94.6 106.8 285.2   0.1 3   0.0 999.9 0
RER        73.7 241.8  65.2   0.1 3   0.0 999.9 0   1.0 3   0.0 999.9 0
SCZ       101.4  46.4 300.1   0.1 3   0.0 999.9 0
SSB        95.9 320.5  60.1   0.1 3   0.0 999.9 0   1.0 3   0.0 999.9 0
TAM       105.6 299.9  64.6   0.1 3   0.0 999.9 0   1.0 3   0.0 999.9 0
UNM       127.3  49.4 309.4   0.1 3   0.0 999.9 0   1.0 3   0.0 999.9 0
WUS        43.6 313.6 112.6   0.1 3   0.0 999.9 0   1.0 3   0.0 999.9 0

  1990  8  6  16 23 17.3   -16.090  -173.380   59.6  5.2  0.0  seed seed.dat                  080690B
AGD       144.6 267.0 101.3   0.1 3   0.0 999.9 0
CAN        38.6 233.1  70.1   0.1 3   0.0 999.9 0   1.0 3   0.0 999.9 0
CAY       121.2  94.2 254.3   0.1 3   0.0 999.9 0
CRZF      105.5 210.6 135.0   0.1 3   0.0 999.9 0   1.0 3   0.0 999.9 0
DRV        58.9 199.7  54.7   0.1 3   0.0 999.9 0   1.0 3   0.0 999.9 0
HYB       111.5 282.5 100.6   0.1 3   0.0 999.9 0   1.0 3   0.0 999.9 0
INU        69.6 318.3 128.5   0.1 3   0.0 999.9 0   1.0 3   0.0 999.9 0
KIP        40.3  22.5 203.3   0.1 3   0.0 456.5 0   1.0 3   0.0 999.9 0
MBO       157.2  91.6 263.2   0.1 3   0.0 946.5 0   1.0 3   0.0 971.7 0
NOUC       20.1 249.5  76.3   0.1 3   0.0 222.5 0   1.0 3   0.0 217.6 0   5.0 3   0.0  16.6 0
PAF        94.0 215.9 120.5   0.1 3   0.0 999.9 0   1.0 3   0.0 999.9 0
PPT        22.8  97.1 270.1   0.1 3   0.0 999.9 0
RER       119.2 233.8 123.8   0.1 3   0.0 999.9 0   1.0 3   0.0 999.9 0
SCZ        71.9  41.9 233.0   0.1 3   0.0 999.9 0
SSB       150.8   3.0 355.9   0.1 3   0.0 999.9 0   1.0 3   0.0 277.2 0
TAM       173.2   8.9 351.4   0.1 3   0.0 999.9 0   1.0 3   0.0 999.9 0
UNM        81.0  67.0 249.6   0.1 3   0.0 999.9 0   1.0 3   0.0 999.9 0
WUS       113.5 308.2  90.9   0.1 3   0.0 999.9 0   1.0 3   0.0 999.9 0

  1990  8  6  20 30 44.9   -56.150   -27.900  112.4  5.6  0.0  seed seed.dat                  080690C
AGD        89.1  67.9 211.9   0.1 3   0.0 999.9 0
CAN        88.7 177.5 181.7   0.1 3   0.0 999.9 0   1.0 3   0.0 999.9 0
CAY        64.2 332.7 165.1   0.1 3   0.0 999.9 0
CRZF       48.0 114.0 227.6   0.1 3   0.0 999.9 0   1.0 3   0.0 999.9 0
DRV        57.0 174.3 188.0   0.1 3   0.0 999.9 0   1.0 3   0.0 999.9 0
HYB       113.5  93.9 215.9   0.1 3   0.0 999.9 0   1.0 3   0.0 999.9 0
INU       156.8 147.8 202.0   0.1 3   0.0 999.9 0   1.0 3   0.0 999.9 0
KIP       129.6 247.2 146.1   0.1 3   0.0 209.0 0   1.0 3   0.0 999.9 0
MBO        71.0  11.3 186.5   0.1 3   0.0 699.1 0   1.0 3   0.0 724.2 0
NOUC      101.0 193.4 172.0   0.1 3   0.0 125.0 0   1.0 3   5.2  80.1 0   5.0 3   0.0  77.2 2
PAF        54.8 127.7 222.6   0.1 3   0.0 999.9 0   1.0 3   0.0 999.9 0
PPT        91.7 234.2 151.6   0.1 3   0.0 999.9 0
RER        69.1  97.2 216.5   0.1 3   0.0 999.9 0   1.0 3   0.0 999.9 0
SCZ       121.4 289.6 139.0   0.1 3   0.0 999.9 0
SSB       104.9  23.1 198.2   0.1 3   0.0 999.9 0   1.0 3   0.0 999.9 1
TAM        83.7  30.9 198.1   0.1 3   0.0 999.9 0   1.0 3   0.0 999.9 0
UNM        96.0 295.8 147.7   0.1 3   0.0 999.9 0   1.0 3   0.0 999.9 0
WUS       132.0  76.1 226.3   0.1 3   0.0 999.9 0   1.0 3   0.0 999.9 0

  1990  8  8  14 42 38.7     8.230  -103.190   15.0  5.2  5.0  seed seed.dat                  080890A
AGD       140.9  60.2 298.8   0.1 3   0.0 999.9 0
CAN       109.2 235.6  93.8   0.1 3   0.0 999.9 0   1.0 3   0.0 999.9 0
CAY        50.6  90.3 276.6   0.1 3   0.0 999.9 0
CRZF      136.3 154.9 216.9   0.1 3   0.0 999.9 0   1.0 3   0.0 999.9 0
DRV       108.0 202.0 111.9   0.1 3   0.0 999.9 0   1.0 3   0.0 999.9 0
HYB       154.4 356.2   4.0   0.1 3   0.0 999.9 0   1.0 3   0.0 999.9 0
INU       108.6 311.6  64.8   0.1 3   0.0 999.9 0   1.0 3   0.0 999.9 0
KIP        54.3 290.4  95.2   0.1 3   0.0 999.9 0   1.0 3   0.0 999.9 0  20.0 3   0.0  59.7 0
MBO        84.4  76.3 277.1   0.1 3   0.0 999.9 0   1.0 3   0.0 999.9 0   5.0 3  20.4  52.4 0
NOUC       93.5 248.4  82.7   0.1 3   0.0 243.1 0   1.0 3   0.0 248.2 0
PAF       138.6 173.5 189.8   0.1 3   0.0 999.9 0   1.0 3   0.0 999.9 0
PPT        52.5 240.5  64.6   0.1 3   0.0 999.9 0
RER       155.9 124.4 240.3   0.1 3   0.0 999.9 0   1.0 3   0.0 999.9 0
SCZ        32.8 332.3 145.1   0.1 3   0.0 999.9 0
SSB        96.4  42.6 288.6   0.1 3   0.0 999.9 0   1.0 3   0.0 999.9 0
TAM       103.8  64.1 285.3   0.1 3   0.0 999.9 0   1.0 3   0.0 999.9 0
UNM        11.7  19.0 200.0   0.1 3   0.0 999.9 0   1.0 3   0.0 999.9 0  20.0 3   0.0  40.6 0
WUS       130.6 357.6   3.1   0.1 3   0.0 999.9 0   1.0 3   0.0 999.9 0

  1990  8  9   6 56 51.5   -13.600  -111.950   15.0  5.1  4.6  seed seed.dat                  080990A
AGD       155.3  92.3 262.9   0.1 3   0.0 999.9 0
CAN        89.4 233.8 106.4   0.1 3   0.0 999.9 0   1.0 3   0.0 999.9 0
CAY        62.0  76.9 251.9   0.1 3   0.0 999.9 0
CRZF      118.4 167.4 197.9   0.1 3   0.0 999.9 0   1.0 3   0.0 999.9 0
DRV        84.5 202.3 111.9   0.1 3   0.0 999.9 0   1.0 3   0.0 999.9 0
HYB       169.2 291.0  69.8   0.1 3   0.0 999.9 0   1.0 3   0.0 999.9 0
INU       114.8 302.7  89.1   0.1 3   0.0 999.9 0   1.0 3   0.0 999.9 0
KIP        57.1 306.9 123.4   0.1 3   0.0 999.9 0   1.0 3   0.0 999.9 0
MBO        98.1  77.2 258.1   0.1 3   0.0 999.9 0   1.0 3   0.0 999.9 0
NOUC       77.5 250.0  99.8   0.1 3   0.0 768.9 0   1.0 3   0.0 729.0 0
PAF       117.2 181.6 177.6   0.1 3   0.0 999.9 0   1.0 3   0.0 999.9 0
PPT        36.4 258.8  89.3   0.1 3   0.0 999.9 0
RER       143.3 160.6 200.2   0.1 3   0.0 999.9 0   1.0 3   0.0 999.9 0
SCZ        50.8 350.2 168.1   0.1 3   0.0 999.9 0
SSB       118.2  45.9 279.6   0.1 3   0.0 999.9 0   1.0 3   0.0 999.9 0
TAM       120.3  71.6 267.4   0.1 3   0.0 999.9 0   1.0 3   0.0 999.9 0
UNM        35.2  21.3 202.0   0.1 3   0.0 999.9 0   1.0 3   0.0 999.9 0
WUS       150.8 342.4  22.4   0.1 3   0.0 999.9 0   1.0 3   0.0 999.9 0

  1990  8 10   1 51 19.5     0.310   122.910  135.9  5.3  0.0  seed seed.dat                  081090A
AGD        80.2 281.6  91.6   0.1 3   0.0 999.9 0
CAN        43.1 148.2 319.8   0.1 3   0.0 999.9 0   1.0 3   0.0 999.9 0
CAY       172.9 317.7  42.2   0.1 3   0.0 999.9 0
CRZF       77.3 222.1  76.0   0.1 3   0.0 999.9 0   1.0 3   0.0 999.9 0
DRV        68.0 172.7 341.5   0.1 3   0.0 999.9 0   1.0 3   0.0 999.9 0
HYB        46.8 293.8 106.5   0.1 3   0.0 999.9 0   1.0 3   0.0 999.9 0
INU        37.3  19.2 203.8   0.1 3   0.0 999.9 0   1.0 3   0.0 999.9 0
KIP        79.7  68.4 266.4   0.1 3   0.0 999.9 0   1.0 3   0.0 999.9 0
MBO       137.7 291.9  73.0   0.1 3   0.0 357.5 0   1.0 3   0.0 397.7 0
NOUC       47.8 120.7 291.9   0.1 3   0.0 999.9 0   1.0 3   0.0 929.6 0
PAF        67.0 214.4  60.0   0.1 3   0.0 999.9 0   1.0 3   0.0 999.9 0
PPT        87.7 107.5 270.9   0.1 3   0.0 999.9 0
RER        68.9 247.2  81.2   0.1 3   0.0 999.9 0   1.0 3   0.0 999.9 0
SCZ       110.2  50.6 286.4   0.1 3   0.0 999.9 0
SSB       109.3 318.8  68.6   0.1 3   0.0 999.9 0   1.0 3   0.0 789.2 0
TAM       115.0 295.3  78.2   0.1 3   0.0 999.9 0   1.0 3   0.0 999.9 0
UNM       134.3  62.3 290.7   0.1 3   0.0 999.9 0   1.0 3   0.0 999.9 0
WUS        56.7 321.4 124.2   0.1 3   0.0 999.9 0   1.0 3   0.0 999.9 0

  1990  8 10   5 37 52.0   -20.110   168.110   33.0  5.9  5.6  seed seed.dat                  081090B
AGD       126.9 269.3 106.4   0.1 3   0.0 999.9 0
CAN        22.7 224.0  53.1   0.1 3   0.0 999.9 0   1.0 3   0.0 999.9 0  20.0 3   0.0  35.7 0
CAY       137.9 105.8 245.5   0.1 3   0.0 999.9 0   5.0 3   0.0  30.1 0
CRZF       92.2 218.3 122.7   0.1 3   0.0 999.9 0   1.0 3   0.0 999.9 0
DRV        49.9 194.2  35.4   0.1 3   0.0 999.9 0   1.0 3   0.0 999.9 0   5.0 3   0.1  32.1 0
HYB        95.5 286.3 109.2   0.1 3   0.0 999.9 0   1.0 3   0.0 999.9 0
INU        62.7 331.6 146.8   0.1 3   0.0 999.9 0   1.0 3   0.0 999.9 0
KIP        53.0  40.7 221.1   0.1 3   0.0 999.9 0   1.0 3   0.0 999.9 0  20.0 3   0.0  58.5 0
MBO       172.5 140.0 220.6   0.1 3   0.0 131.0 0   1.0 3   0.0 171.1 0   5.0 3  37.1 113.1 0
NOUC        2.6 220.1  40.8   0.1 3   0.0 807.9 0   1.0 3   0.0 703.0 0   5.0 3   0.0  54.0 0
PAF        79.9 221.1 109.2   0.1 3   0.0 999.9 0   1.0 3   0.0 999.9 0   5.0 3   7.1  47.1 0
PPT        40.0  93.7 259.4   0.1 3   0.0 999.9 0
RER       102.1 241.9 117.4   0.1 3   0.0 999.9 0   1.0 3   0.0 999.9 0
SCZ        87.2  49.5 242.6   0.1 3   0.0 999.9 0
SSB       151.4 335.1  33.4   0.1 3   0.0 999.9 0   1.0 3   0.0 562.7 0
TAM       163.6 281.6  83.0   0.1 3   0.0 999.9 0   1.0 3   0.0 999.9 0  20.0 3   0.0  50.7 0
UNM        98.9  72.8 252.0   0.1 3   0.0 999.9 0   1.0 3   0.0 999.9 0  20.0 3   7.4  67.4 0
WUS       102.2 309.4 105.8   0.1 3   0.0 999.9 0   1.0 3   0.0 999.9 0  20.0 3   0.0  49.7 0

  1990  8 10  15 44 29.3     0.870   126.150   32.7  5.9  5.9  seed seed.dat                  081090C
AGD        83.3 281.4  90.4   0.1 3   0.0 999.9 0   5.0 3   0.0 286.9 0
CAN        41.9 151.6 324.4   0.1 3   0.0 999.9 0   1.0 3   0.0 999.9 0  20.0 3   0.0  49.1 0
CAY       174.0 345.2  14.7   0.1 3   0.0 999.9 0
CRZF       79.9 222.6  78.1   0.1 3   0.0 999.9 0   1.0 3   0.0 999.9 0   5.0 3   7.5  55.5 0
DRV        68.2 174.1 345.0   0.1 3   0.0 999.9 0   1.0 3   0.0 999.9 0   5.0 3   0.0  57.5 0
HYB        49.6 292.2 104.1   0.1 3   0.0 999.9 0   1.0 3   0.0 999.9 0  20.0 3   1.4  61.4 0
INU        35.9  15.3 198.9   0.1 3   0.0 885.4 0   1.0 3   0.0 751.7 0  20.0 3   0.0  39.1 0
KIP        76.5  68.3 265.7   0.1 3   0.0 999.9 0   1.0 3   0.0 999.9 0  20.0 3   0.0  55.9 0
MBO       140.4 294.0  70.3   0.1 3   0.0  78.3 0   1.0 3   0.0 103.5 0   5.0 3   0.0 102.5 0
NOUC       45.4 122.8 294.9   0.1 3   0.0 201.2 0   1.0 3   0.0  96.4 0   5.0 3   0.0  55.4 0
PAF        69.3 215.4  62.5   0.1 3   0.0 999.9 0   1.0 3   0.0 999.9 0   5.0 3   0.0  60.5 0
PPT        84.8 107.6 272.4   0.1 3   0.0 999.9 0
RER        72.1 247.5  82.0   0.1 3   0.0 495.4 0   1.0 3   0.0 960.0 0  20.0 3  10.0  70.0 0
SCZ       107.3  51.2 284.7   0.1 3   0.0 999.9 0
SSB       111.0 319.9  65.6   0.1 3   0.0 999.9 0   1.0 3   0.0 999.9 0
TAM       117.6 296.3  76.1   0.1 3   0.0 999.9 0   1.0 3   0.0 999.9 0  20.0 3   2.1  62.1 0
UNM       131.2  63.2 289.3   0.1 3   0.0 999.9 0   1.0 3   0.0 999.9 0
WUS        58.4 319.6 120.8   0.1 3   0.0 999.9 0   1.0 3   0.0 999.9 0  20.0 3   0.0  41.1 0

  1990  8 10  17 47 39.3   -19.650  -177.490  389.2  5.8  0.0  seed seed.dat                  081090D
AGD       140.4 264.0 106.7   0.1 3   0.0 999.9 0   5.0 3   0.0 163.7 0
CAN        33.4 235.1  71.1   0.1 3   0.0 999.9 0   1.0 3   0.0 999.9 0
CAY       124.7  98.0 249.7   0.1 3   0.0 999.9 0
CRZF      100.4 212.2 133.5   0.1 3   0.0 999.9 0   1.0 3   0.0 999.9 0
DRV        54.3 199.3  51.7   0.1 3   0.0 999.9 0   1.0 3   0.0 999.9 0
HYB       108.5 282.2 105.2   0.1 3   0.0 999.9 0   1.0 3   0.0 999.9 0
INU        69.8 321.5 134.1   0.1 3   0.0 762.2 0   1.0 3   0.0 628.6 0
KIP        45.2  26.1 206.4   0.1 3   0.0 999.9 0   1.0 3   0.0 999.9 0
NOUC       15.3 258.0  83.8   0.1 3   0.0  78.1 0   1.0 3   0.0  58.2 0   5.0 3   0.0  12.2 0
PAF        88.8 217.2 119.5   0.1 3   0.0 999.9 0   1.0 3   0.0 999.9 0
PPT        26.5  90.2 261.1   0.1 3   0.0 999.9 0
RER       113.9 234.8 124.4   0.1 3   0.0 372.2 0   1.0 3   0.0 836.9 0
SCZ        77.1  43.3 233.5   0.1 3   0.0 999.9 0
SSB       154.4 356.6   4.4   0.1 3   0.0 999.9 0   1.0 3   0.0 999.9 0
TAM       175.8 316.2  40.1   0.1 3   0.0 999.9 0   1.0 3   0.0 999.9 0
UNM        86.0  68.1 247.8   0.1 3   0.0 999.9 0   1.0 3   0.0 999.9 0
WUS       112.6 307.2  96.6   0.1 3   0.0 999.9 0   1.0 3   0.0 999.9 0

  1990  8 10  19  2 17.7    57.090   -32.450   15.0  4.8  4.8  seed seed.dat                  081090E
AGD        72.4  95.9 326.4   0.1 3   0.0 999.9 0   5.0 3   0.0  89.1 0
CAN       158.2 356.9   2.2   0.1 3   0.0 999.9 0   1.0 3   0.0 999.9 0
CAY        54.4 204.7  13.2   0.1 3   0.0 999.9 0
CRZF      124.7 123.0 318.5   0.1 3   0.0 999.9 0   1.0 3   0.0 999.9 0
DRV       169.8 162.3 203.2   0.1 3   0.0 999.9 0   1.0 3   0.0 999.9 0
HYB        86.3  63.1 329.3   0.1 3   0.0 999.9 0   1.0 3   0.0 999.9 0
INU        87.3   8.6 354.3   0.1 3   0.0 687.6 0   1.0 3   0.0 553.9 0
KIP        89.4 310.8  26.3   0.1 3   0.0 999.9 0   1.0 3   0.0 999.9 0
NOUC      142.4 331.0  16.9   0.1 3   0.0   3.4 0   1.0 3  38.6  58.6 0   5.0 3  21.6  53.6 2
PAF       135.5 114.3 310.3   0.1 3   0.0 999.9 0   1.0 3   0.0 999.9 0
PPT       119.3 283.6  33.9   0.1 3   0.0 999.9 0
RER       106.6 103.1 325.2   0.1 3   0.0 297.6 0   1.0 3   0.0 762.2 0
SCZ        59.5 291.3  39.2   0.1 3   0.0 999.9 0
SSB        25.6 101.4 310.8   0.1 3   0.0 999.9 0   1.0 3   0.0 999.9 0  20.0 3   0.0  47.1 0
TAM        44.0 125.1 331.1   0.1 3   0.0 999.9 0   1.0 3   0.0 999.9 0
UNM        61.3 261.4  34.8   0.1 3   0.0 999.9 0   1.0 3   0.0 999.9 0
WUS        66.4  49.8 326.5   0.1 3   0.0 999.9 0   1.0 3   0.0 999.9 0  20.0 3   9.3  69.3 0

  1990  8 10  21 11 48.7     6.280    59.800   15.0  5.4  5.2  seed seed.dat                  081090F
AGD        17.6 288.5 105.8   0.1 3   0.0 999.9 0
CAN        93.0 125.0 275.4   0.1 3   0.0 999.9 0   1.0 3   0.0 999.9 0
CAY       111.3 277.8  81.3   0.1 3   0.0 999.9 0
CRZF       53.1 186.9   9.9   0.1 3   0.0 999.9 0   1.0 3   0.0 999.9 0   5.0 3   4.2  32.2 0
DRV        91.9 156.9 281.3   0.1 3   0.0 999.9 0   1.0 3   0.0 999.9 0
HYB        21.4  57.2 241.1   0.1 3   0.0 999.9 0   1.0 3   0.0 999.9 0  20.0 3   0.0  42.1 0
INU        76.0  55.2 267.9   0.1 3   0.0 558.1 0   1.0 3   0.0 424.4 0
KIP       133.8  52.3 302.6   0.1 3   0.0 999.9 0   1.0 3   0.0 999.9 0  20.0 3  38.6  98.6 0
NOUC      107.6 111.1 269.5   0.1 3   0.0 999.9 0   1.0 3   0.0 999.9 0   5.0 3   0.0  52.1 0
PAF        56.3 171.8 347.5   0.1 3   0.0 999.9 0   1.0 3   0.0 999.9 0   5.0 3   5.2  33.2 0
PPT       149.2 113.8 251.9   0.1 3   0.0 999.9 0
RER        27.6 188.2   8.7   0.1 3   0.0 168.0 0   1.0 3   0.0 632.7 0
SCZ       137.2   1.4 358.2   0.1 3   0.0 999.9 0
SSB        61.5 318.7 111.6   0.1 3   0.0 999.9 0   1.0 3   0.0 999.9 0
TAM        54.7 293.4  98.6   0.1 3   0.0 999.9 0   1.0 3   0.0 999.9 0  20.0 3   4.8  64.8 0
UNM       147.1 321.4  40.9   0.1 3   0.0 999.9 0   1.0 3   0.0 999.9 0
WUS        38.9  23.6 211.8   0.1 3   0.0 999.9 0   1.0 3   0.0 999.9 0  20.0 3   0.0  39.8 0

  1990  8 11   2 59 54.9     0.010   -78.150   15.0  5.0  0.0  seed seed.dat                  081190A
AGD       120.3  76.7 276.9   0.1 3   0.0 999.9 0
CAN       123.8 226.2 118.4   0.1 3   0.0 999.9 0   1.0 3   0.0 999.9 0
CAY        26.3  78.9 260.0   0.1 3   0.0 720.1 0   5.0 3   0.0 104.1 0
CRZF      116.4 143.7 238.5   0.1 3   0.0 999.9 0   1.0 3   0.0 999.9 0
DRV       108.2 195.0 139.5   0.1 3   0.0 999.9 0   1.0 3   0.0 999.9 0
HYB       151.2  51.8 305.0   0.1 3   0.0 999.9 0   1.0 3   0.0 999.9 0
INU       131.9 320.7  50.4   0.1 3   0.0 209.9 0   1.0 3   0.0  76.3 0
KIP        80.6 291.6  93.6   0.1 3   0.0 999.9 0   1.0 3   0.0 999.9 0
NOUC      113.6 245.9 100.3   0.1 3   0.0 999.9 0   1.0 3   0.0 999.9 0
PAF       123.8 155.6 218.9   0.1 3   0.0 999.9 0   1.0 3   0.0 999.9 0
PPT        72.3 251.6  84.3   0.1 3   0.0 999.9 0
RER       130.3 118.1 250.7   0.1 3   0.0 999.9 0   1.0 3   0.0 284.6 0
SCZ        54.2 317.1 122.2   0.1 3   0.0 999.9 0
SSB        84.8  44.7 265.0   0.1 3   0.0 999.9 0   1.0 3   0.0 999.9 0
TAM        84.2  67.2 267.7   0.1 3   0.0 999.9 0   1.0 3   0.0 999.9 0
UNM        28.2 314.1 130.5   0.1 3   0.0 999.9 0   1.0 3   0.0 999.9 0
WUS       134.1  23.9 327.8   0.1 3   0.0 999.9 0   1.0 3   0.0 999.9 0

  1990  8 11   8  0 15.2   -21.760   170.930  111.5  5.1  0.0  seed seed.dat                  081190B
AGD       129.5 266.9 108.5   0.1 3   0.0 999.9 0
CAN        23.5 230.1  60.7   0.1 3   0.0 999.9 0   1.0 3   0.0 999.9 0
CAY       134.9 105.7 244.2   0.1 3   0.0 419.7 0
CRZF       92.5 217.2 125.7   0.1 3   0.0 999.9 0   1.0 3   0.0 999.9 0
DRV        49.0 195.7  39.3   0.1 3   0.0 999.9 0   1.0 3   0.0 999.9 0
HYB        98.5 285.2 110.0   0.1 3   0.0 999.9 0   1.0 3   0.0 999.9 0
KIP        52.6  37.3 217.2   0.1 3   0.0 999.9 0   1.0 3   0.0 999.9 0
NOUC        4.3 264.6  86.4   0.1 3   0.0 725.5 0   1.0 3   0.0 715.6 0   5.0 3   0.0  11.6 0
PAF        80.4 220.6 112.3   0.1 3   0.0 999.9 0   1.0 3   0.0 999.9 0
PPT        37.3  90.8 257.0   0.1 3   0.0 999.9 0
RER       103.6 240.2 120.2   0.1 3   0.0 999.9 0   1.0 3   0.0 999.9 0
SCZ        86.3  48.3 239.7   0.1 3   0.0 999.9 0
SSB       154.0 337.5  29.5   0.1 3   0.0 999.9 0   1.0 3   0.0 999.9 0
TAM       166.5 276.0  87.3   0.1 3   0.0 999.9 0   1.0 3   0.0 999.9 0
UNM        96.9  72.2 249.6   0.1 3   0.0 999.9 0   1.0 3   0.0 999.9 0
WUS       105.3 308.4 105.4   0.1 3   0.0 999.9 0   1.0 3   0.0 927.1 0

  1990  8 11  21  9 40.6    16.540   121.110   15.0  5.2  4.3  seed seed.dat                  081190C
AGD        75.7 278.0  75.7   0.1 3   0.0 999.9 0
CAN        58.1 153.2 328.0   0.1 3   0.0 999.9 0   1.0 3   0.0 999.9 0
CAY       157.6 342.7  16.8   0.1 3   0.0 999.9 0
CRZF       88.3 220.4  64.0   0.1 3   0.0 999.9 0   1.0 3   0.0 999.9 0
DRV        84.3 172.5 341.8   0.1 3   0.0 999.9 0   1.0 3   0.0 999.9 0
HYB        40.6 277.7  84.7   0.1 3   0.0 999.9 0   1.0 3   0.0 999.9 0
KIP        75.8  71.5 282.5   0.1 3   0.0 999.9 0   1.0 3   0.0 999.9 0
MBO       128.4 304.4  54.8   0.1 3   0.0 999.9 0   1.0 3   0.0 999.9 0
NOUC       58.7 129.5 307.1   0.1 3  36.2 536.0 0   1.0 3  21.2 506.2 0   5.0 3   0.0  54.2 4
PAF        79.6 211.1  49.3   0.1 3   0.0 999.9 0   1.0 3   0.0 999.9 0
PPT        94.3 106.9 285.8   0.1 3   0.0 999.9 0
RER        74.3 241.9  65.0   0.1 3   0.0 999.9 0   1.0 3   0.0 999.9 0
SCZ       100.8  46.5 300.2   0.1 3   0.0 999.9 0
SSB        95.8 320.7  59.4   0.1 3   0.0 999.9 0   1.0 3   0.0 999.9 0
TAM       105.8 300.2  63.9   0.1 3   0.0 999.9 0   1.0 3   0.0 999.9 0  20.0 3   0.0  38.9 0
UNM       126.6  49.5 309.5   0.1 3   0.0 999.9 0   1.0 3   0.0 999.9 0
WUS        43.6 313.1 111.6   0.1 3   0.0 999.9 0   1.0 3   0.0 137.7 0

  1990  8 12   0 35  3.3     1.290   -28.410   15.0  5.2  5.1  seed seed.dat                  081290A
AGD        71.4  78.3 267.5   0.1 3   0.0 999.9 0
CAN       146.0 176.2 184.6   0.1 3   0.0 999.9 0   1.0 3   0.0 999.9 0
CAY        24.1 279.2  97.9   0.1 3   0.0 999.9 0   5.0 3   0.0  97.3 0
CRZF       84.2 136.7 277.8   0.1 3   0.0 999.9 0   1.0 3   0.0 999.9 0   5.0 3  17.0  49.0 0
DRV       114.2 175.0 192.7   0.1 3   0.0 999.9 0   1.0 3   0.0 999.9 0
HYB       105.8  71.6 276.6   0.1 3   0.0 999.9 0   1.0 3   0.0 999.9 0
KIP       125.8 297.7  71.6   0.1 3   0.0 999.9 0   1.0 3   0.0 999.9 0
MBO        17.3  40.5 222.0   0.1 3   0.0 999.9 0   1.0 3   0.0 999.9 0   5.0 3   0.0  17.9 0
NOUC      154.8 213.7 143.7   0.1 3   0.0 330.7 0   1.0 3   0.0 300.8 0
PAF        96.6 139.4 264.1   0.1 3   0.0 999.9 0   1.0 3   0.0 999.9 0   5.0 3  21.9  53.9 0
PPT       120.0 250.5  99.1   0.1 3   0.0 999.9 0
RER        85.0 111.2 273.2   0.1 3   0.0 999.9 0   1.0 3   0.0 999.9 0
SCZ        91.6 306.5  87.0   0.1 3   0.0 999.9 0
SSB        52.6  28.9 223.3   0.1 3   0.0 999.9 0   1.0 3   0.0 999.9 0  20.0 3   0.4  60.4 0
TAM        39.3  54.5 241.9   0.1 3   0.0 999.9 0   1.0 3   0.0 999.9 0  20.0 3   0.0  49.5 0
UNM        71.4 289.9  95.2   0.1 3   0.0 999.9 0   1.0 3   0.0 999.9 0  20.0 3   8.2  68.2 0
WUS       102.3  47.4 283.0   0.1 3   0.0 999.9 0   1.0 3   0.0 999.9 0

  1990  8 12   7 51 55.2    13.140   143.900  134.7  5.5  0.0  seed seed.dat                  081290B
AGD        97.9 283.9  74.8   0.1 3   0.0 999.9 0
CAN        48.6 174.4 353.3   0.1 3   0.0 999.9 0   1.0 3   0.0 999.9 0
CAY       155.8  42.6 318.4   0.1 3   0.0 999.9 0
CRZF      100.8 224.8  82.6   0.1 3   0.0 999.9 0   1.0 3   0.0 999.9 0
DRV        79.7 181.6   3.9   0.1 3   0.0 999.9 0   1.0 3   0.0 999.9 0
HYB        62.9 283.0  83.8   0.1 3   0.0 999.9 0   1.0 3   0.0 999.9 0
KIP        55.8  72.9 271.7   0.1 3   0.0 999.9 0   1.0 3   0.0 999.9 0
MBO       146.6 324.8  35.4   0.1 3   0.0 999.9 0   1.0 3   0.0 999.9 0
PAF        89.6 218.9  69.4   0.1 3   0.0 999.9 0   1.0 3   0.0 999.9 0
PPT        72.4 113.3 290.3   0.1 3   0.0 999.9 0
RER        93.0 249.2  77.3   0.1 3   0.0 999.9 0   1.0 3   0.0 999.9 0
SCZ        85.9  53.5 283.4   0.1 3   0.0 999.9 0
SSB       111.1 330.5  42.7   0.1 3   0.0 999.9 0   1.0 3   0.0 999.9 0
TAM       125.7 311.0  52.7   0.1 3   0.0 999.9 0   1.0 3   0.0 999.9 0
UNM       110.0  63.5 292.6   0.1 3   0.0 999.9 0   1.0 3   0.0 999.9 0
WUS        62.4 309.7  96.5   0.1 3   0.0 999.9 0   1.0 3   0.0 999.9 0

  1990  8 12  21 25 22.7   -19.580   169.050  164.9  6.4  0.0  seed seed.dat                  081290C
AGD       127.8 269.3 105.7   0.1 3   0.0 999.9 0   5.0 3  40.5 280.5 0
CAN        23.7 224.3  53.7   0.1 3   0.0 999.9 0   1.0 3   0.0 999.9 0  20.0 3   0.0  36.2 0
CAY       137.2 104.6 246.6   0.1 3   0.0 999.9 0   5.0 3   0.0 110.8 0
CRZF       93.2 218.0 123.0   0.1 3   0.0 999.9 0   1.0 3   0.0 999.9 0   5.0 3   0.0 166.6 0
DRV        50.7 194.5  36.3   0.1 3   0.0 999.9 0   1.0 3   0.0 999.9 0   5.0 3   0.0 184.6 0
HYB        96.2 286.1 108.4   0.1 3   0.0 999.9 0   1.0 3   0.0 999.9 0  20.0 3   0.0  44.5 0
KIP        52.0  40.1 220.7   0.1 3   0.0 999.9 0   1.0 3   0.0 999.9 0  20.0 3   0.0  43.0 0
MBO       172.3 132.3 228.3   0.1 3   0.0 999.9 0   1.0 3   0.0 695.6 0   5.0 3   0.0 299.6 0
NOUC        3.6 225.2  46.2   0.1 3  30.5 980.3 0   1.0 3   5.5 930.5 0   5.0 3   2.5 150.5 2
PAF        80.9 220.8 109.5   0.1 3   0.0 999.9 0   1.0 3   0.0 999.9 0   5.0 3   0.0 191.6 0
PPT        39.2  94.1 260.4   0.1 3   0.0 999.9 0   5.0 3   0.0  97.4 0
RER       103.2 241.6 117.3   0.1 3   0.0 999.9 0   1.0 3   0.0 999.9 0  20.0 3   0.0  48.4 0
SCZ        86.2  49.2 242.5   0.1 3   0.0 999.9 0   5.0 3   0.0  91.0 0
SSB       151.3 336.7  31.3   0.1 3   0.0 999.9 0   1.0 3   0.0 999.9 0  20.0 3   0.0  54.1 0
TAM       164.3 283.8  80.3   0.1 3   0.0 999.9 0   1.0 3   0.0 999.9 0  20.0 3   0.0 111.2 0
UNM        97.9  72.5 252.2   0.1 3   0.0 999.9 0   1.0 3   0.0 999.9 0  20.0 3   0.0  47.9 0
WUS       102.6 309.3 104.8   0.1 3   0.0 999.9 0   1.0 3   0.0 999.9 0  20.0 3   0.0  44.2 0

  1990  8 13  23  4 20.8    60.010  -152.260   93.2  5.3  0.0  seed seed.dat                  081390A
AGD       107.6 344.5   7.9   0.1 3   0.0 999.9 0
CAN       106.7 227.0  26.7   0.1 3   0.0 999.9 0   1.0 3   0.0 999.9 0
CAY        90.7  78.8 330.4   0.1 3   0.0 999.9 0
CRZF      160.4 303.7  38.3   0.1 3   0.0 519.5 0   1.0 3   0.0 699.6 0
DRV       136.0 212.2  42.1   0.1 3   0.0 999.9 0   1.0 3   0.0 999.9 0   5.0 3  37.7  85.7 0
HYB        92.5 312.3  22.9   0.1 3   0.0 999.9 0   1.0 3   0.0 999.9 0
KIP        38.8 188.6   4.6   0.1 3   0.0 999.9 0   1.0 3   0.0 999.9 0
NOUC       88.6 218.0  19.5   0.1 3   0.0 341.3 0   1.0 3   0.0 316.5 0
PAF       153.8 275.5  50.6   0.1 3   0.0 999.9 0   1.0 3   0.0 999.9 0
PPT        77.5 177.4 358.6   0.1 3   0.0 999.9 0
RER       136.4 320.8  20.1   0.1 3   0.0 999.9 0   1.0 3   0.0 999.9 0
SCZ        30.6 125.9 329.7   0.1 3   0.0 999.9 0
SSB        73.2  16.8 348.1   0.1 3   0.0 874.7 0   1.0 3   0.0 875.2 0
TAM        95.4  20.5 349.0   0.1 3   0.0 999.9 0   1.0 3   0.0 999.9 0
UNM        55.3 113.2 330.8   0.1 3   0.0 999.9 0   1.0 3   0.0 999.9 0
WFM        49.9  71.9 319.7   0.1 3   0.0  61.4 0
WUS        70.5 321.3  24.6   0.1 3   0.0 999.9 0   1.0 3   0.0 999.9 0

  1990  8 14   0 50 38.8    26.930    65.800   15.0  5.2  4.9  seed seed.dat                  081490A
AGD        26.5 239.1  51.4   0.1 3   0.0 999.9 0
CAN       100.0 124.3 295.6   0.1 3   0.0 999.9 0   1.0 3   0.0 999.9 0
CAY       112.3 288.4  58.3   0.1 3   0.0 999.9 0
CRZF       74.3 190.0  13.0   0.1 3   0.0 413.2 0   1.0 3   0.0 593.3 0
DRV       108.5 156.1 294.9   0.1 3   0.0 999.9 0   1.0 3   0.0 999.9 0
HYB        15.1 126.1 311.0   0.1 3   0.0 999.9 0   1.0 3   0.0 999.9 0  20.0 3   0.0  39.2 0
KIP       115.8  45.6 316.7   0.1 3   0.0 999.9 0   1.0 3   0.0 999.9 0
NOUC      108.7 105.6 292.0   0.1 3   0.0 235.0 0   1.0 3   0.0 210.2 0
PAF        76.2 177.0 355.9   0.1 3   0.0 999.9 0   1.0 3   0.0 999.9 0
PPT       146.1  81.0 291.9   0.1 3   0.0 999.9 0
RER        48.9 192.5  12.0   0.1 3   0.0 999.9 0   1.0 3   0.0 999.9 0
SCZ       116.3   6.4 352.9   0.1 3   0.0 999.9 0
SSB        51.5 307.8  88.9   0.1 3   0.0 768.4 0   1.0 3   0.0 768.9 0  20.0 3   0.8  60.8 0
TAM        54.4 279.8  72.4   0.1 3   0.0 999.9 0   1.0 3   0.0 999.9 0  20.0 3   6.0  66.0 0
UNM       131.6 341.0  18.0   0.1 3   0.0 999.9 0   1.0 3   0.0 999.9 0
WUS        18.0  34.4 222.0   0.1 3   0.0 999.9 0   1.0 3   0.0 999.9 0  20.0 3   0.0  35.0 0

  1990  8 14  15 13 29.2    35.380   -36.190   15.0  5.5  6.0  seed seed.dat                  081490B
AGD        74.5  86.6 303.7   0.1 3   0.0 999.9 0   5.0 3   0.0 104.1 0
CAN       175.8 274.2  92.6   0.1 3   0.0 999.9 0   1.0 3   0.0 999.9 0
CAY        33.8 209.9  24.1   0.1 3   0.0 999.9 0
CRZF      113.5 130.9 296.9   0.1 3   0.0 999.9 0   1.0 3   0.0 999.9 0   5.0 3   7.5  79.5 0
DRV       148.6 177.1 185.9   0.1 3   0.0 999.9 0   1.0 3   0.0 999.9 0
HYB        98.8  61.2 311.4   0.1 3   0.0 999.9 0   1.0 3   0.0 471.8 0  20.0 3  19.7  79.7 0
KIP       101.0 306.4  44.9   0.1 3   0.0 999.9 0   1.0 3   0.0 999.9 0  20.0 3   2.9  62.9 0
NOUC      156.3 298.7  51.6   0.1 3   0.0  72.2 0   1.0 3   0.0  52.3 0
PAF       126.0 128.9 284.1   0.1 3   0.0 999.9 0   1.0 3   0.0 999.9 0   5.0 3  15.5  75.5 0
PPT       118.9 268.5  59.1   0.1 3   0.0 166.4 0
RER       103.5 106.2 302.7   0.1 3   0.0 999.9 0   1.0 3   0.0 999.9 0  20.0 3  24.3  84.3 0
SCZ        66.5 299.2  62.4   0.1 3   0.0 999.9 0   5.0 3   0.0 102.9 0
TAM        38.3  97.6 298.7   0.1 3   0.0 999.9 0   1.0 3   0.0 999.9 0  20.0 3   0.0  39.1 0
UNM        57.3 271.6  59.8   0.1 3   0.0 999.9 0   1.0 3   0.0 999.9 0  20.0 3   0.0  59.8 0
WFM        28.2 295.6  92.9   0.1 3   0.0 999.9 0
WUS        83.3  43.2 312.1   0.1 3   0.0 999.9 0   1.0 3   0.0 999.9 0  20.0 3   0.0  44.1 0

  1990  8 14  19 45 28.1    51.500  -178.400   30.9  5.1  4.8  seed seed.dat                  081490C
AGD       107.7 317.5  25.6   0.1 3   0.0 999.9 0
CAN        91.2 206.2  19.7   0.1 3   0.0 999.9 0   1.0 3   0.0 999.9 0
CAY       107.4  57.4 328.0   0.1 3   0.0 999.9 0
CRZF      147.2 259.3  63.0   0.1 3   0.0 999.9 0   1.0 3   0.0 999.9 0
DRV       122.1 198.3  29.4   0.1 3   0.0 999.9 0   1.0 3   0.0 999.9 0
HYB        84.3 291.0  37.7   0.1 3   0.0 999.9 0   1.0 3   0.0 199.9 0
KIP        34.0 144.5 337.1   0.1 3   0.0 999.9 0   1.0 3   0.0 999.9 0  20.0 3   0.0  50.9 0
NOUC       74.7 194.7   9.9   1.0 3   0.0 999.9 2   5.0 3   0.0  42.4 2
PAF       137.8 245.2  60.3   0.1 3   0.0 999.9 0   1.0 3   0.0 999.9 0
PPT        73.4 151.2 341.6   0.1 3   0.0 999.9 0
RER       128.5 285.4  40.5   0.1 3   0.0 999.9 0   1.0 3   0.0 999.9 0
SCZ        42.4  87.5 309.2   0.1 3   0.0 999.9 0
TAM       105.8 356.2   2.5   0.1 3   0.0 999.9 0   1.0 3   0.0 999.9 0
UNM        68.4  85.7 318.7   0.1 3   0.0 999.9 0   1.0 3   0.0 999.9 0
WFM        66.8  50.1 319.5   0.1 3   0.0 999.9 0
WUS        65.6 306.1  42.0   0.1 3   0.0 999.9 0   1.0 3   0.0 999.9 0  20.0 3   8.1  68.1 0

  1990  8 15  13 23 36.3   -18.430   -69.330  136.5  5.1  0.0  seed seed.dat                  081590A
AGD       114.4  85.6 255.0   0.1 3   0.0 999.9 0   5.0 3   9.5 129.5 0
CAN       115.2 214.0 139.5   0.1 3   0.0 999.9 0   1.0 3   0.0 999.9 0
CAY        28.7  37.5 215.4   0.1 3   0.0 999.9 0   5.0 3   0.0 114.5 0
CRZF       96.4 143.5 234.6   0.1 3   0.0 999.9 0   1.0 3   0.0 999.9 0
DRV        92.3 191.2 152.3   0.1 3   0.0 999.9 0   1.0 3   0.0 999.9 0
HYB       149.5  87.2 263.5   0.1 3   0.0 999.9 0   1.0 3   0.0 999.9 0
KIP        95.4 290.6 107.4   0.1 3   0.0 999.9 0   1.0 3   0.0 999.9 0
NOUC      112.2 235.7 122.3   0.1 3   0.0 292.1 0   1.0 3   0.0 282.2 0
PAF       103.4 154.2 219.2   0.1 3   0.0 999.9 0   1.0 3   0.0 999.9 0
PPT        75.6 255.9 105.1   0.1 3   0.0 999.9 0
RER       113.3 123.8 237.6   0.1 3   0.0 999.9 0   1.0 3   0.0 999.9 0
SCZ        73.7 318.5 128.6   0.1 3   0.0 999.9 0
SSB        92.2  42.8 246.0   0.1 3   0.0 999.9 0   1.0 3   6.4 999.9 0
TAM        83.9  63.7 247.3   0.1 3   0.0 999.9 0   1.0 3   0.0 999.9 0
UNM        47.7 320.4 140.2   0.1 3   0.0 999.9 0   1.0 3   0.0 999.9 0
WFM        60.9 358.2 177.6   0.1 3   0.0 168.8 0
WUS       144.8  43.4 301.2   0.1 3   0.0 999.9 0   1.0 3   0.0 814.8 0  20.0 3  18.0  78.0 0

  1990  8 15  15 54 40.3   -40.560   176.280   32.0  5.3  5.1  seed seed.dat                  081590B
AGD       129.9 247.8 133.7   0.1 3   0.0 999.9 0
CAN        22.1 274.9 111.9   0.1 3   0.0 999.9 0   1.0 3   0.0 999.9 0
CAY       123.9 116.1 223.5   0.1 3   0.0 999.9 0
CRZF       80.1 215.3 140.5   0.1 3   0.0 999.9 0   1.0 3   0.0 999.9 0
DRV        32.9 205.6  55.9   0.1 3   0.0 999.9 0   1.0 3   0.0 999.9 0
HYB       106.9 278.4 127.8   0.1 3   0.0 999.9 0   1.0 3   0.0 999.9 0
KIP        66.3  26.3 201.2   0.1 3   0.0 999.9 0   1.0 3   0.0 999.9 0
NOUC       20.3 332.3 157.6   0.1 3   0.0 141.0 0   1.0 3   0.0 131.1 0
PAF        69.3 222.1 128.6   0.1 3   0.0 999.9 0   1.0 3   0.0 999.9 0
PPT        37.3  62.2 224.9   0.1 3   0.0 999.9 0
RER        97.3 234.0 138.7   0.1 3   0.0 999.9 0   1.0 3   0.0 999.9 0
SCZ        95.9  45.9 222.8   0.1 3   0.0 999.9 0
SSB       172.3 308.4  52.7   0.1 3   0.0 999.9 0   1.0 3   0.0 905.3 0
TAM       160.6 206.1 158.0   0.1 3   0.0 999.9 0   1.0 3   0.0 977.7 0
UNM        98.4  72.0 230.1   0.1 3   0.0 999.9 0   1.0 3   0.0 999.9 0
WFM       130.6  64.4 248.5   0.1 3   0.0  17.8 0
WUS       119.8 300.1 119.2   0.1 3   0.0 999.9 0   1.0 3   0.0 663.7 0

  1990  8 15  23  8 55.8    43.720   143.000  171.0  5.4  0.0  seed seed.dat                  081590C
AGD        89.3 285.4  45.5   0.1 3   0.0 999.9 0
CAN        79.0 175.0 355.6   0.1 3   0.0 999.9 0   1.0 3   0.0 999.9 0
CAY       129.5  19.8 345.6   0.1 3   0.0 999.9 0
CRZF      120.6 233.6  57.6   0.1 3   0.0 999.9 0   1.0 3   0.0 999.9 0
DRV       110.2 181.3   2.3   0.1 3   0.0 999.9 0   1.0 3   0.0 999.9 0
HYB        59.7 265.6  49.2   0.1 3   0.0 999.9 0   1.0 3   0.0 616.4 0
KIP        53.2  94.7 309.2   0.1 3   0.0 999.9 0   1.0 3   0.0 999.9 0
NOUC       69.1 156.8 342.1   0.1 3   0.0 999.9 0   1.0 3   0.0 999.9 0
PAF       112.5 222.7  48.7   0.1 3   0.0 999.9 0   1.0 3   0.0 900.1 0
PPT        86.7 117.9 317.8   0.1 3   0.0 999.9 0
RER       102.5 252.9  48.0   0.1 3   0.0 999.9 0   1.0 3   0.0 999.9 0
SCZ        69.3  58.7 309.7   0.1 3   0.0 999.9 0
SSB        83.8 332.0  28.8   0.1 3   0.0 999.9 0   1.0 3   0.0 471.1 0
TAM       103.0 320.3  30.1   0.1 3   0.0 999.9 0   1.0 3   0.0 543.4 0
UNM        95.2  56.8 320.0   0.1 3   0.0 999.9 0   1.0 3   0.0 999.9 0
WFM        88.5  24.6 335.8   0.1 3   0.0 999.9 0
WUS        46.0 290.1  64.5   0.1 3   0.0 999.9 0   1.0 3   0.0 229.4 0

  1990  8 16  19 12 18.5   -10.590   162.020   15.0  5.2  5.3  seed seed.dat                  081690A
AGD       120.4 277.1  95.4   0.1 3   0.0 999.9 0
CAN        27.4 203.7  28.9   0.1 3   0.0 999.9 0   1.0 3   0.0 999.9 0
CAY       145.5  96.9 258.7   0.1 3   0.0 107.5 0
CRZF       95.8 220.7 112.1   0.1 3   0.0 999.9 0   1.0 3   0.0 999.9 0   5.0 3  24.7  52.7 0
DRV        58.0 190.1  25.8   0.1 3   0.0 999.9 0   1.0 3   0.0  77.7 0   5.0 3   5.7  33.7 0
HYB        87.0 288.2 101.9   0.1 3   0.0 999.9 0   1.0 3   0.0 999.9 0
KIP        50.6  50.9 235.0   0.1 3   0.0 999.9 0   1.0 3   0.0 999.9 0
MBO       176.1 344.7  14.3   0.1 3   0.0 999.9 0   1.0 3   0.0 999.9 0
NOUC       12.2 160.8 339.6   0.1 3   0.0  53.4 0   1.0 3   0.0  28.5 0   5.0 3  39.5  48.5 0
PAF        83.2 221.1  98.4   0.1 3   0.0 999.9 0   1.0 3   0.0 999.9 0   5.0 3  16.7  64.7 0
PPT        47.4 104.1 271.6   0.1 3   0.0 999.9 0
RER       101.0 245.8 106.1   0.1 3   0.0 999.9 0   1.0 3   0.0 594.7 0
SCZ        85.7  51.8 253.7   0.1 3   0.0 999.9 0
SSB       140.4 334.8  35.9   0.1 3   0.0 999.9 0   1.0 3   0.0 999.9 0
TAM       154.5 301.1  64.9   0.1 3   0.0 999.9 0   1.0 3   0.0 999.9 0
UNM       101.7  72.4 262.9   0.1 3   0.0 999.9 0   1.0 3   0.0 999.9 0
WFM       123.7  45.6 288.5   0.1 3   0.0 999.9 0
WUS        91.6 311.4 102.4   0.1 3   0.0 999.9 0   1.0 3   0.0 999.9 0

  1990  8 17  13  7 17.6   -11.140   162.080   16.5  5.9  6.8  seed seed.dat                  081790A
AGD       120.6 276.7  96.1   0.1 3   0.0 999.9 0
CAN        26.9 204.2  29.5   0.1 3   0.0 999.9 0   1.0 3   0.0 999.9 0  20.0 3   0.0  36.3 0
CAY       145.4  97.7 257.7   0.1 3   0.0 999.9 0
CRZF       95.4 220.6 112.5   0.1 3   0.0 999.9 0   1.0 3   0.0 999.9 0   5.0 3   0.0 153.7 0
DRV        57.5 190.2  26.0   0.1 3   0.0 999.9 0   1.0 3   0.0 542.7 0   5.0 3   0.0 106.7 0
HYB        87.2 288.2 102.4   0.1 3   0.0 999.9 0   1.0 3   0.0 999.9 0  20.0 3   0.0  46.1 0
KIP        50.9  50.5 234.4   0.1 3   0.0 652.5 0   1.0 3   0.0 999.9 0  20.0 3   0.0  43.1 0
MBO       176.6 343.1  15.5   0.1 3   0.0 999.9 0   1.0 3   0.0 999.9 0   5.0 3   0.0 198.7 0
NOUC       11.7 160.2 339.0   0.1 3   0.0 228.4 0   1.0 3   0.0 228.5 0
PAF        82.8 221.2  98.8   0.1 3   0.0 921.5 0   1.0 3   0.0 161.7 0   5.0 3   0.0 173.7 0
PPT        47.2 103.7 270.9   0.1 3   0.0 999.9 0
RER       100.8 245.7 106.6   0.1 3   0.0 999.9 0   1.0 3   0.0 215.9 0  20.0 3   7.8  67.8 0
SCZ        86.0  51.7 253.2   0.1 3   0.0 999.9 0   5.0 3   0.0 223.1 0
SSB       140.9 334.6  36.2   0.1 3   0.0 652.5 0   1.0 3   0.0 466.4 0  20.0 3   0.0  57.3 0
TAM       154.8 300.1  66.0   0.1 3   0.0 999.9 0   1.0 3   0.0 999.9 0  20.0 3   0.0  51.6 0
UNM       101.8  72.5 262.4   0.1 3   0.0 999.9 0   1.0 3   0.0 999.9 0  20.0 3   2.0  62.0 0
WFM       124.0  45.9 288.0   0.1 3   0.0 999.9 0   5.0 3   0.0 110.9 0
WUS        92.0 311.4 102.8   0.1 3   0.0 999.9 0   1.0 3   0.0 999.9 0  20.0 3   0.0  45.3 0

  1990  8 17  21 46 11.4   -11.610   162.080   15.0  5.5  5.1  seed seed.dat                  081790B
AGD       120.6 276.5  96.6   0.1 3   0.0 999.9 0
CAN        26.5 204.6  29.9   0.1 3   0.0 999.9 0   1.0 3   0.0 999.9 0
CAY       145.3  98.4 256.9   0.1 3   0.0 999.9 0
CRZF       95.1 220.6 112.8   0.1 3   0.0 999.9 0   1.0 3   0.0 999.9 0
DRV        57.0 190.3  26.1   0.1 3   0.0 999.9 0   1.0 3   0.0 999.9 1   5.0 3   3.8  35.8 0
HYB        87.4 288.2 102.8   0.1 3   0.0 999.9 0   1.0 3   0.0 999.9 0
KIP        51.2  50.2 233.9   0.1 3   0.0 133.6 0   1.0 3   0.0 840.3 0
MBO       177.1 340.3  17.8   0.1 3   0.0 999.9 0   1.0 3   0.0 999.9 0
NOUC       11.2 159.4 338.2   0.1 3   0.0 999.9 0   1.0 3   0.0 999.9 0   5.0 3   0.0  49.6 0
PAF        82.5 221.2  99.2   0.1 3   0.0 402.6 0   1.0 3   0.0 402.8 0
PPT        47.1 103.2 270.3   0.1 3   0.0 999.9 0
RER       100.7 245.6 107.0   0.1 3   0.0 999.9 0   1.0 3   0.0 999.9 0
SCZ        86.3  51.7 252.9   0.1 3   0.0 999.9 0
SSB       141.3 334.3  36.5   0.1 3   0.0 133.6 0   1.0 3   0.0 999.9 0
TAM       155.0 299.2  66.9   0.1 3   0.0 999.9 0   1.0 3   0.0 999.9 0
UNM       101.9  72.6 261.9   0.1 3   0.0 999.9 0   1.0 3   0.0 999.9 0
WFM       124.4  46.1 287.6   0.1 3   0.0 999.9 0
WUS        92.3 311.4 103.2   0.1 3   0.0 999.9 0   1.0 3   0.0 999.9 0

  1990  8 18  12 54 48.4   -40.030    78.050   15.0  5.0  0.0  seed seed.dat                  081890A
AGD        60.9 319.6 149.5   0.1 3   0.0 999.9 0
CAN        54.9 109.4 242.3   0.1 3   0.0 999.9 0   1.0 3   0.0 999.9 0
CAY       123.4 245.1 135.5   0.1 3   0.0 999.9 0
CRZF       20.0 242.8  80.9   0.1 3   0.0 999.9 0   1.0 3   0.0 999.9 0   5.0 3   0.0  98.2 1
DRV        42.9 149.0 276.3   0.1 3   0.0 575.0 0   1.0 3   0.0 655.2 0   5.0 3   0.0  31.2 0
HYB        57.3   0.6 180.5   0.1 3   0.0 999.9 0   1.0 3   0.0 999.9 0  20.0 3   2.6 122.6 0
INU        92.7  44.7 221.3   0.1 3   0.0 999.9 0   1.0 3   0.0  86.2 0
KIP       129.2  94.4 235.5   0.1 3   0.0 999.9 0   1.0 3   0.0 999.9 0
MBO       102.9 277.8 128.2   0.1 3   0.0 999.9 0   1.0 3   0.0 999.9 0   5.0 3  31.2  63.2 0
NOUC       74.8 106.3 232.6   0.1 3   0.0 200.8 0   1.0 3   0.0 191.0 0
PAF        10.9 208.3  33.8   0.1 3   0.0 999.9 0   1.0 3   0.0 999.9 0   5.0 3   0.0 100.2 1
PPT       107.4 132.5 216.4   0.1 3   0.0 999.9 0
RER        26.8 308.1 139.7   0.1 3   0.0 999.9 0   1.0 3   0.0 999.9 0
SCZ       164.4  97.8 252.7   0.1 3   0.0 999.9 0
SSB       107.6 314.6 129.3   0.1 3   0.0 999.9 0   1.0 3   0.0 999.9 0
TAM        92.0 298.1 132.8   0.1 3   0.0 665.0 0   1.0 3   0.0 393.9 0
UNM       159.2 187.3 173.9   0.1 3   0.0 999.9 0   1.0 3   0.0 999.9 0
WFM       157.1 285.5  92.9   0.1 3   0.0 999.9 0
WUS        81.0   0.9 180.9   0.1 3   0.0 999.9 0   1.0 3   0.0 999.9 0  20.0 3  15.8  75.8 0

  1990  8 18  13 55  7.0   -40.260    77.790   15.0  5.6  6.1  seed seed.dat                  081890B
AGD        61.0 319.9 149.8   0.1 3   0.0 999.9 0
CAN        55.0 109.4 242.0   0.1 3   0.0 999.9 0   1.0 3   0.0 999.9 0  20.0 3   0.0  58.5 0
CAY       123.1 245.2 135.6   0.1 3   0.0 999.9 0
CRZF       19.8 243.2  81.2   0.1 3   0.0 999.9 0   1.0 3   0.0 999.9 0   5.0 3   0.0  37.9 0
DRV        42.8 148.9 275.9   0.1 3   0.0 514.7 0   1.0 3   0.0 594.9 0   5.0 3   0.0  38.9 0
HYB        57.5   0.9 180.7   0.1 3   0.0 999.9 0   1.0 3   0.0 999.9 0  20.0 3   0.0  62.3 0
INU        93.0  44.8 221.3   0.1 3   0.0 999.9 0   1.0 3   0.0 999.9 1
KIP       129.4  94.8 235.2   0.1 3   0.0 999.9 0   1.0 3   0.0 999.9 0  20.0 3  37.2  54.6 0
MBO       102.8 277.9 128.5   0.1 3   0.0 999.9 0   1.0 3   0.0 999.9 0   5.0 3   0.0 150.9 1
NOUC       74.9 106.4 232.3   0.1 3   0.0 140.5 0   1.0 3   0.0 130.7 0
PAF        10.6 208.1  33.4   0.1 3   0.0 999.9 0   1.0 3   0.0 999.9 0   5.0 3   0.0  39.9 0
PPT       107.4 132.8 216.1   0.1 3   0.0 999.9 0
RER        26.7 308.8 140.3   0.1 3   0.0 999.9 0   1.0 3   0.0 999.9 0  20.0 3   0.0  45.8 0
SCZ       164.5  98.9 251.8   0.1 3   0.0 999.9 0   5.0 3  23.3 143.3 0
SSB       107.6 314.7 129.6   0.1 3   0.0 999.9 0   1.0 3   0.0 999.9 0  20.0 3   9.5  69.5 0
TAM        92.0 298.2 133.1   0.1 3   0.0 604.7 0   1.0 3   0.0 333.6 0  20.0 3   0.0  47.8 0
UNM       158.9 187.9 173.4   0.1 3   0.0 999.9 0   1.0 3   0.0 999.9 0
WFM       156.9 285.0  93.7   0.1 3   0.0 999.9 0
WUS        81.3   1.1 181.1   0.1 3   0.0 999.9 0   1.0 3   0.0 999.9 0  20.0 3   0.0  15.5 0

  1990  8 18  18 52 36.5     7.750    93.860   15.0  5.5  5.9  seed seed.dat                  081890C
AGD        50.4 278.5  89.4   0.1 3   0.0 999.9 0
CAN        67.3 133.3 298.1   0.1 3   0.0 999.9 0   1.0 3   0.0 999.9 0  20.0 3   7.0  67.0 0
CAY       144.0 289.6  69.6   0.1 3   0.0 999.9 0
CRZF       65.7 210.6  46.8   0.1 3   0.0 999.9 0   1.0 3   0.0 999.9 0   5.0 3   0.0  44.4 0
DRV        81.4 163.1 313.6   0.1 3   0.0 217.2 0   1.0 3   0.0 297.4 0   5.0 3  13.4  61.4 0
HYB        17.8 304.2 120.9   0.1 3   0.0 999.9 0   1.0 3   0.0 999.9 0  20.0 3   0.0  34.8 0
INU        48.1  48.7 245.7   0.1 3   0.0 999.9 0   1.0 3   0.0 999.9 0  20.0 3   0.0  56.0 0
KIP       103.8  65.7 284.3   0.1 3   0.0 999.9 0   1.0 3   0.0 999.9 0  20.0 3   0.0  39.8 0
MBO       107.9 287.9  76.7   0.1 3   0.0 999.9 0   1.0 3   0.0 999.9 0   5.0 3   5.4 137.4 0
NOUC       76.9 114.7 283.9   5.0 3  31.2  50.2 1
PAF        60.6 197.5  27.2   0.1 3   0.0 999.9 0   1.0 3   0.0 999.9 0   5.0 3   0.0  54.4 0
PPT       117.6 105.6 269.5   0.1 3   0.0 999.9 0
RER        47.2 231.8  56.5   0.1 3   0.0 999.9 0   1.0 3   0.0 999.9 0  20.0 3   0.0  56.3 0
SCZ       124.8  34.4 316.0   0.1 3   0.0 999.9 0
SSB        84.1 314.8  84.9   0.1 3   0.0 999.9 0   1.0 3   0.0 999.9 0  20.0 3  16.0  76.0 0
TAM        85.5 292.3  83.4   0.1 3   0.0 307.2 0   1.0 3   0.0 999.9 1  20.0 3   0.0  48.3 0
UNM       150.1  25.3 333.5   0.1 3   0.0 999.9 0   1.0 3   0.0 999.9 0
WFM       128.0 346.3  18.5   0.1 3   0.0 999.9 0   5.0 3  33.9 153.9 0
WUS        35.8 341.0 154.6   0.1 3   0.0 999.9 0   1.0 3   0.0 999.9 0  20.0 3   0.0  38.0 0

  1990  8 19  17 44 59.5   -35.150  -107.520   22.9  5.3  5.0  seed seed.dat                  081990A
AGD       144.2 124.3 224.1   0.1 3   0.0 999.9 0
CAN        79.9 233.7 126.1   0.1 3   0.0 999.9 0   1.0 3   0.0 999.9 0
CAY        65.4  64.3 227.8   0.1 3   0.0 999.9 0
CRZF       96.5 165.9 196.8   0.1 3   0.0 999.9 0   1.0 3   0.0 999.9 0   5.0 3  24.0  56.0 0
DRV        66.2 203.6 124.3   0.1 3   0.0 999.9 0   1.0 3   0.0 999.9 0   5.0 3  13.0  41.0 0
HYB       161.5 198.2 163.9   0.1 3   0.0 999.9 0   1.0 3   0.0 784.5 0
INU       128.2 289.8 109.4   0.1 3   0.0 999.9 0   1.0 3   0.0 999.9 0
KIP        74.0 311.5 138.8   0.1 3   0.0 999.9 0   1.0 3   0.0 999.9 0
MBO        98.6  78.7 236.1   0.1 3   0.0 999.9 0   1.0 3   0.0 999.9 0   5.0 3  29.0  57.0 0
PAF        95.7 178.5 181.9   0.1 3   0.0 999.9 0   1.0 3   0.0 999.9 0
PPT        41.2 284.0 123.6   0.1 3   0.0 999.9 0   5.0 3  35.3 155.3 0
RER       121.6 161.7 196.1   0.1 3   0.0 999.9 0   1.0 3   0.0 999.9 0
SCZ        72.7 348.3 168.1   0.1 3   0.0 999.9 0
SSB       128.6  57.1 256.6   0.1 3   0.0 999.9 0   1.0 3   0.0 999.9 0
TAM       121.2  83.0 242.0   0.1 3   0.0 999.9 0   1.0 3   0.0 999.9 0  20.0 3  37.9  97.9 0
UNM        54.9   9.7 188.4   0.1 3   0.0 999.9 0   1.0 3   0.0 999.9 0
WFM        84.3  26.0 209.1   0.1 3   0.0 999.9 0
WUS       172.0 319.0  41.6   0.1 3   0.0 999.9 0   1.0 3   0.0 999.9 0

  1990  8 20   0  3 51.9    46.210   142.260  348.0  5.9  0.0  seed seed.dat                  082090A
AGD        88.2 284.9  43.2   0.1 3   0.0 999.9 0
CAN        81.6 174.4 355.3   0.1 3   0.0 999.9 0   1.0 3   0.0 999.9 0
CAY       127.3  18.3 347.3   0.1 3   0.0 999.9 0
CRZF      121.6 234.5  54.8   0.1 3   0.0 999.9 0   1.0 3   0.0 999.9 0
DRV       112.7 181.0   1.7   0.1 3   0.0 999.9 0   1.0 3   0.0 999.9 0
HYB        59.5 263.6  46.2   0.1 3   0.0 999.9 0   1.0 3   0.0 405.6 0
INU        11.5 201.9  18.4   0.1 3   0.0 999.9 0   1.0 3   0.0 999.9 0  20.0 3   0.0  36.7 0
KIP        54.0  96.0 312.2   0.1 3   0.0 999.9 0   1.0 3   0.0 999.9 0
MBO       116.7 337.5  16.0   0.1 3   0.0 999.9 0   1.0 3   0.0 999.9 0
NOUC       71.6 156.4 342.6   0.1 3   0.0 999.9 0   1.0 3   0.0 999.9 0
PAF       114.0 223.1  46.5   0.1 3   0.0 999.9 0   1.0 3   0.0 999.9 0
PPT        88.3 117.5 319.8   0.1 3   0.0 999.9 0
RER       102.7 252.9  45.4   0.1 3   0.0 999.9 0   1.0 3   0.0 963.2 0
SCZ        68.5  59.1 312.2   0.1 3   0.0 999.9 0
SSB        81.4 331.4  28.1   0.1 3   0.0 999.9 0   1.0 3   0.0 999.9 0
TAM       100.8 320.0  28.9   0.1 3   0.0 999.9 0   1.0 3   0.0 999.9 0
UNM        94.3  56.1 322.4   0.1 3   0.0 999.9 0   1.0 3   0.0 999.9 0
WFM        86.4  24.2 337.3   0.1 3   0.0 999.9 0
WUS        44.7 287.4  61.4   0.1 3   0.0 999.9 0   1.0 3   0.0 999.9 0

  1990  8 20  14 11 41.7   -11.320   162.150   15.0  5.2  5.3  seed seed.dat                  082090B
AGD       120.6 276.6  96.3   0.1 3   0.0 999.9 0
CAN        26.8 204.4  29.8   0.1 3   0.0 588.3 0   1.0 3   0.0 999.9 0  20.0 3   0.0  43.9 0
CAY       145.3  97.9 257.4   0.1 3   0.0 999.9 0
CRZF       95.4 220.6 112.7   0.1 3   0.0 999.9 0   1.0 3   0.0 999.9 0   5.0 3  25.3  53.3 0
DRV        57.3 190.3  26.1   0.1 3   0.0 999.9 0   1.0 3   0.0 999.9 0   5.0 3   6.3  34.3 0
HYB        87.4 288.2 102.5   0.1 3   0.0 999.9 0   1.0 3   0.0   5.5 0
INU        52.3 333.9 148.1   0.1 3   0.0 999.9 0   1.0 3   0.0 999.9 0
KIP        50.9  50.3 234.1   0.1 3   0.0 588.1 0   1.0 3   0.0 999.9 0  20.0 3   0.0  58.7 0
MBO       176.8 343.4  15.2   0.1 3   0.0 999.9 0   1.0 3   0.0 999.9 0   5.0 3  30.3  58.3 0
NOUC       11.5 160.2 339.0   0.1 3   0.0 193.9 0   1.0 3   0.0 179.1 0
PAF        82.7 221.2  99.0   0.1 3   0.0 999.9 0   1.0 3   0.0 999.9 0   5.0 3  19.3  47.3 0
PPT        47.1 103.5 270.7   0.1 3   0.0 999.9 0
RER       100.8 245.7 106.8   0.1 3   0.0 999.9 0   1.0 3   0.0 115.4 0
SCZ        86.1  51.7 253.1   0.1 3   0.0 588.2 0
SSB       141.1 334.5  36.2   0.1 3   0.0 999.9 0   1.0 3   0.0 999.9 0  20.0 3   0.0 102.9 1
TAM       154.9 299.8  66.2   0.1 3   0.0 999.9 0   1.0 3   0.0 999.9 0
UNM       101.8  72.6 262.2   0.1 3   0.0 999.9 0   1.0 3   0.0 195.3 0
WFM       124.1  46.0 287.8   0.1 3   0.0 997.3 0
WUS        92.2 311.4 102.9   0.1 3   0.0 999.9 0   1.0 3   0.0 999.9 0

  1990  8 21   0 57 28.8   -33.220  -177.450   15.0  5.6  5.5  seed seed.dat                  082190A
AGD       137.3 248.7 126.8   0.1 3   0.0 999.9 0
CAN        27.7 256.2  95.4   0.1 3   0.0 999.9 0   1.0 3   0.0 941.9 0  20.0 3   0.0  42.1 0
CAY       121.8 106.8 233.8   0.1 3   0.0 999.9 0
CRZF       88.9 211.5 140.6   0.1 3   0.0 539.4 0   1.0 3   0.0 619.5 0
DRV        41.7 203.8  58.4   0.1 3   0.0 999.9 0   1.0 3   0.0 999.9 0   5.0 3   0.0  28.5 0
HYB       110.9 277.3 119.4   0.1 3   0.0 999.9 0   1.0 3   0.0 267.3 0  20.0 3  35.6  95.6 0
INU        80.6 323.6 142.6   0.1 3   0.0 999.9 0   1.0 3   0.0 999.9 0
KIP        57.6  21.6 199.4   0.1 3   0.0 999.9 0   1.0 3   0.0 999.9 0
MBO       154.2 132.5 220.3   0.1 3   0.0 999.9 0   1.0 3   0.0 824.5 0   5.0 3  24.5 136.5 0
NOUC       18.1 303.5 131.1   0.1 3   0.0 648.1 0   1.0 3   0.0 623.3 0
PAF        78.1 218.1 127.7   0.1 3   0.0 999.9 0   1.0 3   0.0 999.9 0   5.0 3  17.5  57.5 0
PPT        29.5  65.0 232.7   0.1 3   0.0 999.9 0
RER       105.7 230.8 135.9   0.1 3   0.0 999.9 0   1.0 3   0.0 999.9 0
SCZ        87.1  42.1 224.3   0.1 3   0.0 999.9 0
SSB       167.9 353.1   7.7   0.1 3   0.0 999.9 0   1.0 3   0.0 999.9 0
TAM       169.3 194.5 166.1   0.1 3   0.0 999.9 0   1.0 3   0.0 999.9 0  20.0 3   0.0  51.5 0
UNM        91.1  67.8 235.3   0.1 3   0.0 999.9 0   1.0 3   0.0 999.9 0
WFM       122.6  57.6 253.3   0.1 3   0.0 351.5 0
WUS       120.3 301.5 108.9   0.1 3   0.0 999.9 0   1.0 3   0.0 999.9 0

  1990  8 21  14 13  4.2   -28.000  -104.120   15.0  6.1  5.5  seed seed.dat                  082190B
AGD       145.0 111.7 237.4   0.1 3   0.0 999.9 0
CAN        86.5 231.5 122.2   0.1 3   0.0 999.9 0   1.0 3   0.0 146.3 0
CAY        59.7  65.2 233.6   0.1 3   0.0 999.9 0
CRZF      102.6 163.3 201.6   0.1 3   0.0 999.9 0   1.0 3   0.0 999.9 0   5.0 3  26.9  58.9 0
DRV        73.9 201.8 124.2   0.1 3   0.0 999.9 0   1.0 3   0.0 999.9 0
HYB       169.2 193.3 167.0   0.1 3   0.0 999.9 0   1.0 3   0.0 999.9 0
INU       128.2 294.1  99.6   0.1 3   0.0 999.9 0   1.0 3   0.0 999.9 0
KIP        71.7 307.4 131.1   0.1 3   0.0 999.9 0   1.0 3   0.0 213.4 0  20.0 3   0.0  55.3 0
MBO        94.2  76.2 242.4   0.1 3   0.0 999.9 0   1.0 3   0.0  28.9 0   5.0 3   4.9  60.9 0
NOUC       79.5 250.4 116.1   0.1 3   0.0 302.5 0   1.0 3   0.0 257.7 0
PAF       102.7 176.2 185.1   0.1 3   0.0 999.9 0   1.0 3   0.0 999.9 0   5.0 3  25.9  57.9 0
PPT        42.9 273.9 112.4   0.1 3   0.0 999.9 0   5.0 3   0.0  99.2 0
RER       127.3 156.3 202.4   0.1 3   0.0 999.9 0   1.0 3   0.0 999.9 0
SCZ        66.4 344.8 163.3   0.1 3   0.0 999.9 0
SSB       122.1  52.3 261.6   0.1 3   0.0 999.9 0   1.0 3   0.0 999.9 0
TAM       117.1  77.6 249.4   0.1 3   0.0 999.9 0   1.0 3   0.0 999.9 0
UNM        47.4   6.4 186.0   0.1 3   0.0 999.9 0   1.0 3   0.0 999.9 0
WFM        76.6  24.2 209.4   0.1 3   0.0  20.3 0
WUS       166.5 348.8  12.4   0.1 3   0.0 999.9 0   1.0 3   0.0 999.9 0  20.0 3   0.0  51.5 0

  1990  8 21  16  1  0.1    22.420   121.770   15.0  5.3  5.3  seed seed.dat                  082190C
AGD        75.6 276.8  69.6   0.1 3   0.0 999.9 0
CAN        63.1 155.1 331.6   0.1 3   0.0 999.9 0   1.0 3   0.0 999.9 1
CAY       152.1 347.4  11.8   0.1 3   0.0 999.9 0
CRZF       93.2 220.7  60.7   0.1 3   0.0 999.9 0   1.0 3   0.0 999.9 0
DRV        90.0 172.8 343.1   0.1 3   0.0 999.9 0   1.0 3   0.0 999.9 0
HYB        40.8 271.1  75.7   0.1 3   0.0 999.9 0   1.0 3   0.0 945.0 0
INU        18.5  42.6 230.0   0.1 3   0.0 999.9 0   1.0 3   0.0 999.9 0
KIP        73.4  73.2 288.1   0.1 3   0.0 999.9 0   1.0 3   0.0 105.5 0
MBO       125.4 308.5  48.4   0.1 3   0.0 999.9 0   1.0 3   0.0 999.9 0
NOUC       62.1 132.5 312.6   0.1 3   0.0 194.6 0   1.0 3   0.0 149.8 0
PAF        85.0 211.0  46.8   0.1 3   0.0 999.9 0   1.0 3   0.0 999.9 0   5.0 3  22.0  54.0 0
PPT        95.4 106.6 291.6   0.1 3   0.0 999.9 0
RER        77.7 240.9  60.1   0.1 3   0.0 999.9 0   1.0 3   0.0 999.9 0
SCZ        96.3  46.2 304.0   0.1 3   0.0 999.9 0
SSB        91.6 321.2  55.2   0.1 3   0.0 999.9 0   1.0 3   0.0 999.9 0
TAM       103.3 301.8  58.4   0.1 3   0.0 999.9 0   1.0 3   0.0 999.9 0
UNM       122.3  46.9 314.3   0.1 3   0.0 999.9 0   1.0 3   0.0 999.9 0
WFM       114.0  10.7 346.6   0.1 3   0.0  57.4 0
WUS        40.2 307.9 104.4   0.1 3   0.0 999.9 0   1.0 3   0.0 999.9 0  20.0 3   0.0  53.6 0

  1990  8 21  17 45 20.2   -34.560  -178.690   16.6  5.0  5.0  seed seed.dat                  082190D
AGD       135.9 248.5 128.1   0.1 3   0.0 999.9 0
CAN        26.4 259.0  97.8   0.1 3   0.0 999.9 0   1.0 3   0.0 999.9 0  20.0 3   0.0  46.3 0
CAY       122.4 108.5 232.0   0.1 3   0.0 999.9 0
CRZF       87.3 212.2 140.5   0.1 3   0.0 999.9 0   1.0 3   0.0 999.9 0
DRV        40.1 204.1  57.8   0.1 3   0.0 999.9 0   1.0 3   0.0 999.9 0
HYB       110.0 277.5 120.9   0.1 3   0.0 999.9 0   1.0 3   0.0 840.6 0
INU        81.1 324.6 144.2   0.1 3   0.0 999.9 0   1.0 3   0.0 999.9 0
KIP        59.2  22.6 199.9   0.1 3   0.0 999.9 0   1.0 3   0.0 999.9 1
MBO       154.0 136.7 216.4   0.1 3   0.0 999.9 0   1.0 3   0.0 999.9 0
NOUC       18.1 309.4 136.6   0.1 3   0.0  90.3 0   1.0 3   0.0  45.4 0
PAF        76.4 218.8 127.8   0.1 3   0.0 999.9 0   1.0 3   0.0 999.9 0
PPT        31.0  64.4 231.2   0.1 3   0.0 999.9 0
RER       104.1 231.4 136.3   0.1 3   0.0 999.9 0   1.0 3   0.0 999.9 0  20.0 3   4.1  64.1 0
SCZ        88.8  42.8 224.1   0.1 3   0.0 999.9 0
SSB       169.0 347.5  13.7   0.1 3   0.0 999.9 0   1.0 3   0.0 999.9 0
TAM       167.7 198.1 163.1   0.1 3   0.0 999.9 0   1.0 3   0.0 999.9 0
UNM        92.6  68.5 234.4   0.1 3   0.0 999.9 0   1.0 3   0.0 999.9 0
WFM       124.2  58.7 252.6   0.1 3  14.7 999.9 0
WUS       120.1 301.2 110.9   0.1 3   0.0 999.9 0   1.0 3   0.0 999.9 0

  1990  8 22   0 39 29.5   -21.830   174.610   15.0  4.9  5.2  seed seed.dat                  082290A
AGD       132.9 265.2 108.9   0.1 3   0.0 999.9 0
CAN        26.1 233.4  65.9   0.1 3   0.0 999.9 0   1.0 3   0.0 999.9 0
CAY       131.6 103.6 245.2   0.1 3   0.0 999.9 0   5.0 3  24.7 144.7 0
CRZF       94.5 215.6 128.5   0.1 3   0.0 999.9 0   1.0 3   0.0 999.9 0
DRV        49.9 197.2  43.6   0.1 3   0.0 999.9 0   1.0 3   0.0 999.9 0
HYB       101.8 284.0 109.2   0.1 3   0.0 999.9 0   1.0 3   0.0 426.5 0
INU        67.2 327.2 142.0   0.1 3   0.0 999.9 0   1.0 3   0.0 999.9 0
KIP        50.7  33.7 213.6   0.1 3   0.0 999.9 0   1.0 3   0.0 999.9 0
MBO       166.7 123.0 235.0   0.1 3   0.0 999.9 0   1.0 3   0.0 999.9 0
NOUC        7.7 266.4  89.6   0.1 3   0.0 999.9 0   1.0 3   0.0 999.9 0
PAF        82.5 219.6 115.0   0.1 3   0.0 999.9 0   1.0 3   0.0 999.9 0   5.0 3  15.5  47.5 0
PPT        33.9  89.3 256.9   0.1 3   0.0 999.9 0
RER       106.5 238.4 122.0   0.1 3   0.0 999.9 0   1.0 3   0.0 999.9 0  20.0 3   0.0  28.0 0
SCZ        83.9  46.8 237.3   0.1 3   0.0 999.9 0
SSB       155.2 342.9  22.2   0.1 3   0.0 999.9 0   1.0 3   0.0 999.9 0
TAM       169.9 276.0  85.1   0.1 3   0.0 999.9 0   1.0 3   0.0 999.9 0
UNM        93.7  70.9 248.4   0.1 3   0.0 999.9 0   1.0 3   0.0 999.9 0
WFM       121.9  52.8 269.1   0.1 3   0.0 999.9 0
WUS       108.0 307.7 103.2   0.1 3   0.0 999.9 0   1.0 3   0.0 999.9 0

  1990  8 22  12 36 51.7   -15.730  -173.270   15.0  5.2  0.0  seed seed.dat                  082290B
AGD       144.7 267.5 100.7   0.1 3   0.0 683.2 0
CAN        38.9 232.8  69.8   0.1 3   0.0 683.3 0   1.0 3   0.0 683.3 0
CAY       121.1  93.9 254.8   0.1 3   0.0 683.1 0   5.0 3   0.0  13.3 0
CRZF      105.9 210.6 134.9   0.1 3   0.0 683.1 0   1.0 3   0.0 683.1 0
DRV        59.3 199.7  54.7   0.1 3   0.0 683.1 0   1.0 3   0.0 683.1 0
HYB       111.5 282.7 100.2   0.1 3   0.0 683.1 0   1.0 3   0.0 683.1 0
INU        69.4 318.1 128.1   0.1 3   0.0 683.1 0   1.0 3   0.0 683.1 0
KIP        39.9  22.5 203.3   0.1 3   0.0 683.1 0   1.0 3   0.0 456.6 0
MBO       157.1  90.7 264.1   0.1 3   0.0 683.1 0   1.0 3   0.0 683.1 0
NOUC       20.3 248.7  75.4   0.1 3   0.0 683.1 0   1.0 3   0.0 438.9 0
PAF        94.3 215.9 120.4   0.1 3   0.0 683.1 0   1.0 3   0.0 683.1 0
PPT        22.8  98.0 271.1   0.1 3   0.0 683.1 0
RER       119.5 233.9 123.5   0.1 3   0.0 683.2 0   1.0 3   0.0 683.2 0
SCZ        71.5  41.9 233.2   0.1 3   0.0 683.2 0
SSB       150.4   3.2 355.8   0.1 3   0.0 683.1 0   1.0 3   0.0 683.1 0
TAM       172.9   9.3 351.0   0.1 3   0.0 683.1 0   1.0 3   0.0 683.1 0
UNM        80.8  67.0 249.9   0.1 3   0.0 683.1 0   1.0 3   0.0 683.1 0
WFM       109.1  50.0 266.2   0.1 3   0.0 683.1 0
WUS       113.3 308.3  90.5   0.1 3   0.0 683.1 0   1.0 3   0.0 683.1 0

  1990  8 22  17 18 48.1     3.780   124.790  325.3  5.1  0.0  seed seed.dat                  082290C
AGD        81.4 281.1  87.8   0.1 3   0.0 401.2 0
CAN        45.1 151.7 324.6   0.1 3   0.0 401.4 0   1.0 3   0.0 401.4 0
CAY       170.8 341.6  18.4   0.1 3   0.0 401.2 0
CRZF       81.1 222.0  75.1   0.1 3   0.0 401.2 0   1.0 3   0.0 401.2 0
DRV        71.2 173.7 343.9   0.1 3   0.0 401.2 0   1.0 3   0.0 401.2 0
HYB        47.3 290.2 101.2   0.1 3   0.0 401.2 0   1.0 3   0.0 401.2 0
INU        33.5  18.3 202.6   0.1 3   0.0 401.2 0   1.0 3   0.0 401.2 0
KIP        76.7  69.0 269.0   0.1 3   0.0 401.1 0   1.0 3   0.0 174.7 0
MBO       138.0 296.3  67.2   0.1 3   0.0 401.2 0   1.0 3   0.0 401.2 0
NOUC       48.1 124.3 297.2   0.1 3   0.0 401.2 0   1.0 3   0.0 157.0 0
PAF        70.9 214.4  59.5   0.1 3   0.0 401.2 0   1.0 3   0.0 401.2 0
PPT        87.0 107.7 274.8   0.1 3   0.0 401.2 0
RER        72.0 246.5  78.6   0.1 3   0.0 401.2 0   1.0 3   0.0 401.2 0
SCZ       106.5  50.2 288.0   0.1 3   0.0 401.2 0
SSB       107.9 320.1  64.7   0.1 3   0.0 401.2 0   1.0 3   0.0 401.2 0
TAM       115.1 297.2  73.9   0.1 3   0.0 401.2 0   1.0 3   0.0 401.2 0
UNM       131.0  60.3 293.5   0.1 3   0.0 401.2 0   1.0 3   0.0 401.2 0
WFM       131.4  16.0 338.2   0.1 3   0.0 401.2 0
WUS        55.3 319.0 119.8   0.1 3   0.0 401.2 0   1.0 3   0.0 401.2 0

  1990  8 22  23 47  3.7    35.430   139.950   15.0  5.1  4.9  seed seed.dat                  082290D
AGD        89.1 283.6  54.1   0.1 3   0.0  13.0 0
CAN        71.1 172.2 352.2   0.1 3   0.0  13.1 0   1.0 3   0.0  13.1 0
CAY       138.1  18.4 344.9   0.1 3   0.0  12.9 0
CRZF      113.6 229.1  63.1   0.1 3   0.0  12.9 0   1.0 3   0.0  12.9 0
DRV       101.9 180.0 359.9   0.1 3   0.0  12.9 0   1.0 3   0.0  12.9 0
HYB        57.0 268.7  58.7   0.1 3   0.0  12.9 0   1.0 3   0.0  12.9 0
INU         2.4 268.9  87.2   0.1 3   0.0  12.9 0   1.0 3   0.0  12.9 0  20.0 3   0.0  12.9 0
KIP        55.5  86.8 299.0   0.1 3   0.0  12.9 0   1.0 3   0.0  12.9 0
MBO       125.7 332.2  23.2   0.1 3   0.0  12.9 0   1.0 3   0.0  12.9 0   5.0 3   0.0  12.9 0
NOUC       62.6 152.3 335.8   0.1 3   0.0  12.9 0   1.0 3   0.0  12.9 0
PAF       104.7 219.5  52.5   0.1 3   0.0  12.9 0   1.0 3   0.0  12.9 0
PPT        85.1 115.4 309.3   0.1 3   0.0  12.9 0
RER        97.5 249.7  55.2   0.1 3   0.0  13.0 0   1.0 3   0.0  13.0 0
SCZ        75.8  55.0 303.8   0.1 3   0.0  13.0 0
SSB        90.0 330.4  34.9   0.1 3   0.0  12.9 0   1.0 3   0.0  12.9 0
TAM       107.7 316.4  37.7   0.1 3   0.0  12.9 0   1.0 3   0.0  12.9 0
UNM       101.8  55.7 314.4   0.1 3   0.0  12.9 0   1.0 3   0.0  12.9 0  20.0 3   0.0   4.2 0
WFM        97.0  22.8 334.7   0.1 3   0.0  12.9 0
WUS        47.1 296.2  76.2   0.1 3   0.0  12.9 0   1.0 3   0.0  12.9 0
