  1990  3  6  13 30 59.1   -11.520   117.620   33.0  5.6  5.1  seed seed.dat                  030690A
AGD        77.7 284.5 104.5   0.1 3   0.0 999.9 0
BNG        99.8 272.5 100.8   0.1 3   0.0 111.5 0   1.0 3   0.0 171.6 0
CAY       168.1 236.9 123.6   0.1 3   0.0 999.9 0
CRZF       65.1 224.0  80.4   1.0 3   0.0 999.9 0
DRV        57.1 169.6 333.6   0.1 3   0.0 999.9 0   1.0 3   0.0 999.9 0
HYB        48.2 306.1 123.9   0.1 3   0.0 999.9 0   1.0 3   0.0 999.9 0
INU        50.2  20.7 205.2   1.0 3   0.0 999.9 0
KIP        89.0  68.1 257.4   0.1 3   0.0 999.9 0   1.0 3   0.0 999.9 0
MBO       135.7 278.6  91.6   0.1 3   0.0 999.9 0   1.0 3   0.0 999.9 0
NOU        47.6 109.4 274.4   5.0 3   6.0 146.0 0
PAF        54.3 216.3  62.8   0.1 3   0.0 999.9 0   1.0 3   0.0 999.9 0   5.0 3   5.0  33.0 0
PPT        89.2 107.7 258.1   0.1 3   0.0 999.9 0
RER        59.8 252.2  91.4   0.1 3   0.0 999.9 0
SCZ       121.6  54.2 279.8   0.1 3   0.0 999.9 0
SSB       114.3 314.5  81.4   0.1 3   0.0 999.9 0   1.0 3   0.0 526.4 0   5.0 3   0.0 628.2 0
TAM       114.6 289.7  92.4   0.1 3   0.0 511.5 0
WFM       148.0  12.8 343.2   0.1 3   0.0 999.9 0
WUS        63.4 328.3 137.0   0.1 3   0.0 999.9 0   1.0 3   0.0 999.9 0

  1990  3  6  18  7  6.1    37.180    72.840   33.0  5.0  4.8  seed seed.dat                  030690B
AGD        37.2 234.4  41.4   0.1 3   0.0 999.9 0
CAY       113.9 297.2  45.6   0.1 3   0.0 999.9 0
CRZF       85.5 194.4  16.7   1.0 3   0.0 999.9 0
DRV       115.5 155.9 305.3   0.1 3   0.0 999.9 0   1.0 3   0.0 999.9 0
HYB        20.4 164.1 346.8   0.1 3   0.0 999.9 0   1.0 3   0.0 999.9 0  20.0 3   0.0  39.5 0
INU        50.8  71.4 292.2   1.0 3   0.0 999.9 0
KIP       104.4  48.1 320.3   0.1 3   0.0 999.9 0   1.0 3   0.0 999.9 0
MBO        81.2 281.5  53.8   0.1 3   0.0 999.9 0   1.0 3   0.0 999.9 0   5.0 3   0.0  30.9 0
NOU       105.7 105.7 304.0   5.0 3   0.0 169.9 0
PAF        86.4 181.7   2.1   0.1 3   0.0 999.9 0   1.0 3   0.0 999.9 0
PPT       138.0  73.6 306.2   0.1 3   0.0 999.9 0
RER        60.4 198.5  15.7   0.1 3   0.0 999.9 0
SCZ       105.2  11.8 348.3   0.1 3   0.0 999.9 0
SSB        50.5 302.0  73.7   0.1 3   0.0 999.9 0   1.0 3   0.0 250.2 0   5.0 3   0.0 352.1 0
TAM        58.9 276.4  59.3   0.1 3   0.0 235.4 0
WFM        94.0 334.5  27.7   0.1 3   0.0 999.9 0
WUS         6.4  49.0 233.1   0.1 3   0.0 999.9 0   1.0 3   0.0 999.9 0  20.0 3   0.0  33.0 0

  1990  3  6  21 39 51.3    37.200    73.080   17.4  5.2  4.8  seed seed.dat                  030690C
AGD        37.3 234.6  41.6   0.1 3   0.0 999.9 0
CAY       114.1 297.4  45.5   0.1 3   0.0 999.9 0
CRZF       85.6 194.6  16.9   1.0 3   0.0 999.9 0
DRV       115.4 156.0 305.5   0.1 3   0.0 999.9 0   1.0 3   0.0 999.9 0
HYB        20.3 164.8 347.3   0.1 3   0.0 999.9 0   1.0 3   0.0 999.9 0  20.0 3   0.0  40.7 0
INU        50.6  71.6 292.1   1.0 3   0.0 999.9 0
KIP       104.3  48.3 320.2   0.1 3   0.0 999.9 0   1.0 3   0.0 999.9 0
MBO        81.4 281.7  53.8   0.1 3   0.0 999.9 0   1.0 3   0.0 999.9 0   5.0 3   6.1  42.1 0
PAF        86.4 181.9   2.3   0.1 3   0.0 999.9 0   1.0 3   0.0 999.9 0
PPT       137.8  73.7 306.1   0.1 3   0.0 999.9 0
RER        60.5 198.7  15.9   0.1 3   0.0 999.9 0
SCZ       105.2  12.0 348.1   0.1 3   0.0 999.9 0
SSB        50.7 302.0  73.6   0.1 3   0.0 999.9 0   1.0 3   0.0 999.9 1   5.0 3   0.0 139.3 0
TAM        59.1 276.5  59.2   0.1 3   0.0  22.7 0
WFM        94.1 334.7  27.6   0.1 3   0.0 999.9 0
WUS         6.2  48.2 232.0   0.1 3   0.0 999.9 0   1.0 3   0.0 999.9 0  20.0 3   0.0  34.2 0

  1990  3  7   2 16 17.6     4.010   127.560   15.7  5.5  0.0  seed seed.dat                  030790A
AGD        84.1 281.1  87.1   0.1 3   0.0 999.9 0
CAY       171.1 359.2   0.8   0.1 3   0.0 999.9 0
CRZF       83.1 222.5  77.0   1.0 3   0.0 999.9 0
DRV        71.2 174.8 346.8   0.1 3   0.0 999.9 0   1.0 3   0.0 999.9 0
HYB        49.8 289.4  99.6   0.1 3   0.0 999.9 0   1.0 3   0.0 999.9 0
INU        32.5  14.5 197.9   1.0 3   0.0 999.9 0
KIP        74.0  69.0 268.2   0.1 3   0.0 999.9 0   1.0 3   0.0 999.9 0
MBO       140.3 298.2  64.9   0.1 3   0.0 999.9 0   1.0 3   0.0 999.9 0   5.0 3   5.7  37.7 0
PAF        72.6 215.3  61.8   0.1 3   0.0 999.9 0   1.0 3   0.0 999.9 0
PPT        84.4 108.0 275.9   0.1 3   0.0 999.9 0
RER        74.6 246.9  79.5   0.1 3   0.0 999.9 0
SCZ       104.3  50.8 286.3   0.1 3   0.0 999.9 0
SSB       109.5 321.1  62.3   0.1 3   0.0 999.9 0   1.0 3   0.0 999.9 0   5.0 3   0.0 999.9 0
TAM       117.5 298.2  72.2   0.1 3   0.0 673.7 0
WFM       130.4  18.5 334.8   0.1 3   0.0 999.9 0
WUS        56.9 317.7 117.1   0.1 3   0.0 999.9 0   1.0 3   0.0 999.9 0

  1990  3  7  18 22  3.4   -17.030    66.410   15.0  5.2  5.3  seed seed.dat                  030790B
AGD        36.8 319.0 140.2   0.1 3   0.0 999.9 0
BNG        51.9 289.9 115.6   0.1 3   0.0 999.9 0   1.0 3   0.0 999.9 0   5.0 3   0.0  34.9 0
CAY       118.9 266.1 106.6   0.1 3   0.0 999.9 0
CRZF       31.7 199.3  27.2   1.0 3   0.0 749.9 0
DRV        68.0 155.7 278.1   0.1 3   0.0 999.9 0   1.0 3   0.0 999.9 0
HYB        36.4  19.9 199.9   0.1 3   0.0 999.9 0   1.0 3   0.0 999.9 0  20.0 3   0.0  48.5 0
INU        84.8  50.8 245.2   1.0 3   0.0 999.9 0
KIP       137.9  77.0 268.4   0.1 3   0.0 305.7 0   1.0 3   0.0 250.4 0
MBO        88.0 285.5 107.9   0.1 3   0.0 999.9 0   1.0 3   0.0 999.9 0   5.0 3   3.9  55.9 0
PAF        32.4 175.4 353.2   0.1 3   0.0 999.9 0   1.0 3   0.0 999.9 0   5.0 3   0.0  21.9 0
PPT       130.6 132.6 227.6   0.1 3   0.0 999.9 0
RER        10.9 246.2  69.7   0.1 3   0.0 999.9 0
SCZ       159.3  18.2 338.8   0.1 3   0.0 999.9 0
SSB        83.6 321.1 121.7   0.1 3   0.0 999.9 0   1.0 3   0.0 999.9 0   5.0 3   0.0 999.9 0  20.0 3   9.2  69.2 0
WFM       136.1 314.3  67.2   0.1 3   0.0 999.9 0
WUS        59.3  11.3 194.3   0.1 3   0.0 999.9 0   1.0 3   0.0 999.9 0  20.0 3   0.0  60.0 0

  1990  3  8   7  8 46.4    11.460   140.850   43.4  5.4  0.0  seed seed.dat                  030890A
AGD        95.4 282.9  77.1   0.1 3   0.0 999.9 0
BNG       120.5 282.2  74.0   0.1 3   0.0 280.1 0   1.0 3   0.0 300.2 0
CAY       159.0  39.2 321.4   0.1 3   0.0 999.9 0
CRZF       97.5 224.3  81.6   1.0 3   3.2 999.9 0
DRV        78.0 180.3   0.8   0.1 3   0.0 999.9 0   1.0 3   0.0 999.9 0
HYB        60.4 283.6  86.5   0.1 3   0.0 999.9 0   1.0 3   0.0 999.9 0
INU        24.1 352.3 170.8   1.0 3   0.0 999.9 0
KIP        59.1  71.8 270.9   0.1 3   0.0 999.9 0   1.0 3   0.0 105.9 0
MBO       146.1 319.0  41.5   0.1 3   0.0 999.9 0   1.0 3   0.0 999.9 0
PAF        86.4 218.2  68.1   0.1 3   0.0 999.9 0   1.0 3   0.0 999.9 0
PPT        74.5 111.9 287.5   0.1 3   0.0 999.9 0
RER        89.6 248.5  77.8   0.1 3   0.0 999.9 0
SCZ        89.3  52.8 283.9   0.1 3   0.0 999.9 0
SSB       111.0 328.5  46.4   0.1 3   0.0 999.9 0   1.0 3   0.0 999.9 0   5.0 3   0.0 999.9 0
WFM       118.5  26.7 323.5   0.1 3   0.0 999.9 0
WUS        61.2 310.8 100.2   0.1 3   0.0 999.9 0   1.0 3   0.0 999.9 0

  1990  3  8   9 47 44.3    58.300  -153.170   59.7  6.0  0.0  seed seed.dat                  030890B
AGD       109.1 343.5   8.8   0.1 3   0.0 999.9 0
BNG       117.0   9.2 355.1   0.1 3   0.0 121.1 0   1.0 3   0.0 141.2 0
CAY        91.5  78.0 328.8   0.1 3   0.0 999.9 0
CRZF      160.8 298.2  43.5   1.0 3   0.0 999.9 0
DRV       134.2 210.9  42.8   0.1 3   0.0 999.9 0   1.0 3   0.0 999.9 0
HYB        93.3 311.5  24.5   0.1 3   0.0 999.9 0   1.0 3   0.0 999.9 0
INU        50.3 274.9  40.0   1.0 3   0.0 999.9 0  20.0 3   0.0  25.8 0
KIP        37.0 187.5   4.2   0.1 3   0.0 999.9 0   1.0 3   0.0 999.9 0
MBO        99.1  42.6 338.3   0.1 3   0.0 999.9 0   1.0 3   0.0 999.9 0   5.0 3  30.3  58.3 0
PAF       153.4 271.3  54.5   0.1 3   0.0 999.9 0   1.0 3   0.0 999.9 0
PPT        75.8 176.5 358.0   0.1 3   0.0 999.9 0
RER       137.4 318.5  22.3   0.1 3   0.0 999.9 0
SCZ        30.0 122.2 326.3   0.1 3   0.0 999.9 0
SSB        75.0  16.0 348.1   0.1 3   0.0 999.9 0   1.0 3   0.0 999.9 0   5.0 3   0.0 999.9 0
WFM        50.9  70.0 317.8   0.1 3   0.0 999.9 0
WUS        71.5 321.1  26.1   0.1 3   0.0 999.9 0   1.0 3   0.0 999.9 0

  1990  3  8  18 57  1.7    25.110    96.610   56.5  4.9  5.2  seed seed.dat                  030890C
AGD        52.5 265.4  67.2   0.1 3   0.0 999.9 0
CAY       137.5 310.7  43.8   0.1 3   0.0 999.9 0
CRZF       82.1 209.5  40.2   1.0 3   0.0 999.9 0
DRV        97.3 163.9 321.0   0.1 3   0.0 999.9 0   1.0 3   0.0 999.9 0
HYB        18.5 249.1  62.5   0.1 3   0.0 999.9 0   1.0 3   0.0 999.9 0  20.0 3   0.0  39.6 0
INU        36.1  63.9 264.9   1.0 3   0.0 999.9 0
KIP        94.0  64.1 298.9   0.1 3   0.0 999.9 0   1.0 3   0.0 999.9 0
MBO       104.2 293.7  58.9   0.1 3   0.0 999.9 0   1.0 3   0.0 999.9 0
PAF        77.9 197.3  24.4   0.1 3   0.0 618.8 0   1.0 3   0.0 599.0 0
PPT       118.4  96.9 289.3   0.1 3   0.0 999.9 0
RER        60.9 224.5  42.9   0.1 3   0.0 999.9 0
SCZ       108.8  31.5 324.0   0.1 3   0.0 999.9 0
SSB        73.9 312.9  70.3   0.1 3   0.0 999.9 0   1.0 3   0.0 999.9 0   5.0 3   0.0 999.9 0  20.0 3  18.2  78.2 0
WFM       111.6 350.6  11.6   0.1 3   0.0 999.9 0
WUS        21.6 322.2 132.6   0.1 3   0.0 999.9 0   1.0 3   0.0 999.9 0  20.0 3   0.0  45.1 0

  1990  3  9  12 34  0.7    60.540  -152.340  110.2  5.2  0.0  seed seed.dat                  030990A
AGD       107.0 344.5   7.8   0.1 3   0.0 999.9 0
CAY        90.6  78.7 330.9   0.1 3   0.0 999.9 0
CRZF      160.0 304.8  37.0   1.0 3   0.0 999.9 0
DRV       136.4 212.4  41.6   0.1 3   0.0 999.9 0   1.0 3   0.0 999.9 0
HYB        92.1 312.3  22.5   0.1 3   0.0 999.9 0   1.0 3   0.0 893.9 0
INU        50.5 273.7  37.1   1.0 3   0.0 999.9 0
KIP        39.3 188.4   4.4   0.1 3   0.0 999.9 0   1.0 3   0.0 999.9 0
MBO        97.2  43.2 339.5   0.1 3   0.0 999.9 0   1.0 3   0.0 384.0 0   5.0 3   0.0  20.0 0
PPT        78.0 177.3 358.6   0.1 3   0.0 999.9 0
RER       136.0 321.0  19.7   0.1 3   0.0 999.9 0
SCZ        31.0 126.5 330.5   0.1 3   0.0 999.9 0
SSB        72.7  16.8 348.3   0.1 3   0.0 999.9 0   1.0 3   0.0 999.9 0   5.0 3   0.0 999.9 0
WFM        49.8  72.3 320.4   0.1 3   0.0 999.9 0
WUS        70.1 321.2  24.2   0.1 3   0.0 999.9 0   1.0 3   0.0 999.9 0

  1990  3 10   3 31 26.6   -21.840   169.860   53.9  5.0  0.0  seed seed.dat                  031090A
AGD       128.5 267.2 108.6   0.1 3   0.0 999.9 0
CAY       135.9 106.4 243.7   0.1 3   0.0 999.9 0
CRZF       91.9 217.6 125.0   1.0 3   0.0 999.9 0
DRV        48.7 195.3  38.0   0.1 3   0.0 999.9 0   1.0 3   0.0 999.9 0
HYB        97.5 285.6 110.4   0.1 3   0.0 999.9 0   1.0 3   0.0  76.9 0
INU        65.0 330.6 146.1   1.0 3   0.0 999.9 0
KIP        53.3  38.3 218.1   0.1 3   0.0 999.9 0   1.0 3   0.0 999.9 0
MBO       170.1 138.7 220.9   0.1 3   0.0 999.9 0   1.0 3   0.0 999.9 0
PPT        38.3  91.0 256.8   0.1 3   0.0 999.9 0
RER       102.7 240.7 119.7   0.1 3   0.0 999.9 0
SCZ        87.1  48.8 240.3   0.1 3   0.0 999.9 0
SSB       153.7 335.9  31.7   0.1 3   0.0 999.9 0   1.0 3   0.0 999.9 0   5.0 3   0.0 999.9 0
WFM       125.4  52.8 272.3   0.1 3   0.0 999.9 0
WUS       104.6 308.7 106.1   0.1 3   0.0 999.9 0   1.0 3   0.0 999.9 0

  1990  3 10  10 15  3.9    50.670   157.600   48.1  5.7  0.0  seed seed.dat                  031090B
AGD        96.1 296.7  35.5   0.1 3   0.0 999.9 0
CAY       118.8  34.4 338.8   0.1 3   0.0 999.9 0
CRZF      132.7 245.1  56.6   1.0 3   0.0 999.9 0
DRV       117.9 187.9  12.6   0.1 3   0.0 999.9 0   1.0 3   0.0 999.9 0
HYB        69.8 273.2  41.7   0.1 3   0.0 999.9 0   1.0 3   0.0 999.9 0
INU        21.3 232.1  37.9   1.0 3   0.0 999.9 0
KIP        45.3 113.4 321.2   0.1 3   0.0 999.9 0   1.0 3   0.0 999.9 0
MBO       114.9 354.2   3.8   0.1 3   0.0 999.9 0   1.0 3   0.0 999.9 0   5.0 3  34.9 118.9 0
PAF       124.5 232.6  50.7   0.1 3   0.0 999.9 0   1.0 3   0.0 999.9 0
PPT        82.3 129.8 329.2   0.1 3   0.0 999.9 0
RER       113.6 265.3  42.9   0.1 3   0.0 999.9 0
SCZ        57.4  70.5 311.9   0.1 3   0.0 999.9 0
SSB        81.4 341.2  16.9   0.1 3   0.0 999.9 0   1.0 3   0.0 999.9 0   5.0 3   0.0 999.9 0
WFM        77.6  34.7 330.6   0.1 3   0.0 999.9 0
WUS        52.8 292.2  51.3   0.1 3   0.0 999.9 0   1.0 3   0.0 999.9 0  20.0 3   3.0  63.0 0

  1990  3 11   0 55 31.0   -37.300    78.470   15.0  5.0  5.1  seed seed.dat                  031190A
AGD        59.1 318.1 147.1   0.1 3   0.0 737.0 0
CAY       124.8 246.4 132.6   0.1 3   0.0 999.9 0
CRZF       21.7 236.8  74.8   1.0 3   0.0 656.5 0
DRV        45.1 150.5 278.7   0.1 3   0.0 999.9 0   1.0 3   0.0 999.9 0
HYB        54.6   0.1 180.1   0.1 3   0.0 999.9 0   1.0 3   0.0 539.8 0  20.0 3   0.1  60.1 0
INU        90.6  44.4 223.0   1.0 3   0.0 999.9 0
KIP       129.0  91.9 239.1   0.1 3   0.0 999.9 0   1.0 3   0.0 999.9 0
MBO       102.9 278.1 125.4   0.1 3   0.0 999.9 0   1.0 3   0.0 999.9 0   5.0 3  30.5 114.5 0
PAF        13.4 203.8  29.5   0.1 3   0.0 999.9 0   1.0 3   0.0 999.9 0   5.0 3   0.0  16.5 0
PPT       109.0 131.5 218.8   0.1 3   0.0 999.9 0
RER        25.4 302.9 134.2   0.1 3   0.0 999.9 0
SCZ       164.1  87.8 262.8   0.1 3   0.0 999.9 0
SSB       105.9 315.0 127.0   0.1 3   0.0 999.9 0   1.0 3   0.0 999.9 0   5.0 3   0.0 999.9 0
WFM       156.5 291.6  86.2   0.1 3   0.0 999.9 0
WUS        78.3   0.6 180.6   0.1 3   0.0 999.9 0   1.0 3   0.0 999.9 0

  1990  3 11  22 20 49.9   -20.680   167.780   15.0  5.3  5.3  seed seed.dat                  031190B
AGD       126.6 268.9 107.1   0.1 3   0.0 999.9 0
CAY       138.0 106.6 244.5   0.1 3   0.0 999.9 0
CRZF       91.6 218.4 122.8   1.0 3   0.0 811.2 0
DRV        49.3 194.2  35.2   0.1 3   0.0 999.9 0   1.0 3   0.0 999.9 0
HYB        95.3 286.4 109.8   0.1 3   0.0 999.9 0   1.0 3   0.0 999.9 0
INU        63.0 332.0 147.4   1.0 3   0.0 999.9 0  20.0 3   0.0  58.7 0
KIP        53.7  40.7 220.9   0.1 3   0.0 999.9 0   1.0 3   0.0 999.9 0
MBO       172.3 144.5 216.0   0.1 3   0.0 999.9 0   1.0 3   0.0 999.9 0
PAF        79.3 221.2 109.3   0.1 3   0.0 999.9 0   1.0 3   0.0 999.9 0
PPT        40.3  93.1 258.5   0.1 3   0.0 999.9 0
RER       101.6 241.9 117.7   0.1 3   0.0 999.9 0
SCZ        87.8  49.6 242.4   0.1 3   0.0 999.9 0
SSB       151.8 334.2  34.5   0.1 3   0.0 999.9 0   1.0 3   0.0 999.9 0   5.0 3   0.0 999.9 0
WFM       126.2  52.0 274.9   0.1 3   0.0 999.9 0
WUS       102.3 309.3 106.4   0.1 3   0.0 999.9 0   1.0 3   0.0 999.9 0  20.0 3  25.3  85.3 0

  1990  3 11  22 46 35.0    33.450   138.040   52.1  5.2  4.7  seed seed.dat                  031190C
AGD        88.0 282.6  56.4   0.1 3   0.0 999.9 0
CAY       140.5  16.2 346.3   0.1 3   0.0 999.9 0
CRZF      111.1 227.8  63.5   1.0 3   0.0 785.4 0
DRV       100.0 179.2 358.3   0.1 3   0.0 999.9 0   1.0 3   0.0 999.9 0
HYB        55.3 268.9  61.1   0.1 3   0.0 999.9 0   1.0 3   0.0 999.9 0
INU         2.1 336.5 155.9   1.0 3   0.0 999.9 0  20.0 3   0.0  32.9 0
KIP        57.2  84.5 296.8   0.1 3   0.0 999.9 0   1.0 3   0.0 999.9 0
MBO       126.7 329.4  26.1   0.1 3   0.0 999.9 0   1.0 3   0.0 999.9 0   5.0 3  43.4 127.4 0
PAF       102.2 218.4  52.5   0.1 3   0.0 999.9 0   1.0 3   0.0 999.9 0
PPT        85.7 114.1 306.9   0.1 3   0.0 999.9 0
RER        95.4 248.4  56.4   0.1 3   0.0 999.9 0
SCZ        78.2  53.8 303.1   0.1 3   0.0 999.9 0
SSB        90.9 329.3  37.2   0.1 3   0.0 999.9 0   1.0 3   0.0 999.9 0   5.0 3   0.0 999.9 0
WFM        99.4  21.6 335.4   0.1 3   0.0 999.9 0
WUS        46.6 297.4  79.6   0.1 3   0.0 999.9 0   1.0 3   0.0 999.9 0  20.0 3   0.0  59.5 0

  1990  3 12  12 59 51.2   -47.560   164.590   15.0  5.3  5.0  seed seed.dat                  031290A
AGD       119.7 253.3 138.4   0.1 3   0.0 999.9 0
BNG       128.0 224.7 151.2   0.1 3   0.0 999.9 0   1.0 3   0.0 999.9 0
CAY       127.0 131.7 210.7   0.1 3   0.0 999.9 0
CRZF       69.4 222.8 138.3   0.1 3   0.0 999.9 0   1.0 3   0.0 999.9 0
DRV        23.0 205.0  46.0   0.1 3   0.0 999.9 0   1.0 3   0.0 999.9 0   5.0 3   0.0  76.1 1
HYB       100.1 284.5 136.6   0.1 3   0.0 999.9 0   1.0 3   0.0 999.9 0  20.0 3   0.0  51.7 0
INU        86.3 337.7 161.6   1.0 3   0.0 999.9 0
KIP        76.6  35.7 205.1   0.1 3   0.0 999.9 0   1.0 3   0.0 999.9 0
MBO       146.9 177.3 181.9   0.1 3   0.0 999.9 0   1.0 3   0.0 999.9 0
PAF        58.4 229.8 127.7   0.1 3   0.0 999.9 0   1.0 3   0.0 999.9 0   5.0 3   4.1  76.1 1
PPT        47.9  67.4 220.9   0.1 3   0.0 999.9 0
RER        86.5 242.1 140.1   0.1 3   0.0 999.9 0
SCZ       106.8  54.1 223.0   0.1 3   0.0 999.9 0
SSB       166.1 266.4 105.0   0.1 3   0.0 999.9 0   1.0 3   0.0 999.9 0   5.0 3   0.0 999.9 0
TAM       150.1 221.0 150.7   0.1 3   0.0 999.9 0   1.0 3   0.0 999.9 0  20.0 3   0.0  50.6 0
WFM       140.9  76.4 243.3   0.1 3   0.0 999.9 0
WUS       116.3 302.8 131.0   0.1 3   0.0 999.9 0   1.0 3   0.0 999.9 0

  1990  3 12  13 32 55.3    -3.380   128.840   71.7  5.3  5.0  seed seed.dat                  031290B
AGD        86.8 281.7  94.0   0.1 3   0.0 999.9 0
BNG       110.5 273.4  91.9   0.1 3   0.0 999.9 0   1.0 3   0.0 999.9 0
CAY       178.1  37.3 324.6   0.1 3   0.0 999.9 0
CRZF       78.6 223.4  83.0   0.1 3   0.0 999.9 0   1.0 3   0.0 999.9 0
DRV        63.7 175.1 347.5   0.1 3   0.0 999.9 0   1.0 3   0.0 999.9 0   5.0 3  11.1  43.1 0
HYB        53.8 294.4 107.7   0.1 3   0.0 999.9 0   1.0 3   0.0 999.9 0  20.0 3   0.0  18.7 0
INU        39.4  10.6 193.0   1.0 3   0.0 999.9 0
KIP        75.6  67.0 260.6   0.1 3   0.0 999.9 0   1.0 3   0.0 999.9 0
MBO       144.5 290.1  75.0   0.1 3   0.0 999.9 0   1.0 3   0.0 999.9 0   5.0 3  17.1 261.1 0
PAF        67.4 217.2  67.5   0.1 3   0.0 999.9 0   1.0 3   0.0 999.9 0   5.0 3   0.0  43.1 1
PPT        81.0 107.2 269.2   0.1 3   0.0 999.9 0
RER        73.0 249.0  87.1   0.1 3   0.0 999.9 0
SCZ       107.8  52.7 279.5   0.1 3   0.0 999.9 0
SSB       116.0 319.5  66.3   0.1 3   0.0 999.9 0   1.0 3   0.0 999.9 0   5.0 3   0.0 999.9 0
TAM       121.9 294.7  79.1   0.1 3   0.0 999.9 0   1.0 3   0.0 999.9 0  20.0 3   0.0  17.5 0
WFM       136.9  22.1 329.7   0.1 3   0.0 999.9 0
WUS        63.3 319.9 121.5   0.1 3   0.0 999.9 0   1.0 3   0.0 999.9 0

  1990  3 12  14 41 21.9    51.700  -174.900   19.4  6.1  6.1  seed seed.dat                  031290C
AGD       109.0 320.8  23.7   0.1 3   0.0 999.9 0   5.0 3  24.9 144.9 0
BNG       122.8 344.1   9.9   0.1 3   0.0 999.9 0   1.0 3   0.0 999.9 0   5.0 3   0.0 139.6 0
CAY       105.4  60.4 327.1   0.1 3   0.0 999.9 0
CRZF      149.4 261.8  63.4   0.1 3   0.0 999.9 0   1.0 3   0.0 999.9 0
DRV       123.0 199.7  31.8   0.1 3   0.0 999.9 0   1.0 3   0.0 999.9 0   5.0 3  10.6  74.6 0
HYB        86.3 293.7  36.6   0.1 3   0.0 999.9 0   1.0 3   0.0 999.9 0  20.0 3   0.0 104.2 0
INU        37.7 263.6  49.1   1.0 3   0.0 999.9 0  20.0 3   0.0  48.2 0
KIP        33.0 150.1 340.6   0.1 3   0.0 999.9 0   1.0 3   0.0 999.9 0  20.0 3   0.0  40.9 0
MBO       111.3  22.9 345.5   0.1 3   0.0 999.9 0   1.0 3   0.0 999.9 0   5.0 3   0.0 192.6 0
PAF       139.9 247.2  61.4   0.1 3   0.0 999.9 0   1.0 3   0.0 999.9 0   5.0 3   2.6 126.6 0
PPT        72.6 154.6 343.8   0.1 3   0.0 999.9 0
RER       130.5 288.8  39.4   0.1 3   0.0 999.9 0
SCZ        40.3  90.4 309.4   0.1 3   0.0 999.9 0   5.0 3   0.0  99.5 0
SSB        83.2   0.4 359.7   0.1 3   0.0 999.9 0   1.0 3   0.0 999.9 0   5.0 3   0.0 999.9 0  20.0 3   0.0  57.9 0
TAM       105.7 359.6   0.3   0.1 3   0.0 999.9 0   1.0 3   0.0 999.9 0  20.0 3   1.2 121.2 0
WFM        64.9  52.3 318.2   0.1 3   0.0 999.9 0
WUS        67.2 308.2  40.4   0.1 3   0.0 999.9 0   1.0 3   0.0 999.9 0  20.0 3   0.0  42.7 0

  1990  3 12  15  6 32.2    51.500  -174.940   15.0  5.1  0.0  seed seed.dat                  031290D
AGD       109.1 320.7  23.9   0.1 3   0.0 999.9 0   5.0 3   0.0 119.7 0
BNG       123.0 344.0  10.0   0.1 3   0.0 999.9 0   1.0 3   0.0 999.9 0   5.0 3   0.0 114.5 0
CAY       105.5  60.4 326.9   0.1 3   0.0 999.9 0
CRZF      149.3 261.5  63.8   0.1 3   0.0 999.9 0   1.0 3   0.0 999.9 0
DRV       122.8 199.7  31.8   0.1 3   0.0 999.9 0   1.0 3   0.0 999.9 0   5.0 3   0.0  49.5 0
HYB        86.3 293.6  36.8   0.1 3   0.0 999.9 0   1.0 3   0.0 999.9 0  20.0 3   0.0  79.0 0
INU        37.6 263.8  49.4   1.0 3   0.0 999.9 0  20.0 3   0.0  23.0 0
KIP        32.8 149.9 340.4   0.1 3   0.0 999.9 0   1.0 3   0.0 999.9 0  20.0 3   0.0  15.7 0
MBO       111.5  22.9 345.4   0.1 3   0.0 999.9 0   1.0 3   0.0 999.9 0   5.0 3   0.0 167.5 0
PAF       139.8 246.9  61.7   0.1 3   0.0 999.9 0   1.0 3   0.0 999.9 0   5.0 3   0.0 101.5 0
PPT        72.4 154.5 343.6   0.1 3   0.0 999.9 0
RER       130.5 288.6  39.7   0.1 3   0.0 999.9 0
SCZ        40.3  90.1 309.1   0.1 3   0.0 999.9 0   5.0 3   0.0  74.3 0
SSB        83.4   0.4 359.7   0.1 3   0.0 999.9 0   1.0 3   0.0 999.9 0   5.0 3   0.0 999.9 0  20.0 3   0.0  32.7 0
TAM       105.9 359.6   0.3   0.1 3   0.0 999.9 0   1.0 3   0.0 999.9 0  20.0 3   0.0  96.1 0
WFM        65.1  52.2 318.0   0.1 3   0.0 999.9 0
WUS        67.3 308.3  40.5   0.1 3   0.0 999.9 0   1.0 3   0.0 999.9 0  20.0 3   0.0  17.5 0

  1990  3 12  23 18 15.2   -13.730   166.570  168.3  5.1  0.0  seed seed.dat                  031290E
AGD       125.2 274.4  98.6   0.1 3   0.0 999.9 0
BNG       147.1 256.4 108.4   0.1 3   0.0 999.9 0   1.0 3   0.0 999.9 0
CAY       140.7  99.3 254.5   0.1 3   0.0 999.9 0
CRZF       96.3 219.2 117.5   0.1 3   0.0 999.9 0   1.0 3   0.0 779.8 0
DRV        55.8 192.4  31.7   0.1 3   0.0 999.9 0   1.0 3   0.0 999.9 0   5.0 3  25.7  73.7 0
HYB        92.2 287.2 103.5   0.1 3   0.0 999.9 0   1.0 3   0.0 999.9 0
INU        56.4 331.0 144.8   1.0 3   0.0 999.9 0
KIP        49.4  45.5 228.0   0.1 3   0.0 999.9 0   1.0 3   0.0 999.9 0
MBO       176.5  81.6 283.4   0.1 3   0.0 999.9 0   1.0 3   0.0 999.9 0
PAF        83.7 220.8 103.9   0.1 3   0.0 661.6 0   1.0 3   0.0 721.7 0
PPT        42.3 101.1 268.7   0.1 3   0.0 999.9 0
RER       103.7 243.8 110.9   0.1 3   0.0 999.9 0
SCZ        84.2  50.4 248.5   0.1 3   0.0 999.9 0
SSB       145.0 337.5  31.2   0.1 3   0.0 999.9 0   1.0 3   0.0 659.1 0   5.0 3   0.0 772.9 0
TAM       159.9 298.9  65.9   0.1 3   0.0 999.9 0   1.0 3   0.0 999.9 0
WFM       122.6  48.2 282.2   0.1 3   0.0 999.9 0
WUS        97.0 310.5 101.9   0.1 3   0.0 999.9 0   1.0 3   0.0 999.9 0

  1990  3 13   0  2 52.6    24.020   144.680   15.0  5.2  4.5  seed seed.dat                  031390A
AGD        95.9 285.5  64.1   0.1 3   0.0 999.9 0
BNG       120.4 291.2  58.9   0.1 3   0.0 999.9 0   1.0 3   0.0 999.9 0
CAY       146.7  31.9 330.8   0.1 3   0.0 999.9 0
CRZF      108.9 227.0  75.1   0.1 3   0.0 999.9 0   1.0 3   0.0 735.1 0
DRV        90.6 181.9   4.3   0.1 3   0.0 999.9 0   1.0 3   0.0 999.9 0   5.0 3   0.0  29.1 0
HYB        61.7 277.6  71.7   0.1 3   0.0 999.9 0   1.0 3   0.0 999.9 0  20.0 3  42.7 102.7 0
INU        13.1 331.3 147.5   1.0 3   0.0 999.9 0
KIP        52.6  80.6 284.5   0.1 3   0.0 999.9 0   1.0 3   0.0 999.9 0
MBO       137.7 333.1  25.3   0.1 3   0.0 999.9 0   1.0 3   0.0 999.9 0
PAF        98.5 219.7  63.1   0.1 3   0.0 617.0 0   1.0 3   0.0 677.1 0
PPT        76.4 116.4 300.8   0.1 3   0.0 999.9 0
RER        97.5 250.4  67.4   0.1 3   0.0 999.9 0
SCZ        79.0  54.8 291.8   0.1 3   0.0 999.9 0
SSB       101.9 332.5  36.7   0.1 3   0.0 999.9 0   1.0 3   0.0 614.5 0   5.0 3   0.0 728.3 0
TAM       118.7 316.6  42.9   0.1 3   0.0 999.9 0   1.0 3   0.0 999.9 0
WFM       105.6  26.8 326.0   0.1 3   0.0 999.9 0
WUS        56.4 304.6  86.0   0.1 3   0.0 999.9 0   1.0 3   0.0 999.9 0  20.0 3  23.2  83.2 0

  1990  3 13   0 32 58.9    73.080   136.660   15.0  5.4  4.8  seed seed.dat                  031390B
AGD        80.1 277.1  17.2   0.1 3   0.0 999.9 0
BNG        93.6 298.3  15.0   0.1 3   0.0 999.9 0   1.0 3   0.0 999.9 0
CAY       101.8   9.1 357.3   0.1 3   0.0 999.9 0
CRZF      132.3 248.7  23.4   0.1 3   0.0 999.9 0   1.0 3   0.0 705.0 0
DRV       139.6 177.9 358.5   0.1 3   0.0 999.9 0   1.0 3   0.0 999.9 0
HYB        64.4 244.1  16.0   0.1 3   0.0 999.9 0   1.0 3   0.0 999.9 0  20.0 3  12.6  72.6 0
INU        37.8 179.5 359.8   1.0 3   0.0 999.9 0
KIP        62.5 107.4 342.6   0.1 3   0.0 999.9 0   1.0 3   0.0 999.9 0
MBO        90.9 334.5   7.5   0.1 3   0.0 999.9 0   1.0 3   0.0 999.9 0   5.0 3  33.0  73.0 0
PAF       130.4 232.0  20.8   0.1 3   0.0 586.9 0   1.0 3   0.0 647.0 0
PPT       102.1 110.4 343.3   0.1 3   0.0 999.9 0
RER       107.5 255.2  17.7   0.1 3   0.0 999.9 0
SCZ        58.6  67.0 340.5   0.1 3   0.0 999.9 0
SSB        57.3 321.6  14.9   0.1 3   0.0 999.9 0   1.0 3   0.0 584.4 0   5.0 3   0.0 698.2 0
TAM        78.9 315.0  13.0   0.1 3   0.0 999.9 0   1.0 3   0.0 999.9 0
WFM        62.8  23.0 351.1   0.1 3   0.0 999.9 0
WUS        41.7 252.9  21.7   0.1 3   0.0 999.9 0   1.0 3   0.0 999.9 0  20.0 3   0.0  53.1 0

  1990  3 13   0 42 30.1    -6.370  -107.240   15.0  4.6  5.0  seed seed.dat                  031390C
AGD       150.0  78.2 277.5   0.1 3   0.0 999.9 0
BNG       126.0  89.2 265.4   0.1 3   0.0 999.9 0   1.0 3   0.0 999.9 0
CAY        56.0  79.7 259.0   0.1 3   0.0 999.9 0
CRZF      124.1 162.7 205.2   0.1 3   0.0 999.9 0   1.0 3   0.0 695.5 0
DRV        92.9 201.6 113.5   0.1 3   0.0 999.9 0   1.0 3   0.0 999.9 0
HYB       167.6 333.1  27.5   0.1 3   0.0 999.9 0   1.0 3   0.0 999.9 0  20.0 3   3.1  63.1 0
INU       114.6 305.9  79.7   1.0 3   0.0 999.9 0
KIP        57.0 300.5 113.2   0.1 3   0.0 999.9 0   1.0 3   0.0 999.9 0
MBO        91.8  75.9 264.0   0.1 3   0.0 999.9 0   1.0 3   0.0 999.9 0   5.0 3  23.5  63.5 0
PAF       124.4 178.0 183.1   0.1 3   0.0 577.3 0   1.0 3   0.0 637.5 0
PPT        42.8 251.0  80.3   0.1 3   0.0 999.9 0
RER       147.9 149.1 213.0   0.1 3   0.0 999.9 0
SCZ        44.9 343.8 159.8   0.1 3   0.0 999.9 0
SSB       109.8  44.2 281.5   0.1 3   0.0 999.9 0   1.0 3   0.0 574.8 0   5.0 3   0.0 688.7 0
TAM       113.4  68.1 273.1   0.1 3   0.0 999.9 0   1.0 3   0.0 999.9 0
WFM        58.7  30.4 222.9   0.1 3   0.0 999.9 0
WUS       144.8 351.5  11.1   0.1 3   0.0 999.9 0   1.0 3   0.0 999.9 0  20.0 3   0.0  43.6 0

  1990  3 13   1  4 50.2   -16.720  -172.390   31.9  5.1  5.2  seed seed.dat                  031390D
AGD       145.5 265.7 102.5   0.1 3   0.0 999.9 0
BNG       163.7 222.0 139.4   0.1 3   0.0 999.9 0   1.0 3   0.0 999.9 0
CAY       120.2  94.2 253.7   0.1 3   0.0 999.9 0
CRZF      105.4 210.0 136.2   0.1 3   0.0 999.9 0   1.0 3   0.0 673.2 0
DRV        58.7 200.1  56.0   0.1 3   0.0 999.9 0   1.0 3   0.0 999.9 0
HYB       112.6 282.1 101.1   0.1 3   0.0 999.9 0   1.0 3   0.0 999.9 0  20.0 3   0.0  40.7 0
INU        70.7 317.9 128.2   1.0 3   0.0 999.9 0
KIP        40.6  20.9 201.5   0.1 3   0.0 999.9 0   1.0 3   0.0 999.9 0
MBO       156.2  92.7 261.6   0.1 3   0.0 999.9 0   1.0 3   0.0 999.9 0   5.0 3   1.2  41.2 0
PAF        94.0 215.5 121.6   0.1 3   0.0 555.0 0   1.0 3   0.0 615.1 0
PPT        21.8  95.6 268.8   0.1 3   0.0 999.9 0
RER       119.6 233.0 125.0   0.1 3   0.0 999.9 0
SCZ        71.7  41.3 231.8   0.1 3   0.0 999.9 0
SSB       151.4   4.6 353.9   0.1 3   0.0 999.9 0   1.0 3   0.0 552.5 0   5.0 3   0.0 666.3 0
TAM       173.6  18.3 342.4   0.1 3   0.0 999.9 0   1.0 3   0.0 999.9 0
WFM       109.1  50.2 264.9   0.1 3   0.0 999.9 0
WUS       114.6 307.9  90.8   0.1 3   0.0 999.9 0   1.0 3   0.0 999.9 0  20.0 3   0.0  21.2 0

  1990  3 13  13 30 39.7   -47.640   164.620   15.0  5.1  5.1  seed seed.dat                  031390E
AGD       119.7 253.2 138.5   0.1 3   0.0 999.9 0
BNG       128.0 224.7 151.3   0.1 3   0.0 999.9 0   1.0 3   0.0 574.3 0
CAY       126.9 131.7 210.6   0.1 3   0.0 999.9 0
CRZF       69.3 222.8 138.3   0.1 3   0.0 999.9 0   1.0 3   0.0 999.9 0
DRV        22.9 205.1  46.2   0.1 3   0.0 999.9 0   1.0 3   0.0 999.9 0   5.0 3   0.0  17.3 0
HYB       100.1 284.5 136.7   0.1 3   0.0 999.9 0   1.0 3   0.0 999.9 0
INU        86.4 337.6 161.7   1.0 3   0.0 999.9 0
KIP        76.6  35.6 205.0   0.1 3   0.0 999.9 0   1.0 3   0.0 999.9 0
MBO       146.8 177.2 182.0   0.1 3   0.0 999.9 0   1.0 3   0.0 999.9 0
PPT        47.9  67.3 220.8   0.1 3   0.0 999.9 0
RER        86.5 242.1 140.2   0.1 3   0.0 999.9 0
SCZ       106.8  54.1 222.9   0.1 3   0.0 999.9 0
SSB       166.1 266.0 105.3   0.1 3   0.0 999.9 0   1.0 3   0.0 999.9 0   5.0 3   0.0 999.9 0
TAM       150.1 220.8 150.8   0.1 3   0.0 999.9 0   1.0 3   0.0 999.9 0
WFM       140.9  76.5 243.2   0.1 3   0.0 999.9 0
WUS       116.4 302.7 131.0   0.1 3   0.0 999.9 0   1.0 3   0.0 999.9 0

  1990  3 13  19 40 34.4    -3.460   -76.910  117.5  5.8  0.0  seed seed.dat                  031390F
AGD       119.8  78.8 272.7   0.1 3   0.0 799.3 0
BNG        95.7  85.9 267.0   0.1 3   0.0 999.9 0   1.0 3   0.0 204.4 0
CAY        26.0  71.4 251.7   0.1 3   0.0 999.9 0
CRZF      112.8 144.2 237.4   0.1 3   0.0 999.9 0   1.0 3   0.0 999.9 0
DRV       105.2 194.4 141.7   0.1 3   0.0 999.9 0   1.0 3   0.0 887.4 0
HYB       152.2  58.4 297.6   0.1 3   0.0 999.9 0   1.0 3   0.0 999.9 0
INU       135.3 319.5  52.1   1.0 3   0.0 999.9 0
KIP        83.0 291.9  96.4   0.1 3   0.0 999.9 0   1.0 3   0.0 999.9 0
MBO        62.0  71.8 258.2   0.1 3   0.0 999.9 0   1.0 3   0.0 797.4 0
PPT        72.4 252.8  88.2   0.1 3   0.0 999.9 0
RER       127.5 120.0 247.6   0.1 3   0.0 999.9 0
SCZ        57.6 318.0 123.9   0.1 3   0.0 999.9 0
SSB        86.4  44.4 261.7   0.1 3   0.0 999.9 0   1.0 3   0.0 999.9 0   5.0 3   0.0 748.6 0
TAM        84.4  66.8 264.0   0.1 3   0.0 999.9 0   1.0 3   0.0 999.9 0
WFM        46.2   5.6 187.5   0.1 3   0.0 999.9 0
WUS       136.7  26.5 324.2   0.1 3   0.0 999.9 0   1.0 3   0.0 999.9 0

  1990  3 13  23  5 30.4    -3.870    40.480   15.0  5.5  5.2  seed seed.dat                  031390G
AGD        15.5   8.6 188.8   0.1 3   0.0 594.4 0
BNG        23.4 290.4 110.3   0.1 3   0.0 999.9 0   1.0 3  19.5 999.9 0   5.0 3   0.0  19.5 0
CAY        93.1 274.7  93.6   0.1 3   0.0 999.9 0
CRZF       43.6 168.6 343.4   0.1 3   0.0 999.9 0   1.0 3   0.0 892.5 0
DRV        90.2 156.9 259.6   0.1 3   0.0 999.9 0   1.0 3   0.0 682.5 0   5.0 3  38.5  82.5 0
HYB        43.1  59.5 244.2   0.1 3   0.0 999.9 0   1.0 3   0.0 999.9 0  20.0 3   0.0  40.1 0
INU        97.6  55.0 270.8   1.0 3   0.0 999.9 0
KIP       154.9  44.4 312.0   0.1 3   0.0 999.9 0   1.0 3   0.0 999.9 0
MBO        59.8 289.0 103.2   0.1 3   0.0 999.9 0   1.0 3   0.0 592.5 0   5.0 3   8.5  96.5 0
PPT       156.4 155.4 205.7   0.1 3   0.0 999.9 0
RER        22.7 140.5 317.1   0.1 3   0.0 999.9 0
SCZ       143.3 335.1  31.1   0.1 3   0.0 999.9 0
SSB        58.6 330.9 136.5   0.1 3   0.0 999.9 0   1.0 3   0.0 999.9 0   5.0 3   0.0 543.6 0
TAM        43.3 309.4 123.3   0.1 3   0.0 999.9 0   1.0 3   0.0 999.9 0  20.0 3   0.0  52.9 0
WFM       108.7 313.7  77.4   0.1 3   0.0 999.9 0
WUS        57.2  34.2 228.1   0.1 3   0.0 999.9 0   1.0 3   0.0 999.9 0  20.0 3   4.6  64.6 0

  1990  3 14   3 33 18.6     9.990   -59.250   30.4  5.4  4.8  seed seed.dat                  031490A
AGD        99.6  76.4 282.4   0.1 3   0.0 326.6 0
BNG        77.2  87.6 279.2   0.1 3   0.0 999.9 0   1.0 3   0.0 999.9 0   5.0 3  15.7  47.7 0
CAY         8.5 125.6 306.5   0.1 3   0.0 999.9 0
CRZF      111.7 135.9 261.2   0.1 3   0.0 999.9 0   1.0 3   0.0 624.7 0
DRV       121.9 188.9 157.6   0.1 3   0.0 999.9 0   1.0 3   0.0 414.7 0
HYB       130.1  57.0 300.2   0.1 3   0.0 999.9 0   1.0 3   0.0 999.9 0
INU       132.2 342.0  21.8   1.0 3   0.0 999.9 0
KIP        94.4 292.6  77.4   0.1 3   0.0 999.9 0   1.0 3   0.0 999.9 0
MBO        41.5  79.6 268.9   0.1 3   0.0 999.9 0   1.0 3   0.0 324.7 0   5.0 3   0.7  84.7 0
PPT        93.3 252.9  80.7   0.1 3   0.0 999.9 0
RER       116.8 108.5 270.5   0.1 3   0.0 999.9 0
SCZ        61.8 306.2  98.7   0.1 3   0.0 999.9 0
SSB        64.6  44.5 258.2   0.1 3   0.0 999.9 0   1.0 3   0.0 999.9 0   5.0 3   0.0 275.8 0  20.0 3   6.0  65.9 0
TAM        63.0  69.5 269.9   0.1 3   0.0 999.9 0   1.0 3   0.0 999.9 0
WFM        34.3 343.8 158.2   0.1 3   0.0 999.9 0
WUS       116.2  33.9 313.5   0.1 3   0.0 999.9 0   1.0 3   0.0 999.9 0

  1990  3 14   3 44 49.1     4.300   122.250  615.9  5.6  0.0  seed seed.dat                  031490B
AGD        78.8 280.9  87.8   0.1 3   0.0 315.1 0
BNG       103.3 275.6  84.5   0.1 3   0.0 999.9 0   1.0 3   0.0 999.9 0   5.0 3   4.2  36.2 0
CAY       169.3 329.5  30.5   0.1 3   0.0 999.9 0
CRZF       79.8 221.5  72.8   0.1 3   0.0 999.9 0   1.0 3   0.0 613.2 0
DRV        72.0 172.7 341.3   0.1 3   0.0 999.9 0   1.0 3   0.0 403.2 0
HYB        44.7 290.4 101.7   0.1 3   0.0 999.9 0   1.0 3   0.0 999.9 0
INU        33.9  22.0 207.2   1.0 3   0.0 999.9 0
KIP        78.9  69.1 270.4   0.1 3   0.0 999.9 0   1.0 3   0.0 999.9 0
MBO       135.5 295.5  68.1   0.1 3   0.0 999.9 0   1.0 3   0.0 313.2 0   5.0 3   0.0  73.2 0
PPT        89.6 107.5 274.5   0.1 3   0.0 999.9 0
RER        69.9 245.8  77.0   0.1 3   0.0 999.9 0
SCZ       108.1  49.3 290.1   0.1 3   0.0 999.9 0
SSB       105.9 319.5  66.4   0.1 3   0.0 999.9 0   1.0 3   0.0 999.9 0   5.0 3   0.0 264.3 0  20.0 3   0.0  54.4 0
TAM       112.6 296.8  74.6   0.1 3   0.0 999.9 0   1.0 3   0.0 999.9 0
WFM       131.6  13.6 341.6   0.1 3   0.0 999.9 0
WUS        53.2 320.0 121.7   0.1 3   0.0 999.9 0   1.0 3   0.0 999.9 0

  1990  3 15   0 12 42.6    31.440    60.300   15.0  4.8  4.5  seed seed.dat                  031590A
AGD        25.6 223.0  36.5   0.1 3   0.0 999.9 0
BNG        47.5 244.3  50.5   0.1 3   0.0 999.9 0   1.0 3   0.0 999.9 0
CAY       106.4 286.7  55.3   0.1 3   0.0 999.9 0
CRZF       78.1 186.0   7.4   0.1 3   0.0 999.9 0   1.0 3   0.0 745.3 0
DRV       114.6 154.4 292.2   0.1 3   0.0 999.9 0   1.0 3   0.0 999.9 0
HYB        21.7 125.9 313.5   0.1 3   0.0 999.9 0   1.0 3   0.0 999.9 0  20.0 3   0.0  42.9 0
INU        62.6  63.5 290.6   1.0 3   0.0 999.9 0
KIP       115.8  39.8 324.0   0.1 3   0.0 999.9 0   1.0 3   0.0 999.9 0
MBO        71.9 276.2  61.2   0.1 3   0.0 999.9 0   1.0 3   0.0 999.9 0   5.0 3   1.3  85.3 0
PAF        81.1 173.4 351.4   0.1 3   0.0 999.9 0   1.0 3   0.0 999.9 0
PPT       149.6  69.4 302.3   0.1 3   0.0 999.9 0
RER        52.6 185.4   4.9   0.1 3   0.0 999.9 0
SCZ       112.1   1.5 358.4   0.1 3   0.0 999.9 0
SSB        44.9 304.4  87.8   0.1 3   0.0 999.9 0   1.0 3   0.0 999.9 0   5.0 3   0.0 999.9 0
TAM        49.1 274.1  67.4   0.1 3   0.0 999.9 0   1.0 3   0.0 999.9 0  20.0 3   4.9  64.9 0
WFM        93.9 326.6  39.6   0.1 3   0.0 999.9 0
WUS        18.0  52.1 243.4   0.1 3   0.0 999.9 0   1.0 3   0.0 999.9 0  20.0 3   0.0  41.4 0

  1990  3 15   4 56 34.5   -15.170   167.220  120.9  5.5  0.0  seed seed.dat                  031590B
AGD       125.9 273.2 100.3   0.1 3   0.0 999.9 0   5.0 3  15.2 135.2 0
BNG       147.4 253.8 111.2   0.1 3   0.0 999.9 0   1.0 3   0.0 999.9 0   5.0 3   0.0 112.4 0
CAY       139.8 100.7 252.5   0.1 3   0.0 999.9 0
CRZF       95.6 218.8 118.9   0.1 3   0.0 999.9 0   1.0 3   0.0 461.4 0
DRV        54.5 192.9  32.9   0.1 3   0.0 999.9 0   1.0 3   0.0 999.9 0   5.0 3   0.0  39.4 0
HYB        93.2 287.0 104.7   0.1 3   0.0 999.9 0   1.0 3   0.0 999.9 0  20.0 3   0.0  45.0 0
INU        57.9 330.9 144.9   1.0 3   0.0 999.9 0  20.0 3   0.0  58.9 0
KIP        49.9  44.1 226.1   0.1 3   0.0 999.9 0   1.0 3   0.0 999.9 0  20.0 3   0.0  49.7 0
MBO       175.9 103.0 261.2   0.1 3   0.0 999.9 0   1.0 3   0.0 999.9 0   5.0 3   5.4 205.4 0
PAF        83.1 220.8 105.3   0.1 3   0.0 999.9 0   1.0 3   0.0 999.9 0   5.0 3   0.0  65.4 0
PPT        41.4  99.5 266.8   0.1 3   0.0 999.9 0
RER       103.6 243.3 112.5   0.1 3   0.0 999.9 0
SCZ        84.7  50.1 246.9   0.1 3   0.0 999.9 0   5.0 3   0.0 104.4 0
SSB       146.6 337.4  31.2   0.1 3   0.0 999.9 0   1.0 3   0.0 999.9 0   5.0 3   0.0 999.9 0  20.0 3   0.0  54.2 0
TAM       161.1 295.9  68.8   0.1 3   0.0 999.9 0   1.0 3   0.0 999.9 0  20.0 3   0.0 111.0 0
WFM       123.1  49.0 280.4   0.1 3   0.0 999.9 0
WUS        98.4 310.3 102.5   0.1 3   0.0 999.9 0   1.0 3   0.0 999.9 0  20.0 3   0.0  49.5 0

  1990  3 16  15 52 44.2    24.340  -108.860   15.0  5.4  6.1  seed seed.dat                  031690A
AGD       134.8  40.8 322.5   0.1 3   0.0 999.9 0
CAY        57.6  99.9 295.7   0.1 3   0.0 999.9 0
CRZF      153.1 149.4 221.1   0.1 3   0.0 999.9 0   1.0 3   0.0 999.9 0
DRV       120.5 205.6  99.5   0.1 3   0.0 999.9 0   1.0 3   0.0 999.9 0   5.0 3  35.3  63.3 0
HYB       137.7 349.5  10.1   0.1 3   0.0 999.9 0   1.0 3   0.0 999.9 0  20.0 3  38.8  98.8 0
INU        93.8 311.7  56.4   1.0 3   0.0 999.9 0  20.0 3  18.8  78.8 0
KIP        45.2 276.7  76.5   0.1 3   0.0 999.9 0   1.0 3   0.0 999.9 0  20.0 3   0.0  49.5 0
MBO        85.8  76.0 294.0   0.1 3   0.0 999.9 0   1.0 3   0.0 999.9 0   5.0 3   5.3 205.3 0
PAF       155.0 178.5 182.0   0.1 3   0.0 645.1 0   1.0 3   0.0 645.2 0   5.0 3  29.3 121.3 0
PPT        57.6 227.6  44.9   0.1 3   0.0 999.9 0
RER       165.5  79.4 284.5   0.1 3   0.0 999.9 0
SCZ        16.3 321.5 135.1   0.1 3   0.0 999.9 0
SSB        87.9  40.3 303.3   0.1 3   0.0 999.9 0   1.0 3   0.0 999.9 0   5.0 3   0.0 999.9 0  20.0 3  16.0  76.0 0
TAM       100.9  58.7 302.3   0.1 3   0.0   6.3 0   1.0 3   0.0   7.6 0
WFM        35.7  50.1 251.4   0.1 3   0.0 999.9 0   5.0 3   0.0  98.4 0
WUS       114.2 353.3   8.0   0.1 3   0.0 999.9 0   1.0 3   0.0 999.9 0  20.0 3  27.3  87.3 0

  1990  3 17  12 20 13.2    -4.230   144.970  102.6  5.4  0.0  seed seed.dat                  031790A
AGD       102.7 280.8  91.7   0.1 3   0.0 999.9 0
CAY       162.8  87.1 271.9   0.1 3   0.0 999.9 0
CRZF       89.1 223.7  95.3   0.1 3   0.0 999.9 0   1.0 3   0.0  37.8 0
DRV        62.5 182.2   5.6   0.1 3   0.0 999.9 0   1.0 3   0.0 999.9 0
HYB        69.0 290.3 101.6   0.1 3   0.0 999.9 0   1.0 3   0.0 999.9 0
INU        40.2 349.9 167.6   1.0 3   0.0 999.9 0
KIP        61.4  63.0 252.5   0.1 3   0.0 999.9 0   1.0 3   0.0 999.9 0
MBO       159.5 300.6  61.7   0.1 3   0.0 999.9 0   1.0 3   0.0 317.8 0   5.0 3  37.8 121.8 0
PAF        76.9 220.4  81.3   0.1 3   0.0 999.9 0   1.0 3   0.0 999.9 0   5.0 3  29.8  61.8 0
PPT        65.3 107.3 273.4   0.1 3   0.0 999.9 0
RER        87.8 249.0  93.8   0.1 3   0.0 999.9 0
SCZ        95.4  53.8 269.0   0.1 3   0.0 999.9 0
SSB       126.4 326.0  51.9   0.1 3   0.0 999.9 0   1.0 3   0.0 999.9 0   5.0 3   0.0 999.9 0
TAM       136.7 298.9  70.6   0.1 3   0.0 999.9 0   1.0 3   0.0 125.8 0
WFM       129.9  34.9 309.7   0.1 3   0.0 999.9 0
WUS        74.9 314.5 109.5   0.1 3   0.0 999.9 0   1.0 3   0.0 999.9 0

  1990  3 18  22 30  7.4   -48.580   107.420   15.0  5.2  4.9  seed seed.dat                  031890A
AGD        82.6 296.6 142.7   0.1 3   0.0 999.9 0
BNG        92.6 273.6 138.3   0.1 3   0.0 954.7 0   1.0 3  34.9 999.9 0   5.0 3  30.9  54.9 0
CAY       133.1 208.1 161.6   0.1 3   0.0 999.9 0
CRZF       36.8 251.8 114.2   0.1 3   0.0 999.9 0   1.0 3   0.0 827.9 0
DRV        24.6 149.1 301.0   0.1 3   0.0 999.9 0   1.0 3   0.0 999.9 0   5.0 3   0.0  21.9 0
HYB        70.7 330.7 160.1   0.1 3   0.0 999.9 0   1.0 3   0.0 999.9 0  20.0 3   7.5 127.5 0
INU        87.8  23.9 199.2   1.0 3   0.0 999.9 0
KIP       108.8  79.0 224.5   0.1 3   0.0 999.9 0   1.0 3   0.0 999.9 0  20.0 3  26.1  86.1 0
MBO       123.2 252.6 138.9   0.1 3   0.0 999.9 0   1.0 3   0.0 999.9 0   5.0 3  35.9 119.9 0
PAF        24.2 254.0 102.5   0.1 3   0.0 999.9 0   1.0 3   0.0 999.9 0   5.0 3   0.0  95.9 1
PPT        85.2 111.3 220.4   0.1 3   0.0 999.9 0
RER        49.2 284.8 136.6   0.1 3   0.0 999.9 0   5.0 3  31.8 151.8 0
SCZ       142.8  90.8 236.1   0.1 3   0.0 999.9 0
SSB       129.4 296.8 122.8   0.1 3   0.0 999.9 0   1.0 3   0.0 999.9 0   5.0 3   0.0 999.9 0  20.0 3  38.6  98.6 0
TAM       114.5 276.9 134.3   0.1 3   0.0 999.9 0   1.0 3   0.0 999.9 0  20.0 3  28.5  88.5 0
WFM       174.0 187.2 172.6   0.1 3   0.0 999.9 0
WUS        93.0 339.0 161.6   0.1 3   0.0 999.9 0   1.0 3   0.0 999.9 0

  1990  3 18  23 19 29.0   -20.450    66.760   15.0  5.8  5.6  seed seed.dat                  031890B
AGD        39.6 321.3 143.3   0.1 3   0.0 999.9 0
BNG        53.4 292.1 119.4   0.1 3   0.0 905.4 0   1.0 3   0.0 999.9 0   5.0 3   0.0   5.5 0
CAY       118.9 264.0 110.5   0.1 3   0.0 999.9 0
CRZF       28.7 201.8  30.2   0.1 3   0.0 999.9 0   1.0 3   0.0 778.5 0
DRV        64.7 155.1 276.9   0.1 3   0.0 999.9 0   1.0 3   0.0 999.9 0   5.0 3  20.5  48.5 0
HYB        39.5  17.9 197.6   0.1 3   0.0 999.9 0   1.0 3   0.0 999.9 0  20.0 3   0.0  78.1 0
INU        86.7  50.5 242.3   1.0 3   0.0 999.9 0
KIP       138.3  80.7 263.3   0.1 3   0.0 999.9 0   1.0 3   0.0 999.9 0  20.0 3   0.0  36.8 0
MBO        89.2 285.5 111.1   0.1 3   0.0 999.9 0   1.0 3   0.0 999.9 0   5.0 3   0.0  70.5 0
PAF        29.0 175.3 353.3   0.1 3   0.0 999.9 0   1.0 3   0.0 999.9 0   5.0 3   0.0  46.5 0
PPT       128.0 134.3 224.7   0.1 3   0.0 999.9 0
RER        10.3 264.1  88.1   0.1 3   0.0 999.9 0   5.0 3   0.0 102.5 0
SCZ       162.4  22.5 334.4   0.1 3   0.0 999.9 0
SSB        86.5 321.2 123.6   0.1 3   0.0 999.9 0   1.0 3   0.0 999.9 0   5.0 3   0.0 999.9 0  20.0 3   0.0  49.3 0
TAM        73.6 302.4 120.9   0.1 3   0.0 999.9 0   1.0 3   0.0 999.9 0  20.0 3   0.0  39.1 0
WFM       138.7 311.7  70.5   0.1 3   0.0 999.9 0
WUS        62.6  10.6 193.2   0.1 3   0.0 999.9 0   1.0 3   0.0 999.9 0

  1990  3 20   1 12 20.2    27.700   141.320   15.0  5.9  0.0  seed seed.dat                  032090A
AGD        92.1 284.2  61.3   0.1 3   0.0 999.9 0
CAY       144.9  24.0 338.7   0.1 3   0.0 999.9 0   5.0 3   0.0  84.5 0
CRZF      109.2 227.2  70.1   0.1 3   0.0 999.9 0   1.0 3   0.0 585.7 0
DRV        94.2 180.5   1.2   0.1 3   0.0 999.9 0   1.0 3   0.0 999.9 0
HYB        58.3 274.3  67.8   0.1 3   0.0 999.9 0   1.0 3   0.0 999.9 0
INU         8.5 335.4 153.2   1.0 3   0.0 999.9 0  20.0 3   0.0  35.2 0
KIP        55.0  82.1 289.5   0.1 3   0.0 999.9 0   1.0 3   0.0 999.9 0  20.0 3   0.0  59.9 0
MBO       133.0 330.7  26.6   0.1 3   0.0 999.9 0   1.0 3   0.0 999.9 0
PAF        99.4 218.9  58.4   0.1 3   0.0 999.9 0   1.0 3   0.0 999.9 0
PPT        80.7 115.3 302.8   0.1 3   0.0 999.9 0
RER        95.9 249.5  62.8   0.1 3   0.0 402.8 0
SCZ        79.3  54.2 296.7   0.1 3   0.0 999.9 0
SSB        97.3 330.9  37.6   0.1 3   0.0 999.9 0   1.0 3   0.0 999.9 0   5.0 3   0.0 999.9 0
TAM       114.0 315.3  42.5   0.1 3   0.0 999.9 0   1.0 3   0.0 999.9 0
WFM       103.6  24.2 330.5   0.1 3   0.0 999.9 0
WUS        51.9 302.2  84.3   0.1 3   0.0 999.9 0   1.0 3   0.0 999.9 0

  1990  3 20  18 55 22.3   -45.500    95.860   15.0  5.1  5.1  seed seed.dat                  032090B
AGD        74.2 305.4 144.2   0.1 3   0.0 999.9 0
CAY       131.0 223.8 150.5   0.1 3   0.0 999.9 0
CRZF       30.3 252.2 104.5   0.1 3   0.0 999.9 0   1.0 3   0.0 999.9 0
DRV        31.4 147.9 290.1   0.1 3   0.0 999.9 0   1.0 3   0.0 999.9 0   5.0 3   0.0  24.6 0
HYB        64.7 341.6 166.6   0.1 3   0.0 999.9 0   1.0 3   0.0 999.9 0  20.0 3  10.2  70.2 0
INU        88.8  32.7 207.7   1.0 3   0.0 999.9 0
KIP       116.2  85.7 229.0   0.1 3   0.0 999.9 0   1.0 3   0.0 999.9 0
MBO       116.1 263.7 133.7   0.1 3   0.0 999.9 0   1.0 3   0.0 999.9 0   5.0 3  34.6 118.6 0
PAF        17.7 248.2  87.3   0.1 3   0.0 999.9 0   1.0 3   0.0 999.9 0   5.0 3   0.0  14.6 0
PPT        93.7 119.8 219.8   0.1 3   0.0 999.9 0
RER        40.8 292.9 136.1   0.1 3   0.0 999.9 0
SCZ       150.8  95.2 241.2   0.1 3   0.0 999.9 0
SSB       121.1 304.3 124.6   0.1 3   0.0 999.9 0   1.0 3   0.0 999.9 0   5.0 3   0.0 999.9 0
TAM       106.2 285.9 132.8   0.1 3   0.0 999.9 0   1.0 3   0.0 790.6 0
WFM       170.5 254.7 109.7   0.1 3   0.0 999.9 0
WUS        87.8 347.5 168.3   0.1 3   0.0 999.9 0   1.0 3   0.0 999.9 0

  1990  3 20  22  4 51.9    29.350   131.430   57.4  5.6  0.0  seed seed.dat                  032090C
AGD        83.2 279.5  61.5   0.1 3   0.0 999.9 0
CAY       145.6   6.6 354.2   0.1 3   0.0 999.9 0
CRZF      104.2 224.7  62.5   0.1 3   0.0 999.9 0   1.0 3   0.0 873.2 0
DRV        96.1 176.6 352.5   0.1 3   0.0 999.9 0   1.0 3   0.0 999.9 0
HYB        49.6 268.5  66.0   0.1 3   0.0 999.9 0   1.0 3   0.0 999.9 0
INU         7.6  36.9 219.9   1.0 3   0.0 999.9 0  20.0 3   0.0  34.7 0
KIP        63.4  79.2 293.0   0.1 3   0.0 999.9 0   1.0 3   0.0 999.9 0  20.0 3   3.4  63.4 0
MBO       126.8 320.8  34.8   0.1 3   0.0 999.9 0   1.0 3   0.0 999.9 0
PAF        95.5 215.3  50.4   0.1 3   0.0 913.0 0   1.0 3   0.0 993.1 0
PPT        89.3 110.4 300.9   0.1 3   0.0 999.9 0
RER        88.6 244.9  57.9   0.1 3   0.0 999.9 0
SCZ        85.2  50.4 303.3   0.1 3   0.0 999.9 0
SSB        91.3 325.7  44.2   0.1 3   0.0 999.9 0   1.0 3   0.0 999.9 0   5.0 3   0.0 999.9 0
TAM       106.4 308.9  47.4   0.1 3   0.0 999.9 0   1.0 3   0.0 601.1 0
WFM       105.2  17.3 339.4   0.1 3   0.0 999.9 0
WUS        43.6 300.3  88.5   0.1 3   0.0 999.9 0   1.0 3   0.0 999.9 0  20.0 3   0.0  59.2 0

  1990  3 21  16 46  6.6   -30.710  -179.380  157.3  6.0  0.0  seed seed.dat                  032190A
AGD       136.6 252.9 122.5   0.1 3   0.0 999.9 0   5.0 3   0.0 109.6 0
BNG       148.8 216.1 149.1   0.1 3   0.0 999.9 0   1.0 3   0.0 999.9 0   5.0 3   0.0 132.9 0
CAY       124.1 106.5 236.2   0.1 3   0.0 999.9 0
CRZF       90.2 212.5 137.9   0.1 3   0.0 999.9 0   1.0 3   0.0 999.9 0
DRV        43.4 202.1  54.7   0.1 3   0.0 999.9 0   1.0 3   0.0 999.9 0   5.0 3   0.0  65.9 0
HYB       108.9 279.2 117.0   0.1 3   0.0 999.9 0   1.0 3   0.0 999.9 0  20.0 3   0.0 169.5 0
INU        77.6 324.7 142.4   1.0 3   0.0 999.9 0  20.0 3   0.0  43.4 0
KIP        55.9  24.3 202.3   0.1 3   0.0 999.9 0   1.0 3   0.0 999.9 0  20.0 3   0.0  44.2 0
MBO       157.1 131.9 222.2   0.1 3   0.0 999.9 0   1.0 3   0.0 999.9 0   5.0 3  23.9  59.9 0
PPT        30.1  71.2 238.6   0.1 3   0.0 193.7 0   5.0 3   0.0  77.2 0
RER       106.0 232.7 132.8   0.1 3   0.0 999.9 0
SCZ        86.3  43.2 227.2   0.1 3   0.0 999.9 0   5.0 3   0.0 102.9 0
SSB       165.1 348.9  12.9   0.1 3   0.0 999.9 0   1.0 3   0.0 999.9 0   5.0 3   0.0 999.9 0  20.0 3   0.0 114.7 0
TAM       171.0 209.2 151.1   0.1 3   0.0 999.9 0   1.0 3   0.0 999.9 0  20.0 3   0.0  50.5 0
WFM       122.6  56.7 256.8   0.1 3   0.0 999.9 0
WUS       117.6 303.3 107.5   0.1 3   0.0 999.9 0   1.0 3   0.0 999.9 0  20.0 3   0.0  52.0 0

  1990  3 21  22  5 56.9    -6.040   152.590   62.5  5.2  0.0  seed seed.dat                  032190B
AGD       110.5 280.0  92.1   0.1 3   0.0 999.9 0
BNG       134.2 270.2  94.0   0.1 3   0.0 999.9 0   1.0 3   0.0 999.9 0
CAY       155.2  91.4 266.5   0.1 3   0.0 999.9 0
CRZF       93.0 222.9 102.1   0.1 3   0.0 999.9 0   1.0 3   0.0 832.1 0
DRV        61.2 185.7  14.3   0.1 3   0.0 999.9 0   1.0 3   0.0 999.9 0
HYB        76.7 289.4 100.6   0.1 3   0.0 999.9 0   1.0 3   0.0 999.9 0
INU        43.8 341.5 157.3   1.0 3   0.0 999.9 0
KIP        55.6  59.0 246.3   0.1 3   0.0 999.9 0   1.0 3   0.0 999.9 0
MBO       166.8 309.4  51.5   0.1 3   0.0 999.9 0   1.0 3   0.0 999.9 0
PPT        57.6 106.9 274.0   0.1 3   0.0 999.9 0
RER        94.2 248.3  98.2   0.1 3   0.0 999.9 0
SCZ        90.4  53.4 263.0   0.1 3   0.0 999.9 0
SSB       132.0 329.7  44.8   0.1 3   0.0 999.9 0   1.0 3   0.0 999.9 0   5.0 3   0.0 999.9 0
TAM       144.1 300.9  67.0   0.1 3   0.0 999.9 0   1.0 3   0.0 999.9 0
WFM       126.7  39.9 300.7   0.1 3   0.0 999.9 0
WUS        81.6 313.0 105.4   0.1 3   0.0 999.9 0   1.0 3   0.0 999.9 0

  1990  3 22   0  0 14.4   -36.850   176.780  210.5  5.8  0.0  seed seed.dat                  032290A
AGD       131.6 250.3 129.3   0.1 3   0.0 999.9 0
BNG       142.0 216.6 151.0   0.1 3   0.0 999.9 0   1.0 3   0.0 999.9 0
CAY       125.0 113.4 227.8   0.1 3   0.0 999.9 0
CRZF       83.3 214.7 138.7   0.1 3   0.0 999.9 0   1.0 3   0.0 717.8 0
DRV        36.5 203.6  53.8   0.1 3   0.0 999.9 0   1.0 3   0.0 999.9 0
HYB       106.7 279.2 123.9   0.1 3   0.0 999.9 0   1.0 3   0.0 999.9 0
INU        80.9 327.9 148.6   1.0 3   0.0 999.9 0
KIP        62.8  26.6 202.6   0.1 3   0.0 999.9 0   1.0 3   0.0 999.9 0
MBO       154.5 148.1 206.4   0.1 3   0.0 999.9 0   1.0 3   0.0 999.9 0
PPT        35.3  66.2 230.2   0.1 3   0.0 999.9 0
RER        99.8 234.1 135.9   0.1 3   0.0 999.9 0
SCZ        93.0  45.4 225.2   0.1 3   0.0 999.9 0
SSB       169.8 326.5  36.2   0.1 3   0.0 999.9 0   1.0 3   0.0 999.9 0   5.0 3   0.0 999.9 0
TAM       164.1 210.1 153.2   0.1 3   0.0 999.9 0   1.0 3   0.0 999.9 0
WFM       128.5  61.5 252.5   0.1 3   0.0 999.9 0
WUS       118.2 301.7 115.3   0.1 3   0.0 999.9 0   1.0 3   0.0 999.9 0

  1990  3 22   2 11 50.7    -8.460   158.580  114.7  5.3  0.0  seed seed.dat                  032290B
AGD       116.8 278.6  93.6   0.1 3   0.0 999.9 0
BNG       140.1 266.7  97.8   0.1 3   0.0 999.9 0   1.0 3   0.0 999.9 0
CAY       149.1  94.7 262.0   0.1 3   0.0 999.9 0
CRZF       95.2 221.7 108.1   0.1 3   0.0 999.9 0   1.0 3   0.0 586.2 0
DRV        59.5 188.5  21.5   0.1 3   0.0 999.9 0   1.0 3   0.0 999.9 0
HYB        83.1 288.7 101.0   0.1 3   0.0 999.9 0   1.0 3   0.0 999.9 0
INU        48.2 336.2 150.7   1.0 3   0.0 999.9 0
KIP        52.0  54.4 239.8   0.1 3   0.0 999.9 0   1.0 3   0.0 999.9 0
MBO       172.6 323.3  36.2   0.1 3   0.0 999.9 0   1.0 3   0.0 946.1 0
PPT        51.2 105.7 273.2   0.1 3   0.0 999.9 0
RER        98.8 247.0 102.7   0.1 3   0.0 999.9 0
SCZ        87.1  52.6 257.5   0.1 3   0.0 999.9 0
SSB       137.0 333.0  39.1   0.1 3   0.0 999.9 0   1.0 3   0.0 999.9 0   5.0 3   0.0 999.9 0
TAM       150.5 301.8  65.0   0.1 3   0.0 999.9 0   1.0 3   0.0 999.9 0  20.0 3  18.8  78.8 1
WFM       124.5  43.5 293.2   0.1 3   0.0 999.9 0
WUS        87.6 312.0 103.1   0.1 3   0.0 999.9 0   1.0 3   0.0 999.9 0

  1990  3 23  13 35 37.0   -49.600   122.430   15.0  5.0  5.4  seed seed.dat                  032390A
AGD        92.1 285.1 140.1   0.1 3   0.0 999.9 0
BNG       102.4 262.0 139.7   0.1 3   0.0 323.2 0   1.0 3   0.0 323.4 0
CAY       135.2 187.4 175.1   0.1 3   0.0 999.9 0
CRZF       45.6 245.6 121.1   0.1 3   0.0 999.9 0   1.0 3   0.0 999.9 0
DRV        19.3 158.7 323.6   0.1 3   0.0 999.9 0   1.0 3   0.0 999.9 0   5.0 3   0.0  16.4 0
HYB        77.3 317.2 152.4   0.1 3   0.0 999.9 0   1.0 3   0.0 999.9 0
INU        85.7  12.0 189.5   1.0 3   0.0 999.9 0
KIP        99.6  68.5 220.6   0.1 3   0.0 999.9 0   1.0 3   0.0 999.9 0
MBO       131.8 237.4 145.3   0.1 3   0.0 999.9 0   1.0 3   0.0 999.9 0
PPT        75.5 100.2 222.1   0.1 3   0.0 999.9 0
RER        59.1 273.0 135.9   0.1 3   0.0 999.9 0
SCZ       133.0  81.3 233.3   0.1 3   0.0 999.9 0
SSB       138.9 288.1 118.7   0.1 3   0.0 999.9 0   1.0 3   0.0 999.9 0   5.0 3   0.0 999.9 0  20.0 3   0.0   1.1 0
TAM       124.4 265.0 135.2   0.1 3   0.0 999.9 0   1.0 3   0.0 999.9 0
WFM       168.1 122.2 230.7   0.1 3   0.0 999.9 0
WUS        98.2 328.4 153.2   0.1 3   0.0 624.2 0   1.0 3   0.0 474.2 0

  1990  3 23  14  7 15.1    16.440   -96.030   44.1  5.2  0.0  seed seed.dat                  032390B
AGD       130.7  58.1 303.7   0.1 3   0.0 999.9 0
BNG       112.1  78.0 289.7   0.1 3   0.0 291.6 0   1.0 3   0.0 291.7 0
CAY        44.3  99.9 288.4   0.1 3   0.0 999.9 0
CRZF      139.9 145.0 232.0   0.1 3   0.0 999.9 0   1.0 3   0.0 999.9 0
DRV       118.2 202.1 115.7   0.1 3   0.0 999.9 0   1.0 3   0.0 999.9 0   5.0 3  24.8  56.7 0
HYB       145.8   9.2 350.7   0.1 3   0.0 999.9 0   1.0 3   0.0 999.9 0
INU       107.9 316.7  53.6   1.0 3   0.0 999.9 0
KIP        58.5 285.4  83.3   0.1 3   0.0 999.9 0   1.0 3   0.0 999.9 0
MBO        75.8  78.9 283.7   0.1 3   0.0 999.9 0   1.0 3   0.0 999.9 0
PPT        62.7 239.8  60.4   0.1 3   0.0 999.9 0
RER       152.9 103.9 264.3   0.1 3   0.0 999.9 0
SCZ        30.2 316.7 125.0   0.1 3   0.0 999.9 0
SSB        85.6  44.0 289.1   0.1 3   0.0 999.9 0   1.0 3   0.0 999.9 0   5.0 3   0.0 999.9 0
TAM        93.9  64.9 289.7   0.1 3   0.0 999.9 0   1.0 3   0.0 999.9 0
WFM        33.5  33.8 226.3   0.1 3   0.0 999.9 0
WUS       122.3   4.2 354.6   0.1 3   0.0 592.6 0   1.0 3   0.0 442.6 0

  1990  3 23  21  6  3.7    43.660   147.220   20.4  5.2  4.7  seed seed.dat                  032390C
AGD        92.3 288.4  44.7   0.1 3   0.0 999.9 0
CAY       128.4  25.0 342.0   0.1 3   0.0 999.9 0
CRZF      123.0 235.4  59.7   0.1 3   0.0 999.9 0   1.0 3   0.0 872.0 0
DRV       110.3 183.1   5.6   0.1 3   0.0 999.9 0   1.0 3   0.0 999.9 0
HYB        62.8 268.6  49.4   0.1 3   0.0 999.9 0   1.0 3   0.0 999.9 0
INU        11.4 226.9  40.4   1.0 3   0.0 999.9 0  20.0 3   0.0  37.5 0
KIP        50.2  97.9 309.6   0.1 3   0.0 999.9 0   1.0 3   0.0 999.9 0
MBO       120.3 342.3  13.2   0.1 3   0.0 999.9 0   1.0 3   0.0 999.9 0
PPT        84.0 120.9 319.3   0.1 3   0.0 999.9 0
RER       105.4 255.6  48.9   0.1 3   0.0 999.9 0
SCZ        66.7  61.0 308.0   0.1 3   0.0 999.9 0
SSB        85.3 334.6  26.1   0.1 3   0.0 999.9 0   1.0 3   0.0 999.9 0   5.0 3   0.0 999.9 0
TAM       105.0 323.8  27.7   0.1 3   0.0 999.9 0   1.0 3   0.0 945.1 0
WFM        87.2  27.4 333.1   0.1 3   0.0 999.9 0
WUS        48.9 292.0  63.1   0.1 3   0.0 173.8 0   1.0 3   0.0  23.8 0  20.0 3   2.0  62.0 0

  1990  3 24   7  5 52.8   -47.960   164.530   15.0  5.4  5.2  seed seed.dat                  032490A
AGD       119.6 253.1 138.8   0.1 3   0.0 999.9 0
CAY       126.8 132.0 210.3   0.1 3   0.0 999.9 0
CRZF       69.0 223.0 138.5   0.1 3   0.0 999.9 0   1.0 3   0.0 272.2 0
DRV        22.6 205.4  46.4   0.1 3   0.0 999.9 0   1.0 3   0.0 999.9 0   5.0 3   0.0  18.1 0
HYB       100.2 284.5 137.0   0.1 3   0.0 999.9 0   1.0 3   0.0 999.9 0
INU        86.7 337.7 161.8   1.0 3   0.0 999.9 0
KIP        76.9  35.7 204.9   0.1 3   0.0 999.9 0   1.0 3   0.0 999.9 0  20.0 3   0.0  56.4 0
MBO       146.5 177.4 181.8   0.1 3   0.0 999.9 0   1.0 3   0.0 999.9 0
PPT        48.1  67.1 220.4   0.1 3   0.0 999.9 0
RER        86.3 242.2 140.5   0.1 3   0.0 999.9 0
SCZ       107.0  54.2 222.7   0.1 3   0.0 999.9 0
SSB       166.0 264.8 106.7   0.1 3   0.0 999.9 0   1.0 3   0.0 999.9 0   5.0 3   0.0 999.9 0
TAM       149.8 220.6 151.1   0.1 3   0.0 999.9 0   1.0 3   0.0 345.3 0
WFM       141.0  76.9 242.7   0.1 3   0.0 999.9 0

  1990  3 24  17 20 18.4   -16.520  -172.490   29.6  5.4  4.9  seed seed.dat                  032490B
AGD       145.4 266.1 102.1   0.1 3   0.0 999.9 0
CAY       120.3  94.1 253.9   0.1 3   0.0 999.9 0
CRZF      105.6 210.1 136.0   0.1 3   0.0 999.9 0   1.0 3   0.0 999.9 0
DRV        58.8 200.1  55.8   0.1 3   0.0 999.9 0   1.0 3   0.0 999.9 0
HYB       112.5 282.2 100.9   0.1 3   0.0 999.9 0   1.0 3   0.0 999.9 0
INU        70.4 317.9 128.1   1.0 3   0.0 999.9 0
KIP        40.4  21.1 201.8   0.1 3   0.0 999.9 0   1.0 3   0.0 999.9 0
MBO       156.3  92.3 262.1   0.1 3   0.0 927.5 0   1.0 3   0.0 927.7 0
PPT        21.9  96.1 269.3   0.1 3   0.0 999.9 0
RER       119.6 233.1 124.8   0.1 3   0.0 999.9 0
SCZ        71.6  41.4 232.0   0.1 3   0.0 999.9 0
SSB       151.2   4.4 354.2   0.1 3   0.0 999.9 0   1.0 3   0.0 999.9 0   5.0 3   0.0 999.9 0
TAM       173.5  16.9 343.7   0.1 3   0.0 999.9 0   1.0 3   0.0 999.9 0
WFM       109.1  50.2 265.1   0.1 3   0.0 999.9 0

  1990  3 25   0  1 10.8    33.340    56.990   15.0  4.9  4.7  seed seed.dat                  032590A
AGD        25.3 214.2  28.6   0.1 3   0.0 999.9 0
CAY       103.2 285.2  54.2   0.1 3   0.0 999.9 0
CRZF       79.7 183.6   4.4   0.1 3   0.0 999.9 0   1.0 3   0.0 999.9 0
DRV       117.6 153.4 290.3   0.1 3   0.0 999.9 0   1.0 3   0.0 999.9 0
HYB        25.0 124.0 313.4   0.1 3   0.0 999.9 0   1.0 3   0.0 999.9 0  20.0 3   0.0  46.4 0
INU        64.2  63.2 293.9   1.0 3   0.0 999.9 0
KIP       116.0  36.4 327.8   0.1 3   0.0 999.9 0   1.0 3   0.0 999.9 0
MBO        68.9 273.8  59.5   0.1 3   0.0 526.7 0   1.0 3   0.0 526.8 0
PPT       151.4  62.6 308.1   0.1 3   0.0 999.9 0
RER        54.4 181.4   1.3   0.1 3   0.0 999.9 0
SCZ       110.2 358.6   1.4   0.1 3   0.0 999.9 0
SSB        41.6 302.6  87.8   0.1 3   0.0 999.9 0   1.0 3   0.0 999.9 0   5.0 3   0.0 999.9 0
TAM        46.2 270.7  65.0   0.1 3   0.0 999.9 0   1.0 3   0.0 999.9 0
WFM        90.7 324.8  40.8   0.1 3   0.0 999.9 0

  1990  3 25   1 10 43.3   -32.780  -178.070   15.0  5.1  5.1  seed seed.dat                  032590B
AGD       137.0 249.7 125.9   0.1 3   0.0 999.9 0
CAY       122.4 106.9 234.2   0.1 3   0.0 999.9 0
CRZF       89.0 211.9 140.0   0.1 3   0.0 999.9 0   1.0 3   0.0 999.9 0
DRV        41.9 203.4  57.4   0.1 3   0.0 999.9 0   1.0 3   0.0 999.9 0
HYB       110.3 277.8 119.0   0.1 3   0.0 999.9 0   1.0 3   0.0 999.9 0  20.0 3  40.9 100.9 0
INU        79.9 324.0 142.7   1.0 3   0.0 999.9 0
KIP        57.3  22.4 200.1   0.1 3   0.0 999.9 0   1.0 3   0.0 999.9 0
MBO       154.9 132.9 220.2   0.1 3   0.0 457.1 0   1.0 3   0.0 457.3 0
PPT        29.8  66.4 234.0   0.1 3   0.0 999.9 0
RER       105.6 231.3 135.2   0.1 3   0.0 999.9 0
SCZ        87.1  42.4 224.9   0.1 3   0.0 999.9 0
SSB       167.3 351.3   9.8   0.1 3   0.0 999.9 0   1.0 3   0.0 999.9 0   5.0 3   0.0 999.9 0
TAM       169.5 198.0 162.6   0.1 3   0.0 999.9 0   1.0 3   0.0 999.9 0
WFM       122.8  57.5 254.1   0.1 3   0.0 999.9 0

  1990  3 25   6 22 22.3     7.820   127.160   32.9  5.0  0.0  seed seed.dat                  032590C
AGD        82.9 280.7  83.4   0.1 3   0.0 999.9 0
CAY       167.3 357.6   2.3   0.1 3   0.0 999.9 0
CRZF       85.7 222.2  74.2   0.1 3   0.0 999.9 0   1.0 3   0.0 999.9 0
DRV        75.0 174.7 346.8   0.1 3   0.0 999.9 0   1.0 3   0.0 999.9 0
HYB        48.3 286.3  95.0   0.1 3   0.0 999.9 0   1.0 3   0.0 999.9 0
INU        28.9  16.9 200.6   1.0 3   0.0 999.9 0
KIP        73.1  70.0 272.0   0.1 3   0.0 999.9 0   1.0 3   0.0 999.9 0
MBO       138.1 301.8  60.2   0.1 3   0.0 145.5 0   1.0 3   0.0 145.6 0
PPT        86.0 108.2 279.3   0.1 3   0.0 999.9 0
RER        75.8 245.9  75.8   0.1 3   0.0 999.9 0
SCZ       102.1  50.0 289.6   0.1 3   0.0 999.9 0
SSB       106.3 321.7  60.2   0.1 3   0.0 999.9 0   1.0 3   0.0 999.9 0   5.0 3   0.0 999.9 0
TAM       115.3 299.7  68.7   0.1 3   0.0 999.9 0   1.0 3   0.0 999.9 0
WFM       126.9  17.2 336.8   0.1 3   0.0 999.9 0

  1990  3 25  13 22 54.9     9.950   -84.580   17.9  6.3  7.0  seed seed.dat                  032590D
AGD       123.5  69.0 290.3   0.1 3   0.0 999.9 0   5.0 3   0.0 112.9 0
CAY        32.4  96.4 280.7   0.1 3   0.0 999.9 0   5.0 3   0.0  91.9 0
CRZF      128.1 142.6 239.3   0.1 3   0.0 999.9 0   1.0 3   0.0 999.9 0
DRV       115.9 198.1 129.9   0.1 3   0.0 999.9 0   1.0 3   0.0 999.9 0   5.0 3   0.0 185.1 0
HYB       148.0  31.5 327.5   0.1 3   0.0 999.9 0   1.0 3   0.0 999.9 0  20.0 3   0.0  44.7 0
INU       120.1 321.2  49.0   1.0 3   0.0 999.9 0  20.0 3   0.0 112.6 0
KIP        71.1 289.3  86.4   0.1 3   0.0 999.9 0   1.0 3   0.0 999.9 0  20.0 3   0.0  39.3 0
MBO        66.0  78.6 274.7   0.1 3   0.0 176.5 0   1.0 3   0.0 216.7 0   5.0 3   0.0 216.7 0
PAF       135.4 156.5 216.5   0.1 3   0.0 999.9 0
PPT        69.8 247.2  72.2   0.1 3   0.0 999.9 0   5.0 3   0.0 108.8 0
RER       140.3 111.0 259.6   0.1 3   0.0 999.9 0   5.0 3  16.9 136.9 0
SCZ        42.6 314.5 119.1   0.1 3   0.0 999.9 0   5.0 3   0.0  92.1 0
SSB        82.4  45.4 276.6   0.1 3   0.0 999.9 0   1.0 3   0.0 999.9 0   5.0 3   0.0 999.9 0  20.0 3   0.0  45.8 0
TAM        86.3  67.6 279.3   0.1 3   0.0 999.9 0   1.0 3   0.0 999.9 0  20.0 3   0.0  37.5 0
WFM        34.6  17.2 203.2   0.1 3   0.0 999.9 0   5.0 3   0.0  92.7 0

  1990  3 25  21 35 24.7     9.650   -84.670   15.0  5.5  5.3  seed seed.dat                  032590E
AGD       123.7  69.1 290.0   0.1 3   0.0 739.6 0
CAY        32.4  95.9 280.2   0.1 3   0.0 999.9 0
CRZF      127.9 142.8 239.0   0.1 3   0.0 999.9 0   1.0 3   0.0 999.9 0
DRV       115.6 198.1 129.9   0.1 3   0.0 999.9 0   1.0 3   0.0 999.9 0
HYB       148.3  31.6 327.3   0.1 3   0.0 999.9 0   1.0 3   0.0 999.9 0
INU       120.3 321.0  49.3   1.0 3   0.0 999.9 0
KIP        71.1 289.4  86.7   0.1 3   0.0 999.9 0   1.0 3   0.0 999.9 0
MBO        66.2  78.5 274.4   0.1 3   0.0 999.9 0   1.0 3   0.0 752.6 0   5.0 3   8.6  40.6 0
PAF       135.2 156.7 216.2   0.1 3   0.0 999.9 0   1.0 3   0.0 999.9 0
PPT        69.6 247.2  72.4   0.1 3   0.0 999.9 0
RER       140.3 111.3 259.1   0.1 3   0.0 999.9 0
SCZ        42.7 314.8 119.5   0.1 3   0.0 999.9 0
SSB        82.6  45.3 276.4   0.1 3   0.0 999.9 0   1.0 3   0.0 761.9 0   5.0 3   0.0 999.9 0
TAM        86.5  67.5 279.1   0.1 3   0.0 999.9 0   1.0 3   0.0 999.9 0
WFM        34.9  17.1 203.2   0.1 3   0.0 999.9 0

  1990  3 26  22 47 17.0     9.040   125.740   44.0  5.6  5.5  seed seed.dat                  032690A
AGD        81.3 280.4  82.5   0.1 3   0.0 999.9 0
CAN        49.4 154.8 329.0   1.0 3   0.0 999.9 0
CAY       165.9 352.1   7.9   0.1 3   0.0 620.7 0
CRZF       85.6 221.8  72.3   0.1 3   0.0 630.6 0   1.0 3   0.0 830.8 0
DRV        76.3 174.2 345.5   0.1 3   0.0 999.9 0   1.0 3   0.0 999.9 0   5.0 3  16.7  48.7 0
HYB        46.6 285.4  94.0   0.1 3   0.0 999.9 0   1.0 3   0.0 999.9 0  20.0 3   0.0  40.3 0
INU        28.2  19.8 204.2   1.0 3   0.0 999.9 0  20.0 3   0.0  38.2 0
KIP        74.0  70.3 273.7   0.1 3   0.0 999.9 0   1.0 3   0.0 999.9 0
MBO       136.2 301.9  59.8   0.1 3   0.0 620.6 0   1.0 3   0.0 635.7 0   5.0 3  36.7 112.7 0
PAF        75.7 213.8  57.3   0.1 3   0.0 999.9 0   1.0 3   0.0 999.9 0   5.0 3  14.7  54.7 0
PPT        87.7 108.0 280.1   0.1 3   0.0 999.9 0
RER        75.0 245.3  74.0   0.1 3   0.0 999.9 0
SCZ       102.4  49.4 291.4   0.1 3   0.0 999.9 0
SSB       104.5 321.4  60.6   0.1 3   0.0 999.9 0   1.0 3   0.0 999.9 0   5.0 3   0.0 999.9 0
TAM       113.4 299.7  68.3   0.1 3   0.0 999.9 0   1.0 3   0.0 999.9 0
WFM       126.1  15.7 338.9   0.1 3   0.0 999.9 0

  1990  3 27  20  4 16.0    -5.380   145.670   69.3  5.4  0.0  seed seed.dat                  032790A
AGD       103.6 280.5  92.7   0.1 3   0.0 999.9 0
CAN        30.0 174.5 353.3   0.1 3   0.0 999.9 0   1.0 3   0.0 999.9 0
CRZF       88.7 223.6  96.6   0.1 3   0.0 999.9 0   1.0 3   0.0 993.8 0
DRV        61.4 182.6   6.4   0.1 3   0.0 999.9 0   1.0 3   0.0 999.9 0   5.0 3   0.0  19.7 0
HYB        70.0 290.6 102.5   0.1 3   0.0 999.9 0   1.0 3   0.0 999.9 0
INU        41.4 349.3 166.9   1.0 3   0.0 999.9 0
KIP        61.3  62.2 250.9   0.1 3   0.0 999.9 0   1.0 3   0.0 199.1 0
MBO       160.7 298.7  63.6   0.1 3   0.0 999.9 0   1.0 3   0.0 999.9 0
PAF        76.5 220.6  82.6   0.1 3   0.0 999.9 0   1.0 3   0.0 356.7 0
PPT        64.3 106.8 272.4   0.1 3   0.0 999.9 0
RER        88.0 249.0  95.1   0.1 3   0.0 999.9 0
SCZ        95.5  53.9 267.6   0.1 3   0.0 999.9 0
SSB       127.8 325.8  52.0   0.1 3   0.0 999.9 0   1.0 3   0.0 999.9 0   5.0 3   0.0 999.9 0
TAM       137.8 298.1  71.6   0.1 3   0.0 999.9 0   1.0 3   0.0 133.6 0
WFM       130.4  35.9 308.1   0.1 3   0.0 999.9 0

  1990  3 28   1 20 41.5   -21.940   174.620   15.0  5.2  4.9  seed seed.dat                  032890A
AGD       132.9 265.1 109.0   0.1 3   0.0 999.9 0
CAN        26.0 233.6  66.1   0.1 3   0.0 999.9 0   1.0 3   0.0 999.9 0  20.0 3   0.0  44.6 0
CAY       131.6 103.7 245.1   0.1 3   0.0 999.9 0
CRZF       94.4 215.6 128.6   0.1 3   0.0 999.9 0   1.0 3   0.0 677.3 0
DRV        49.8 197.2  43.7   0.1 3   0.0 999.9 0   1.0 3   0.0 999.9 0
HYB       101.8 284.0 109.3   0.1 3   0.0 999.9 0   1.0 3   0.0 999.9 0
INU        67.3 327.2 142.0   1.0 3   0.0 999.9 0
KIP        50.8  33.6 213.5   0.1 3   0.0 999.9 0   1.0 3   0.0 999.9 0
MBO       166.7 123.3 234.7   0.1 3   0.0 999.9 0   1.0 3   0.0 999.9 0   5.0 3  35.3  67.3 0
PAF        82.4 219.6 115.1   0.1 3   0.0 999.9 0   1.0 3   0.0  45.3 1   5.0 3  17.3  49.3 0
PPT        33.9  89.1 256.7   0.1 3   0.0 999.9 0
RER       106.5 238.4 122.1   0.1 3   0.0 999.9 0
SCZ        83.9  46.8 237.2   0.1 3   0.0 999.9 0
SSB       155.3 342.9  22.2   0.1 3   0.0 999.9 0   1.0 3   0.0 999.9 0   5.0 3   0.0 999.9 0
TAM       169.9 275.3  85.7   0.1 3   0.0 999.9 0   1.0 3   0.0 999.9 0
WFM       121.9  52.8 269.0   0.1 3   0.0 999.9 0

  1990  3 28  19 50 19.6   -16.470  -172.740   15.0  5.4  4.1  seed seed.dat                  032890B
AGD       145.2 266.2 102.0   0.1 3   0.0 999.9 0
CAN        38.9 233.7  71.2   0.1 3   0.0 999.9 0   1.0 3   0.0 999.9 0
CAY       120.5  94.2 253.9   0.1 3   0.0 999.9 0
CRZF      105.5 210.2 135.8   0.1 3   0.0 999.9 0   1.0 3   0.0 967.7 0
DRV        58.8 200.0  55.5   0.1 3   0.0 999.9 0   1.0 3   0.0 999.9 0
HYB       112.2 282.3 100.9   0.1 3   0.0 999.9 0   1.0 3   0.0 999.9 0
INU        70.3 318.0 128.3   1.0 3   0.0 999.9 0
KIP        40.4  21.5 202.2   0.1 3   0.0 999.9 0   1.0 3   0.0 999.9 0
MBO       156.6  92.2 262.2   0.1 3   0.0 999.9 0   1.0 3   0.0 999.9 0
PAF        94.0 215.7 121.2   0.1 3   0.0 999.9 0   1.0 3   0.0 999.9 0
PPT        22.2  96.2 269.4   0.1 3   0.0 999.9 0
RER       119.4 233.3 124.5   0.1 3   0.0 999.9 0
SCZ        71.7  41.5 232.2   0.1 3   0.0 999.9 0
SSB       151.1   4.0 354.6   0.1 3   0.0 999.9 0   1.0 3   0.0 999.9 0   5.0 3   0.0 999.9 0
TAM       173.5  14.8 345.7   0.1 3   0.0 999.9 0   1.0 3   0.0 999.9 0
WFM       109.2  50.2 265.3   0.1 3   0.0 999.9 0

  1990  3 29   4 34  4.1    45.590   149.260   60.7  5.2  0.0  seed seed.dat                  032990A
AGD        93.0 289.9  42.4   0.1 3   0.0 999.9 0
CAN        80.7 180.2   0.2   0.1 3   0.0 999.9 0   1.0 3   0.0 999.9 0
CAY       126.0  26.8 341.4   0.1 3   0.0 999.9 0
CRZF      125.3 237.4  58.8   0.1 3   0.0 999.9 0   1.0 3   0.0 444.0 0
DRV       112.3 184.0   7.0   0.1 3   0.0 999.9 0   1.0 3   0.0 999.9 0
HYB        64.3 269.1  47.3   0.1 3   0.0 999.9 0   1.0 3   0.0 661.3 0
INU        13.8 226.5  38.5   1.0 3   0.0 999.9 0
KIP        49.1 101.1 312.4   0.1 3   0.0 999.9 0   1.0 3   0.0 999.9 0
MBO       118.9 344.8  11.0   0.1 3   0.0 999.9 0   1.0 3   0.0 999.9 0
PAF       117.0 226.2  50.8   0.1 3   0.0 999.9 0   1.0 3   0.0 999.9 0
PPT        83.8 122.6 321.7   0.1 3   0.0 999.9 0
RER       107.3 257.5  47.3   0.1 3   0.0 999.9 0
SCZ        64.5  62.9 309.1   0.1 3   0.0 999.9 0
SSB        84.1 335.9  24.0   0.1 3   0.0 999.9 0   1.0 3   0.0 999.9 0   5.0 3   0.0 999.9 0  20.0 3   0.0  36.7 0
TAM       104.2 325.8  25.3   0.1 3   0.0 999.9 0   1.0 3   0.0 999.9 0
WFM        84.8  28.8 332.7   0.1 3   0.0 999.9 0

  1990  3 29  14 15 45.4    16.720   146.110   15.0  5.3  4.7  seed seed.dat                  032990B
AGD        99.1 285.1  70.8   0.1 3   0.0 999.9 0
CAN        52.0 177.0 356.5   0.1 3   0.0 999.9 0   1.0 3   0.0 999.9 0
CAY       151.7  41.5 320.2   0.1 3   0.0 999.9 0
CRZF      104.9 225.6  81.5   0.1 3   0.0 999.9 0   1.0 3   0.0 999.9 0
DRV        83.4 182.4   5.9   0.1 3   0.0 999.9 0   1.0 3   0.0 999.9 0
HYB        64.2 281.7  79.4   0.1 3   0.0 999.9 0   1.0 3   0.0  79.6 0
INU        20.3 338.1 154.1   1.0 3   0.0 999.9 0
KIP        52.8  75.5 275.2   0.1 3   0.0 999.9 0   1.0 3   0.0 999.9 0
MBO       144.8 330.8  28.9   0.1 3   0.0 999.9 0   1.0 3   0.0 999.9 0
PAF        93.7 219.5  68.8   0.1 3   0.0 999.9 0   1.0 3   0.0 999.9 0
PPT        72.0 115.2 294.6   0.1 3   0.0 999.9 0
RER        96.3 250.0  74.7   0.1 3   0.0 999.9 0
SCZ        82.1  54.2 285.1   0.1 3   0.0 999.9 0
SSB       109.0 332.4  38.9   0.1 3   0.0 999.9 0   1.0 3   0.0 861.6 0   5.0 3   0.0 899.9 0
TAM       124.9 314.5  47.7   0.1 3   0.0 999.9 0   1.0 3   0.0 999.9 0
WFM       111.4  28.9 321.2   0.1 3   0.0 999.9 0

  1990  3 29  16 19 15.2    39.040    73.090   22.0  5.4  5.2  seed seed.dat                  032990C
AGD        38.4 232.7  39.2   0.1 3   0.0 999.9 0
BNG        60.1 249.6  47.0   0.1 3   3.7 999.9 0   1.0 3  23.7 999.9 0   5.0 3  15.7  43.7 0
CAN       102.0 125.7 309.3   0.1 3   0.0 999.9 0   1.0 3   0.0 999.9 0
CAY       113.3 298.1  43.7   0.1 3   0.0 999.9 0
CRZF       87.4 194.6  16.5   0.1 3   0.0 999.9 0   1.0 3   0.0 999.9 0
DRV       117.1 155.6 306.3   0.1 3   0.0 999.9 0   1.0 3   0.0 999.9 0
HYB        22.1 166.0 348.6   0.1 3   0.0 999.9 0   1.0 3   0.0 999.9 0  20.0 3   0.0  42.3 0
INU        50.1  73.0 294.4   1.0 3   0.0 999.9 0
KIP       103.1  48.0 321.6   0.1 3   0.0 999.9 0   1.0 3   0.0 999.9 0
MBO        81.1 281.4  52.0   0.1 3   0.0 999.9 0   1.0 3   0.0 999.9 0
PAF        88.2 181.9   2.2   0.1 3   0.0 999.9 0   1.0 3   0.0 999.9 0
PPT       137.3  71.8 308.7   0.1 3   0.0 999.9 0
RER        62.2 198.4  15.3   0.1 3   0.0 999.9 0
SCZ       103.4  11.9 348.5   0.1 3   0.0 999.9 0
SSB        49.7 300.7  71.5   0.1 3   0.0 999.9 0   1.0 3   0.0 738.1 0   5.0 3   0.0 776.4 0
TAM        58.9 275.4  57.1   0.1 3   0.0 999.9 0   1.0 3   0.0 999.9 0
WFM        92.4 334.7  26.8   0.1 3   0.0 999.9 0

  1990  3 30   0 42  7.4    20.100   121.640   70.6  5.5  0.0  seed seed.dat                  033090A
AGD        75.7 277.3  72.0   0.1 3   0.0 999.9 0
BNG       100.7 278.9  68.7   0.1 3   0.0 999.9 0   1.0 3   0.0 999.9 0
CAN        61.1 154.5 330.3   0.1 3   0.0 999.9 0   1.0 3   0.0 999.9 0
CAY       154.3 346.1  13.2   0.1 3   0.0 999.9 0
CRZF       91.4 220.6  62.1   0.1 3   0.0 595.8 0   1.0 3   0.0 795.9 0
DRV        87.7 172.8 342.7   0.1 3   0.0 999.9 0   1.0 3   0.0 999.9 0
HYB        40.8 273.7  79.2   0.1 3   0.0 999.9 0   1.0 3   0.0 999.9 0
INU        20.4  38.6 225.8   1.0 3   0.0 999.9 0  20.0 3   0.0  39.4 0
KIP        74.2  72.5 285.8   0.1 3   0.0 999.9 0   1.0 3   0.0 999.9 0
MBO       126.7 307.1  50.8   0.1 3   0.0 999.9 0   1.0 3   0.0 999.9 0
PAF        83.0 211.1  47.9   0.1 3   0.0 999.9 0   1.0 3   0.0 999.9 0
PPT        94.8 106.7 289.3   0.1 3   0.0 999.9 0
RER        76.4 241.3  62.1   0.1 3   0.0 999.9 0
SCZ        98.0  46.3 302.4   0.1 3   0.0 999.9 0
SSB        93.4 321.1  56.8   0.1 3   0.0 999.9 0   1.0 3   0.0 235.2 0   5.0 3   0.0 273.5 0
TAM       104.4 301.3  60.5   0.1 3   0.0 999.9 0   1.0 3   0.0 999.9 0
WFM       116.3  10.8 346.3   0.1 3   0.0 999.9 0

  1990  3 31  19 31 44.2    42.980   146.490   15.0  5.9  5.8  seed seed.dat                  033190A
AGD        92.0 287.8  45.5   0.1 3   0.0 999.9 0
BNG       113.4 301.3  39.1   0.1 3   0.0 999.9 0   1.0 3   0.0 999.9 0   5.0 3  27.3  91.3 0
CAN        78.1 177.9 358.1   0.1 3   0.0 268.2 0   1.0 3   0.0 999.9 0
CAY       129.2  24.4 342.2   0.1 3   0.0 999.9 0
CRZF      122.2 234.8  60.0   0.1 3   0.0 999.9 0   1.0 3   0.0 999.9 0
DRV       109.6 182.7   5.1   0.1 3   0.0 326.1 0   1.0 3   0.0 296.2 0   5.0 3  44.3  84.3 0
HYB        62.2 268.5  50.2   0.1 3   0.0 999.9 0   1.0 3   0.0 999.9 0  20.0 3   0.0  41.8 0
INU        10.6 227.1  41.1   1.0 3   0.0 999.9 0  20.0 3   0.0  33.8 0
KIP        50.6  96.7 308.6   0.1 3   0.0 999.9 0   1.0 3   0.0 999.9 0  20.0 3   0.0  57.4 0
MBO       120.8 341.3  14.1   0.1 3   0.0 999.9 0   1.0 3   0.0 999.9 0   5.0 3   8.3 104.3 0
PAF       113.7 224.1  51.3   0.1 3   0.0 999.9 0   1.0 3   0.0 999.9 0   5.0 3  31.3  63.3 0
PPT        84.1 120.4 318.4   0.1 3   0.0 999.9 0
RER       104.7 255.0  49.5   0.1 3   0.0 999.9 0
SCZ        67.5  60.3 307.6   0.1 3   0.0 999.9 0
SSB        85.6 334.2  26.9   0.1 3   0.0 999.9 0   1.0 3   0.0 999.9 0   5.0 3   0.0 999.9 0  20.0 3   0.0  47.0 0
TAM       105.2 323.1  28.6   0.1 3   0.0 999.9 0   1.0 3   0.0 999.9 0  20.0 3  14.4  74.4 0
WFM        88.0  27.0 333.2   0.1 3   0.0 999.9 0

  1990  4  1  16 13  5.4    24.060   140.620  202.7  5.4  0.0  seed seed.dat                  040190A
AGD        92.3 283.8  64.9   0.1 3   0.0 999.9 0
BNG       116.9 288.9  60.3   0.1 3   0.0 889.7 0   1.0 3   0.0 929.9 0
CAY       148.5  25.1 337.0   0.1 3   0.0 999.9 0
CRZF      106.3 226.2  72.4   0.1 3   0.0 999.9 0   1.0 3   0.0 999.9 0
DRV        90.6 180.2   0.6   0.1 3   0.0 999.9 0   1.0 3   0.0 999.9 0
HYB        58.0 276.2  72.1   0.1 3   0.0 999.9 0   1.0 3   0.0 999.9 0
INU        11.7 345.3 163.6   1.0 3   0.0 999.9 0
KIP        56.2  79.5 285.3   0.1 3   0.0 999.9 0   1.0 3   0.0 999.9 0
MBO       135.8 328.1  30.0   1.0 3   0.0  58.9 0
PAF        96.2 218.4  60.2   0.1 3   0.0 999.9 0   1.0 3   0.0 999.9 0
PPT        79.7 114.4 299.2   0.1 3   0.0 999.9 0
RER        94.0 248.9  66.0   0.1 3   0.0 999.9 0
SCZ        82.0  53.5 294.1   0.1 3   0.0 999.9 0
SSB       100.1 330.2  40.0   0.1 3   0.0 999.9 0   1.0 3   0.0 999.9 0   5.0 3   0.0 999.9 0
TAM       116.1 313.6  45.8   0.1 3   0.0 999.9 0   1.0 3   0.0 999.9 0
WFM       107.2  24.2 329.5   0.1 3   0.0 999.9 0
WUS        53.4 304.4  88.6   0.1 3   0.0 999.9 0   1.0 3   0.0 999.9 0

  1990  4  2  13 56 34.6   -33.040   -72.630   15.0  5.5  5.5  seed seed.dat                  040290A
AGD       117.5  94.3 238.9   0.1 3   0.0 999.9 0
BNG        93.4  87.1 237.3   1.0 3   0.0  31.4 0   5.0 3  15.4  39.4 0
CAY        42.5  30.9 205.6   0.1 3   0.0 999.9 0
CRZF       86.3 145.3 223.8   0.1 3   0.0 999.9 0   1.0 3   0.0 999.9 0
DRV        77.4 192.7 152.4   0.1 3   0.0  31.3 0   1.0 3   0.0 611.4 0   5.0 3  19.5  51.4 0
HYB       149.8 114.5 233.9   0.1 3   0.0 999.9 0   1.0 3   0.0 999.9 0  20.0 3   0.0  51.0 0
INU       155.4 282.9  92.4   1.0 3   0.0 999.9 0
KIP        97.8 290.2 122.2   0.1 3   0.0 999.9 0   1.0 3   0.0 999.9 0  20.0 3   4.5  64.5 0
MBO        71.1  57.9 227.2   0.1 3   0.0 999.9 0   1.0 3   0.0 999.9 0   5.0 3   0.0  50.4 0
PAF        91.4 156.8 210.4   0.1 3   0.0 822.3 0   1.0 3   0.0 822.4 0   5.0 3  22.4  50.4 0
PPT        69.9 261.6 119.4   0.1 3   0.0 999.9 0
RER       106.9 130.3 223.4   0.1 3   0.0 999.9 0
SCZ        83.1 322.3 140.4   0.1 3   0.0 999.9 0
SSB       104.7  45.5 238.0   0.1 3   0.0 999.9 0   1.0 3   0.0 999.9 0   5.0 3   0.0 999.9 0  20.0 3  24.2  84.2 0
TAM        92.9  64.9 235.5   0.1 3   0.0 999.9 0   1.0 3   0.0 305.9 0  20.0 3   0.0 101.5 0
WFM        75.5   0.9 181.0   0.1 3   0.0 999.9 0
WUS       156.2  62.6 281.8   0.1 3   0.0 999.9 0   1.0 3   0.0 999.9 0  20.0 3   0.0  51.5 0

  1990  4  2  19  6 16.2    33.060    68.360   15.0  4.9  0.0  seed seed.dat                  040290B
AGD        31.8 233.5  43.5   0.1 3   0.0 999.9 0
CAY       112.3 292.3  51.3   0.1 3   0.0 999.9 0
CRZF       80.7 191.5  14.0   0.1 3   0.0 771.6 0   1.0 3   0.0 971.8 0
DRV       113.2 155.6 299.7   0.1 3   0.0 321.6 0   1.0 3   0.0 301.7 0
HYB        18.1 147.0 331.4   0.1 3   0.0 999.9 0   1.0 3   0.0 999.9 0  20.0 3   0.0  41.3 0
INU        55.7  67.0 289.0   1.0 3   0.0 999.9 0
KIP       109.9  45.7 319.8   0.1 3   0.0 999.9 0   1.0 3   0.0 999.9 0
MBO        78.4 279.8  58.6   0.1 3   0.0 999.9 0   1.0 3   0.0 999.9 0
PAF        82.2 178.8 358.4   0.1 3   0.0 512.6 0   1.0 3   0.0 512.7 0
PPT       142.6  74.6 301.4   0.1 3   0.0 999.9 0
RER        55.4 194.4  12.9   0.1 3   0.0 999.9 0
SCZ       109.9   8.3 351.3   0.1 3   0.0 999.9 0
SSB        49.7 304.0  80.8   0.1 3   0.0 999.9 0   1.0 3   0.0 999.9 0   5.0 3   0.0 999.9 0
TAM        55.7 276.7  64.6   0.1 3   0.0 999.9 0   1.0 3   0.0 999.9 0
WFM        96.0 331.5  32.9   0.1 3   0.0 999.9 0
WUS        11.9  43.7 230.3   0.1 3   0.0 999.9 0   1.0 3   0.0 999.9 0  20.0 3   0.0  51.8 0

  1990  4  3   7 33 27.0    -6.020   147.490  102.1  5.8  0.0  seed seed.dat                  040390A
AGD       105.5 280.2  93.0   0.1 3   0.0 999.9 0
CAY       160.3  92.3 266.2   0.1 3   0.0 999.9 0
CRZF       89.5 223.5  98.4   0.1 3   0.0  24.4 0   1.0 3   0.0 224.6 0
DRV        60.8 183.4   8.5   0.1 3   0.0 999.9 0   1.0 3   0.0 999.9 0   5.0 3   6.6  38.6 0
HYB        71.9 290.4 102.4   0.1 3   0.0 999.9 0   1.0 3   0.0 999.9 0  20.0 3   0.0  44.1 0
INU        42.4 347.3 164.4   1.0 3   0.0 999.9 0  20.0 3   0.0  38.1 0
KIP        60.0  61.2 249.3   0.1 3   0.0 999.9 0   1.0 3   0.0 999.9 0  20.0 3   1.6  61.6 0
MBO       162.6 299.5  62.5   0.1 3   0.0 999.9 0   1.0 3   0.0 999.9 0   5.0 3  29.6 101.6 0
PAF        77.2 220.8  84.4   0.1 3   0.0 999.9 0   1.0 3   0.0 999.9 0   5.0 3   1.6  49.5 0
PPT        62.4 106.6 272.3   0.1 3   0.0 999.9 0
RER        89.5 248.9  96.3   0.1 3   0.0 999.9 0
SCZ        94.5  53.8 266.0   0.1 3   0.0 999.9 0
SSB       129.3 326.6  50.5   0.1 3   0.0 999.9 0   1.0 3   0.0 999.9 0   5.0 3   0.0 999.9 0  20.0 3  37.3  97.3 0
TAM       139.7 298.3  71.1   0.1 3   0.0 999.9 0   1.0 3   0.0 999.9 0  20.0 3   0.0  54.5 0
WFM       129.8  37.3 305.7   0.1 3   0.0 999.9 0
WUS        78.0 314.2 109.0   0.1 3   0.0 999.9 0   1.0 3   0.0 999.9 0  20.0 3   0.0  44.6 0

  1990  4  3  20  4 36.1   -22.400   173.650   43.7  5.2  4.8  seed seed.dat                  040390B
AGD       131.9 265.1 109.6   0.1 3   0.0 999.9 0
CAY       132.3 104.6 244.2   0.1 3   0.0 999.9 0
CRZF       93.5 216.0 128.1   0.1 3   0.0 999.9 0   1.0 3   0.0 993.4 0
DRV        49.1 197.0  42.7   0.1 3   0.0 999.9 0   1.0 3   0.0 999.9 0
HYB       101.1 284.2 110.0   0.1 3   0.0 999.9 0   1.0 3   0.0 999.9 0
INU        67.2 328.0 143.1   1.0 3   0.0 999.9 0
KIP        51.7  34.4 214.1   0.1 3   0.0 999.9 0   1.0 3   0.0 999.9 0
MBO       167.2 127.5 230.7   0.1 3   0.0 999.9 0   1.0 3   0.0 999.9 0
PAF        81.5 219.9 114.7   0.1 3   0.0 999.9 0   1.0 3   0.0 999.9 0   5.0 3  18.4  46.4 0
PPT        34.8  88.9 255.9   0.1 3   0.0 999.9 0
RER       105.5 238.7 122.0   0.1 3   0.0 999.9 0
SCZ        84.9  47.1 237.5   0.1 3   0.0 999.9 0
SSB       155.5 341.0  24.6   0.1 3   0.0 999.9 0   1.0 3   0.0 999.9 0   5.0 3   0.0 999.9 0
TAM       169.0 272.9  88.8   0.1 3   0.0 999.9 0   1.0 3   0.0 999.9 0
WFM       122.9  53.1 269.2   0.1 3   0.0 999.9 0
WUS       107.7 307.7 104.3   0.1 3   0.0 999.9 0   1.0 3   0.0 999.9 0

  1990  4  3  22 57  0.6    11.240   -86.640   31.6  5.9  6.4  seed seed.dat                  040390C
AGD       124.9  67.2 292.6   0.1 3   0.0 999.9 0   5.0 3   4.4 124.4 0
CAY        34.5  97.6 282.6   0.1 3   0.0 999.9 0   5.0 3   0.0 214.5 0
CRZF      130.4 142.9 238.3   0.1 3   0.0 999.9 0   1.0 3   0.0 821.0 0
DRV       116.5 198.9 127.3   0.1 3   0.0 999.9 0   1.0 3   0.0 999.9 0   5.0 3   7.1 151.1 0
HYB       147.9  27.3 331.9   0.1 3   0.0 999.9 0   1.0 3   0.0 999.9 0  20.0 3   0.0 170.6 0
INU       117.9 320.4  49.8   1.0 3   0.0 999.9 0  20.0 3   0.0  52.5 0
KIP        68.7 288.7  85.8   0.1 3   0.0 999.9 0   1.0 3   0.0 999.9 0  20.0 3   0.0  46.1 0
MBO        67.8  78.9 276.5   0.1 3   0.0 999.9 0   1.0 3   0.0 999.9 0   5.0 3   0.0 174.0 0
PAF       137.4 157.6 214.5   0.1 3   0.0 999.9 0   1.0 3   0.0 999.9 0   5.0 3   2.0 150.0 0
PPT        68.5 246.0  70.0   0.1 3   0.0 999.9 0   5.0 3   0.0 116.7 0
RER       142.6 109.9 260.3   0.1 3   0.0 999.9 0
SCZ        40.2 314.7 119.9   0.1 3   0.0 999.9 0   5.0 3   0.0  98.4 0
SSB        82.9  45.3 278.9   0.1 3   0.0 999.9 0   1.0 3   0.0 999.9 0   5.0 3   0.0 999.9 0  20.0 3   0.0  47.8 0
TAM        87.7  67.3 281.3   0.1 3   0.0 999.9 0   1.0 3   0.0 999.9 0  20.0 3   0.0  44.9 0
WFM        34.0  20.2 207.4   0.1 3   0.0 999.9 0   5.0 3   0.0  94.7 0
WUS       126.1  13.2 342.8   0.1 3   0.0 999.9 0   1.0 3   0.0 999.9 0  20.0 3   0.0  51.1 0

  1990  4  4   4 19 25.5    11.480   -86.550   15.0  5.4  0.0  seed seed.dat                  040490A
AGD       124.7  67.1 292.9   0.1 3   0.0 999.9 0
CAY        34.5  98.0 283.0   0.1 3   0.0 999.9 0
CRZF      130.5 142.7 238.5   0.1 3   0.0 999.9 0   1.0 3   0.0 498.6 0
DRV       116.7 198.9 127.3   0.1 3   0.0 999.9 0   1.0 3   0.0 999.9 0   5.0 3  32.6  64.6 0
HYB       147.6  27.3 332.0   0.1 3   0.0 999.9 0   1.0 3   0.0 999.9 0
INU       117.7 320.5  49.6   1.0 3   0.0 999.9 0
KIP        68.8 288.7  85.5   0.1 3   0.0 999.9 0   1.0 3   0.0 999.9 0
MBO        67.7  79.0 276.7   0.1 3   0.0 999.9 0   1.0 3   0.0 999.9 0   5.0 3   3.6  51.6 0
PAF       137.6 157.4 214.7   0.1 3   0.0 999.9 0   1.0 3   0.0 999.9 0
PPT        68.6 246.0  69.8   0.1 3   0.0 999.9 0
RER       142.6 109.6 260.7   0.1 3   0.0 999.9 0
SCZ        40.1 314.5 119.6   0.1 3   0.0 999.9 0
SSB        82.7  45.3 279.0   0.1 3   0.0 999.9 0   1.0 3   0.0 999.9 0   5.0 3   0.0 999.9 0  20.0 3  15.3  75.3 0
TAM        87.5  67.3 281.5   0.1 3   0.0 999.9 0   1.0 3   0.0 999.9 0  20.0 3  16.5  76.5 0
WFM        33.7  20.2 207.4   0.1 3   0.0 999.9 0
WUS       125.8  13.2 342.8   0.1 3   0.0 999.9 0   1.0 3   0.0 999.9 0  20.0 3  38.7  98.7 0

  1990  4  4   5 40  8.8   -21.630  -173.930   15.0  5.4  4.8  seed seed.dat                  040490B
AGD       143.5 259.6 110.6   0.1 3   0.0 999.9 0
CAY       121.2  97.7 247.9   0.1 3   0.0 999.9 0   5.0 3   0.0 107.3 0
CRZF      100.5 210.2 137.4   0.1 3   0.0 999.9 0   1.0 3   0.0 417.9 0
DRV        53.6 200.9  56.4   0.1 3   0.0 999.9 0   1.0 3   0.0 999.9 0
HYB       112.1 280.5 106.6   0.1 3   0.0 999.9 0   1.0 3   0.0 999.9 0  20.0 3   0.0  35.4 0
INU        73.4 319.8 132.7   1.0 3   0.0 999.9 0
KIP        45.6  21.0 201.0   0.1 3   0.0 999.9 0   1.0 3   0.0 999.9 0
MBO       157.0 105.0 248.9   0.1 3   0.0 999.9 0   1.0 3   0.0 999.9 0   5.0 3  14.9  46.9 0
PAF        89.2 216.0 123.3   0.1 3   0.0 999.9 0   1.0 3   0.0 999.9 0
PPT        23.3  84.3 256.0   0.1 3   0.0 999.9 0
RER       115.4 231.9 128.4   0.1 3   0.0 999.9 0
SCZ        76.3  41.2 229.6   0.1 3   0.0 999.9 0
SSB       156.3   2.7 356.5   0.1 3   0.0 999.9 0   1.0 3   0.0 999.9 0   5.0 3   0.0 999.9 0
TAM       178.7  29.3 340.5   0.1 3   0.0 999.9 0   1.0 3   0.0 999.9 0
WFM       113.3  51.9 261.8   0.1 3   0.0 999.9 0
WUS       116.4 306.1  96.1   0.1 3   0.0 999.9 0   1.0 3   0.0 999.9 0  20.0 3   0.0  17.9 0

  1990  4  4   5 47  6.4   -16.270   -73.300   56.0  5.6  0.0  seed seed.dat                  040490C
AGD       118.0  85.6 257.8   0.1 3   0.0 999.9 0
CAY        29.6  46.3 224.2   0.1 3   0.0 999.9 0   5.0 3   0.0 100.4 0
CRZF      100.4 145.0 232.8   0.1 3   0.0 999.9 0   1.0 3   0.0 410.9 0
DRV        93.6 192.6 148.2   0.1 3   0.0 999.9 0   1.0 3   0.0 999.9 0
HYB       153.1  83.9 268.7   0.1 3   0.0 999.9 0   1.0 3   0.0 999.9 0  20.0 3   0.0  28.5 0
INU       146.9 310.6  62.2   1.0 3   0.0 999.9 0
KIP        91.1 291.8 106.8   0.1 3   0.0 999.9 0   1.0 3   0.0 999.9 0
MBO        63.5  64.4 243.4   0.1 3   0.0 999.9 0   1.0 3   0.0 999.9 0   5.0 3   7.9  39.9 0
PAF       107.0 156.0 216.5   0.1 3   0.0 999.9 0   1.0 3   0.0 999.9 0
PPT        72.5 256.3 102.0   0.1 3   0.0 999.9 0
RER       117.6 125.2 237.2   0.1 3   0.0 999.9 0
SCZ        69.6 320.2 130.1   0.1 3   0.0 999.9 0
SSB        93.2  43.8 250.3   0.1 3   0.0 999.9 0   1.0 3   0.0 994.7 0   5.0 3   0.0 999.9 0
TAM        86.3  65.2 250.9   0.1 3   0.0 999.9 0   1.0 3   0.0 999.9 0
WFM        58.8   1.6 182.0   0.1 3   0.0 999.9 0
WUS       145.6  38.3 308.7   0.1 3   0.0 999.9 0   1.0 3   0.0 999.9 0  20.0 3   0.0  11.0 0

  1990  4  4   9  7 26.7    -0.470   122.680   33.0  5.1  4.5  seed seed.dat                  040490D
AGD        80.2 281.7  92.4   0.1 3   0.0 999.9 0
CAY       173.3 311.7  48.1   0.1 3   0.0 999.9 0
CRZF       76.5 222.2  76.4   0.1 3   0.0 999.9 0   1.0 3   0.0 210.6 0
DRV        67.3 172.6 341.1   0.1 3   0.0 890.5 0   1.0 3   0.0 865.6 0
HYB        47.0 294.5 107.6   0.1 3   0.0 999.9 0   1.0 3   0.0 999.9 0
INU        38.2  19.2 203.7   1.0 3   0.0 999.9 0
KIP        80.2  68.3 265.7   0.1 3   0.0 999.9 0   1.0 3   0.0 999.9 0
MBO       137.7 291.0  74.2   0.1 3   0.0 999.9 0   1.0 3   0.0 999.9 0
PAF        66.2 214.5  60.2   0.1 3   0.0 999.9 0   1.0 3   0.0 999.9 0
PPT        87.7 107.5 270.1   0.1 3   0.0 999.9 0
RER        68.4 247.5  81.9   0.1 3   0.0 999.9 0
SCZ       110.9  50.8 286.0   0.1 3   0.0 999.9 0
SSB       109.8 318.6  69.3   0.1 3   0.0 999.9 0   1.0 3   0.0 794.4 0   5.0 3   0.0 883.2 0
TAM       115.1 294.9  79.1   0.1 3   0.0 999.9 0   1.0 3   0.0 999.9 0
WFM       136.1  15.1 339.5   0.1 3   0.0 999.9 0
WUS        57.2 321.8 125.0   0.1 3   0.0 999.9 0   1.0 3   0.0 999.9 0

  1990  4  5   4 50 52.0   -56.270   147.560   15.0  5.1  0.0  seed seed.dat                  040590A
AGD       107.7 264.0 145.4   0.1 3   0.0 999.9 0
CAY       126.4 155.2 193.7   0.1 3   0.0 999.9 0
CRZF       55.7 236.2 138.0   0.1 3   0.0 107.0 0   1.0 3   0.0 262.2 0
DRV        11.0 195.9  22.5   0.1 3   0.0 999.9 0   1.0 3   0.0 999.9 0   5.0 3   0.0  13.2 0
HYB        93.3 296.6 148.5   0.1 3   0.0 999.9 0   1.0 3   0.0 999.9 0  20.0 3   0.0  16.7 0
INU        91.9 351.4 174.1   1.0 3   0.0 999.9 0
KIP        90.1  49.4 207.0   0.1 3   0.0 999.9 0   1.0 3   0.0 999.9 0  20.0 3  16.2  76.2 0
MBO       136.5 201.9 167.4   0.1 3   0.0 999.9 0   1.0 3   0.0 999.9 0
PAF        44.8 244.5 129.7   0.1 3   0.0  98.0 0   1.0 3   0.0 138.1 0   5.0 3   0.1  28.1 0
PPT        60.5  77.2 214.7   0.1 3   0.0 999.9 0
RER        73.6 256.3 144.5   0.1 3   0.0 999.9 0
SCZ       120.2  68.7 220.3   0.1 3   0.0 999.9 0
SSB       154.5 259.5 128.2   0.1 3   0.0 999.9 0   1.0 3   0.0 999.9 0   5.0 3   0.0 999.9 0
TAM       136.5 235.2 149.9   0.1 3   0.0 249.0 0   1.0 3   0.0 132.8 0
WFM       151.6 102.8 228.2   0.1 3   0.0 999.9 0
WUS       113.0 310.2 145.6   0.1 3   0.0 999.9 0   1.0 3   0.0 999.9 0

  1990  4  5  19 20 44.4    -3.050    36.050   15.0  5.2  0.0  seed seed.dat                  040590B
AGD        16.0  24.8 205.3   0.1 3   0.0 999.9 0   5.0 3   0.0 458.6 0
CAY        88.6 275.0  93.1   0.1 3   0.0 279.1 0
CRZF       45.4 164.6 337.5   0.1 3   0.0 999.9 0   1.0 3   0.0 999.9 0
DRV        92.7 157.2 255.8   0.1 3   0.0 999.9 0   1.0 3   0.0 999.9 0
HYB        46.6  62.6 248.3   0.1 3   0.0 999.9 0   1.0 3   0.0 999.9 0  20.0 3   0.0  55.0 0
INU       100.7  54.8 274.1   1.0 3   0.0 999.9 0
KIP       157.1  35.8 321.7   0.1 3   0.0 999.9 0   1.0 3   0.0 999.9 0
MBO        55.3 289.7 104.0   0.1 3   0.0 784.1 0   1.0 3   0.0 809.2 0   5.0 3   6.3  34.3 0
PPT       158.7 165.1 195.5   0.1 3   0.0 999.9 0
RER        26.3 134.8 310.5   0.1 3   0.0 999.9 0
SCZ       140.6 330.8  36.9   0.1 3   0.0 999.9 0
SSB        55.8 333.5 140.7   0.1 3   0.0 999.9 0   1.0 3   0.0 999.9 0   5.0 3   0.0 999.9 0  20.0 3   0.0   0.0 0
WFM       104.9 313.2  80.0   0.1 3   0.0 999.9 0
WUS        59.1  37.0 232.9   0.1 3   0.0 999.9 0   1.0 3   0.0 999.9 0

  1990  4  5  21 12 38.7    15.570   148.080   15.0  6.5  7.5  seed seed.dat                  040590C
AGD       101.3 285.5  71.4   0.1 3   0.0 999.9 0   5.0 3   0.0 346.7 0
CAY       151.3  46.0 315.7   0.1 3   0.0 167.2 0   5.0 3   0.0 110.8 0
CRZF      105.4 225.6  83.8   0.1 3   0.0 999.9 0   1.0 3   0.0 918.3 0
DRV        82.3 183.2   7.9   0.1 3   0.0 999.9 0   1.0 3   0.0 999.9 0   5.0 3   0.0 235.4 0
HYB        66.3 282.5  80.2   0.1 3   0.0 999.9 0   1.0 3   0.0 999.9 0  20.0 3   0.0  41.1 0
INU        22.1 335.3 150.5   1.0 3   0.0 999.9 0  20.0 3   0.0  36.9 0
KIP        51.2  74.8 273.2   0.1 3   0.0 999.9 0   1.0 3   0.0 999.9 0  20.0 3   0.0  42.4 0
MBO       146.7 333.0  26.9   0.1 3   0.0 672.2 0   1.0 3   0.0 697.3 0   5.0 3   0.0 378.4 0
PPT        69.8 115.7 294.4   0.1 3   0.0 999.9 0   5.0 3   0.0 103.0 0
RER        97.6 250.3  76.4   0.1 3   0.0 999.9 0   5.0 3   0.0 233.7 0
SCZ        81.2  54.4 283.0   0.1 3   0.0 999.9 0   5.0 3   0.0 102.8 0
SSB       110.9 333.4  37.7   0.1 3   0.0 999.9 0   1.0 3   0.0 999.9 0   5.0 3   0.0 999.9 0  20.0 3   0.0  50.1 0
WFM       111.5  30.3 318.9   0.1 3   0.0 999.9 0   5.0 3   0.0 106.4 0
WUS        64.0 308.5  91.6   0.1 3   0.0 999.9 0   1.0 3   0.0 999.9 0  20.0 3   0.0  41.4 0

  1990  4  6   5 43  5.5   -40.770    80.790   15.0  5.7  0.0  seed seed.dat                  040690A
AGD        62.9 317.2 148.3   0.1 3   0.0 999.9 0
CAY       124.9 242.2 137.4   5.0 3  10.4 130.4 0
CRZF       21.6 245.1  85.3   0.1 3   0.0 999.9 0   1.0 3   0.0 407.9 0
DRV        41.2 148.8 278.4   0.1 3   0.0 999.9 0   1.0 3   0.0 999.9 0   5.0 3   0.0  25.0 0
HYB        58.1 357.5 178.0   0.1 3   0.0 999.9 0   1.0 3   0.0 999.9 0  20.0 3   0.0  54.7 0
INU        91.8  43.0 219.3   1.0 3   0.0 999.9 0
KIP       127.1  93.1 234.7   0.1 3   0.0 999.9 0   1.0 3   0.0 999.9 0
MBO       105.1 275.9 128.7   0.1 3   0.0 161.7 0   1.0 3   0.0 186.9 0   5.0 3   0.0  87.9 0
PAF        11.4 217.5  45.0   0.1 3   0.0 999.9 0   1.0 3   0.0 999.9 0   5.0 3   0.0  36.9 0
PPT       105.4 130.5 217.3   0.1 3   0.0 999.9 0
RER        28.9 305.0 138.3   0.1 3   0.0 999.9 0
SCZ       162.2  97.6 250.8   0.1 3   0.0 999.9 0
SSB       109.6 313.1 128.3   0.1 3   0.0 999.9 0   1.0 3   0.0 999.9 0   5.0 3   0.0 999.9 0
WFM       159.3 283.2  93.3   0.1 3   0.0 601.6 0
WUS        81.8 358.8 178.8   0.1 3   0.0 999.9 0   1.0 3   0.0 999.9 0  20.0 3   0.0  71.0 1

  1990  4  6   5 47 44.1    -6.880   105.140   53.1  5.3  5.6  seed seed.dat                  040690B
AGD        64.6 286.1 103.3   0.1 3   0.0 999.9 0
CAY       157.5 266.1  95.8   5.0 3   5.7 125.7 0
CRZF       60.2 219.7  66.6   0.1 3   0.0 999.9 0   1.0 3   0.0 403.2 0
DRV        64.3 165.4 320.9   0.1 3   0.0 999.9 0   1.0 3   0.0 999.9 0   5.0 3   0.0  20.3 0
HYB        35.7 312.9 130.3   0.1 3   0.0 999.9 0   1.0 3   0.0 999.9 0  20.0 3   0.0  50.0 0
INU        51.7  33.4 222.0   1.0 3   0.0 999.9 0
KIP        98.8  69.5 266.2   0.1 3   0.0 999.9 0   1.0 3   0.0 999.9 0
MBO       122.7 282.5  88.8   0.1 3   0.0 157.1 0   1.0 3   0.0 182.3 0   5.0 3   0.0  83.3 0
PAF        51.6 208.6  46.6   0.1 3   0.0 999.9 0   1.0 3   0.0 999.9 0   5.0 3   0.0  76.3 1
PPT       102.3 109.7 258.5   0.1 3   0.0 999.9 0
RER        49.8 248.1  81.0   0.1 3   0.0 999.9 0
SCZ       128.3  48.2 293.6   0.1 3   0.0 999.9 0
SSB       102.3 314.7  87.1   0.1 3   0.0 999.9 0   1.0 3   0.0 999.9 0   5.0 3   0.0 999.9 0
WFM       144.2 355.7   5.7   0.1 3   0.0 597.0 0
WUS        53.5 335.7 147.2   0.1 3   0.0 999.9 0   1.0 3   0.0 999.9 0  20.0 3   0.0  66.4 1

  1990  4  6   6  9  1.8   -16.440  -171.500   15.0  5.3  5.6  seed seed.dat                  040690C
AGD       146.4 265.8 102.1   0.1 3   0.0 999.9 0
CAY       119.4  93.8 254.1   5.0 3   0.0 104.4 0
CRZF      106.1 209.6 136.8   0.1 3   0.0 999.9 0   1.0 3   0.0 382.0 0
DRV        59.2 200.3  56.8   0.1 3   0.0 999.9 0   1.0 3   0.0 999.9 0
HYB       113.4 282.0 100.6   0.1 3   0.0 999.9 0   1.0 3   0.0 999.9 0  20.0 3   0.0  28.7 0
INU        71.0 317.4 127.3   1.0 3   0.0 999.9 0
KIP        40.0  19.8 200.4   0.1 3   0.0 999.9 0   1.0 3   0.0 999.9 0
MBO       155.4  91.7 262.3   0.1 3   0.0 135.8 0   1.0 3   0.0 161.0 0   5.0 3   0.0  62.0 0
PAF        94.8 215.2 122.2   0.1 3   0.0 999.9 0   1.0 3   0.0 999.9 0   5.0 3   0.0  55.0 1
PPT        21.0  96.3 269.8   0.1 3   0.0 999.9 0
RER       120.4 232.5 125.3   0.1 3   0.0 999.9 0
SCZ        70.9  40.9 231.3   0.1 3   0.0 999.9 0
SSB       151.0   5.8 352.2   0.1 3   0.0 999.9 0   1.0 3   0.0 999.9 0   5.0 3   0.0 999.9 0
WFM       108.3  50.1 264.5   0.1 3   0.0 575.7 0
WUS       115.1 308.0  90.0   0.1 3   0.0 999.9 0   1.0 3   0.0 999.9 0  20.0 3   0.0  45.1 0

  1990  4  6   7 52  1.0   -61.270   -23.460   15.0  5.7  5.7  seed seed.dat                  040690D
AGD        89.1  64.0 206.3   0.1 3   0.0 968.0 0
CAY        69.8 329.1 165.6   5.0 3   0.0   1.5 0
CRZF       44.1 106.4 222.1   0.1 3   0.0 968.0 0   1.0 3   0.0 279.0 0
DRV        51.6 171.7 190.1   0.1 3   0.0 968.0 0   1.0 3   0.0 968.0 0   5.0 3   0.0  36.1 0
HYB       110.9  92.1 210.5   0.1 3   0.0 968.0 0   1.0 3   0.0 968.0 0
INU       151.3 145.8 199.8   1.0 3   0.0 967.9 0
KIP       129.3 238.8 153.4   0.1 3   0.0 968.0 0   1.0 3   0.0 968.0 0
MBO        75.7   6.5 183.2   0.1 3   0.0  32.8 0   1.0 3   0.0  58.0 0   5.0 3   0.0  39.0 0
PAF        49.9 121.7 218.9   0.1 3   0.0 968.0 0   1.0 3   0.0 968.0 0   5.0 3   0.0  44.0 0
PPT        90.4 230.3 157.1   0.1 3   0.0 968.0 0
RER        66.4  91.4 211.1   0.1 3   0.0 968.1 0
SCZ       125.1 283.1 144.0   0.1 3   0.0 968.0 0
SSB       108.8  20.5 193.9   0.1 3   0.0 968.0 0   1.0 3   0.0 968.0 0   5.0 3   0.0 968.0 0
WFM       110.8 324.0 157.3   0.1 3   0.0 472.7 0
WUS       131.0  77.2 218.8   0.1 3   0.0 968.0 0   1.0 3   0.0 968.0 0

  1990  4  6  14 31 45.9   -22.020  -173.930   24.9  5.8  6.4  seed seed.dat                  040690E
AGD       143.4 259.1 111.2   0.1 3   0.0 568.3 0   5.0 3   0.0 138.8 0
CRZF      100.1 210.2 137.6   0.1 3   0.0 568.2 0   1.0 3   0.0 568.2 0
DRV        53.2 201.0  56.6   0.1 3   0.0 568.2 0   1.0 3   0.0 568.2 0   5.0 3  36.3  80.3 0
HYB       112.2 280.3 107.0   0.1 3   0.0 568.2 0   1.0 3   0.0 568.2 0  20.0 3   8.0  68.0 0
INU        73.7 319.9 133.0   1.0 3   0.0 568.2 0  20.0 3   1.8  61.7 0
KIP        46.0  20.9 200.8   0.1 3   0.0 568.2 0   1.0 3   0.0 568.2 0  20.0 3  17.3  77.3 0
MBO       156.9 105.9 247.9   0.1 3   0.0 568.2 0   1.0 3   0.0 568.2 0   5.0 3  22.2 138.2 0
PAF        88.9 216.0 123.5   0.1 3   0.0 568.2 0   1.0 3   0.0 568.2 0   5.0 3  36.2  88.2 0
PPT        23.3  83.4 255.1   0.1 3   0.0 568.2 0
RER       115.2 231.7 128.7   0.1 3   0.0 568.3 0
SCZ        76.6  41.1 229.3   0.1 3   0.0 568.2 0   5.0 3  33.9 153.9 0
SSB       156.7   2.8 356.5   0.1 3   0.0 568.2 0   1.0 3   0.0 568.2 0   5.0 3   0.0 568.2 0
WFM       113.6  52.0 261.5   0.1 3   0.0  73.0 0   5.0 3  42.7  73.0 0
WUS       116.6 306.0  96.4   0.1 3   0.0 568.2 0   1.0 3   0.0 568.2 0  20.0 3   8.3  68.3 0

  1990  4  6  14 57 22.6    15.110   147.820   15.0  5.8  6.2  seed seed.dat                  040690F
AGD       101.1 285.3  71.9   0.1 3   0.0 542.6 0   5.0 3   0.0 113.2 0
CRZF      104.9 225.5  83.9   0.1 3   0.0 542.6 0   1.0 3   0.0 542.6 0
DRV        81.9 183.1   7.6   0.1 3   0.0 542.6 0   1.0 3   0.0 542.6 0   5.0 3  10.7  54.7 0
HYB        66.2 282.7  80.8   0.1 3   0.0 542.6 0   1.0 3   0.0 542.6 0  20.0 3   0.0  42.4 0
INU        22.4 336.3 151.6   1.0 3   0.0 542.5 0  20.0 3   0.0  36.1 0
KIP        51.6  74.5 272.7   0.1 3   0.0 542.6 0   1.0 3   0.0 542.6 0  20.0 3   0.0  51.7 0
MBO       147.0 332.3  27.6   0.1 3   0.0 542.6 0   1.0 3   0.0 542.6 0   5.0 3   0.0 112.6 0
PAF        93.5 219.8  71.1   0.1 3   0.0 542.6 0   1.0 3   0.0 542.6 0   5.0 3  10.6  62.6 0
PPT        69.8 115.4 293.9   0.1 3   0.0 542.6 0
RER        97.2 250.2  76.8   0.1 3   0.0 542.7 0
SCZ        81.7  54.3 282.8   0.1 3   0.0 542.6 0   5.0 3   8.3 128.3 0
SSB       111.2 333.1  38.1   0.1 3   0.0 542.6 0   1.0 3   0.0 542.6 0   5.0 3   0.0 542.6 0  20.0 3  29.4  89.4 0
WFM       112.0  30.3 318.8   0.1 3   0.0  47.3 0   5.0 3  17.1  47.4 0
WUS        64.1 308.7  92.2   0.1 3   0.0 542.6 0   1.0 3   0.0 542.6 0  20.0 3   0.0  42.7 0

  1990  4  6  16 31 38.9   -26.430  -176.160   15.0  5.5  0.0  seed seed.dat                  040690G
AGD       140.4 255.1 117.5   0.1 3   0.0 448.4 0   5.0 3   0.0  18.9 0
CRZF       95.3 211.0 138.1   0.1 3   0.0 448.4 0   1.0 3   0.0 448.4 0
DRV        48.4 201.6  56.2   0.1 3   0.0 448.4 0   1.0 3   0.0 448.4 0   5.0 3   4.4  32.4 0
HYB       111.0 279.4 112.0   0.1 3   0.0 448.3 0   1.0 3   0.0 448.3 0  20.0 3  38.1  98.1 0
INU        75.8 322.0 137.5   1.0 3   0.0 448.3 0
KIP        50.8  22.0 201.2   0.1 3   0.0 448.4 0   1.0 3   0.0 448.3 0
MBO       157.2 118.2 235.5   0.1 3   0.0 448.4 0   1.0 3   0.0 448.4 0   5.0 3   0.0  18.3 0
PAF        84.2 216.9 124.5   0.1 3   0.0 448.4 0   1.0 3   0.0 448.4 0   5.0 3  16.4  48.3 0
PPT        26.1  75.8 245.6   0.1 3   0.0 448.4 0
RER       110.9 231.7 131.1   0.1 3   0.0 448.5 0
SCZ        81.3  41.8 227.9   0.1 3   0.0 448.4 0   5.0 3   0.0  34.0 0
SSB       161.2 358.4   1.9   0.1 3   0.0 448.4 0   1.0 3   0.0 448.4 0   5.0 3   0.0 448.4 0
WUS       117.5 304.4 101.8   0.1 3   0.0 448.3 0   1.0 3   0.0 448.3 0  20.0 3  36.4  96.4 0

  1990  4  6  22 38 44.7    14.970   148.030   15.0  5.3  4.8  seed seed.dat                  040690H
AGD       101.4 285.4  72.0   0.1 3   0.0  81.3 0
CRZF      104.9 225.5  84.2   0.1 3   0.0  81.3 0   1.0 3   0.0  81.3 0
DRV        81.7 183.2   7.9   0.1 3   0.0  81.3 0   1.0 3   0.0  81.3 0
HYB        66.4 282.8  80.9   0.1 3   0.0  81.2 0   1.0 3   0.0  81.2 0
INU        22.6 336.0 151.3   1.0 3   0.0  81.2 0
KIP        51.4  74.4 272.5   0.1 3   0.0  81.3 0   1.0 3   0.0  81.2 0
MBO       147.2 332.5  27.4   0.1 3   0.0  81.3 0   1.0 3   0.0  81.3 0   5.0 3   0.0  81.3 1
PAF        93.6 219.9  71.4   0.1 3   0.0  81.3 0   1.0 3   0.0  81.3 0
PPT        69.5 115.5 293.8   0.1 3   0.0  81.3 0
RER        97.4 250.2  77.0   0.1 3   0.0  81.4 0
SCZ        81.6  54.3 282.5   0.1 3   0.0  81.3 0
SSB       111.4 333.2  38.0   0.1 3   0.0  81.3 0   1.0 3   0.0  81.3 0   5.0 3   0.0  81.3 0
WUS        64.4 308.8  92.1   0.1 3   0.0  81.2 0   1.0 3   0.0  81.2 0
