  1990  9 24   1 58  5.9   -17.660   167.620   15.0  5.1  5.5  seed seed.dat                  092490A
AGD       126.4 271.3 103.3   0.1 3   0.0 999.9 0
CAN        24.2 219.6  48.1   0.1 3   0.0 999.9 0   1.0 3   0.0 999.9 0  20.0 3   0.0  37.5 0
CAY       139.0 103.4 248.9   0.1 3   0.0 999.9 0
CRZF       93.9 218.6 120.8   0.1 3   0.0 999.9 0   1.0 3   0.0 999.9 0   5.0 3  23.9  55.9 0
DRV        52.2 193.5  34.0   0.1 3   0.0 999.9 0   1.0 3   0.0 999.9 0   5.0 3   3.9  31.9 0
HYB        94.3 286.7 106.9   0.1 3   0.0 999.9 0   1.0 3   0.0 999.9 0
INU        60.3 331.3 145.9   0.1 3   0.0 999.9 0   1.0 3   0.0 999.9 0  20.0 3   5.8  65.8 0
KIP        51.5  42.3 223.6   0.1 3   0.0 999.9 0   1.0 3   0.0 999.9 0  20.0 3   0.0  57.2 0
MBO       174.5 127.7 234.5   0.1 3   0.0 999.9 0   1.0 3   0.0 999.9 0   5.0 3   0.0 165.9 0
NOUC        4.6 195.5  15.9   0.1 3   0.0 999.9 0   1.0 3   0.0 999.9 0   5.0 3   0.0  19.9 0
PAF        81.4 220.9 107.2   0.1 3   0.0 999.9 0   1.0 3   0.0 999.9 0   5.0 3   4.9  48.9 0
PPT        40.7  96.6 263.1   0.1 3   0.0 999.9 0
SCZ        86.0  49.8 244.8   0.1 3   0.0 999.9 0
SEY        81.3 353.0 165.3   0.1 3   0.0 121.7 0   1.0 3   0.0 121.9 1
SSB       149.0 336.3  32.3   0.1 3   0.0 999.9 0   1.0 3   0.0 999.9 0
UNM        98.6  72.6 254.5   0.1 3   0.0 999.9 0   1.0 3   0.0 999.9 0
WFM       124.4  50.3 277.9   0.1 3   0.0 999.9 0
WUS       100.3 309.9 104.2   0.1 3   0.0 999.9 0   1.0 3   0.0 999.9 0  20.0 3  27.0  87.0 0

  1990  9 26  13 24 16.2    -4.230   102.560   54.2  5.5  4.3  seed seed.dat                  092690A
AGD        61.5 285.5 101.2   0.1 3   0.0 999.9 0
CAN        52.9 132.0 294.8   0.1 3   0.0 999.9 0   1.0 3   0.0 999.9 0
CAY       154.9 272.5  89.3   0.1 3   0.0 999.9 0
CRZF       60.7 217.9  62.4   0.1 3   0.0 999.9 0   1.0 3   0.0 999.9 0
DRV        67.5 164.8 318.9   0.1 3   0.0 999.9 0   1.0 3   0.0 999.9 0
HYB        32.1 312.9 130.0   0.1 3   0.0 999.9 0   1.0 3   0.0 999.9 0
INU        51.0  36.6 226.7   0.1 3   0.0 999.9 0   1.0 3   0.0 999.9 0
KIP       100.3  69.1 269.6   0.1 3   0.0 999.9 0   1.0 3   0.0 999.9 0
MBO       119.6 284.0  86.5   0.1 3   0.0 999.9 0   1.0 3   0.0 191.7 0
NOUC       64.1 112.4 276.1   0.1 3   0.0 453.6 0   1.0 3   0.0 453.7 0
PAF        52.7 206.1  42.2   0.1 3   0.0 888.6 0   1.0 3   0.0 908.7 0
PPT       105.6 109.5 260.2   0.1 3   0.0 999.9 0
SCZ       128.4  45.5 298.3   0.1 3   0.0 999.9 0
SEY        76.8  21.0 231.6   0.1 3   0.0 999.9 0   1.0 3   0.0 999.9 0  20.0 3   0.0 190.0 0
SSB        98.6 315.0  87.1   0.1 3   0.0 635.6 0   1.0 3   0.0 999.9 0
UNM       154.0  53.1 303.0   0.1 3   0.0 999.9 0   1.0 3   0.0 999.9 0
WFM       141.3 352.9   9.5   0.1 3   0.0 999.9 0
WUS        50.1 337.0 148.9   0.1 3   0.0 635.6 0   1.0 3   0.0 435.6 0

  1990  9 26  15 32 40.3    29.060    60.510   15.0  5.4  5.4  seed seed.dat                  092690B
AGD        24.0 227.1  40.8   0.1 3   0.0 999.9 0
CAN       105.1 122.0 294.8   0.1 3   0.0 999.9 0   1.0 3   0.0 999.9 0
CAY       107.2 286.1  57.6   0.1 3   0.0 999.9 0
CRZF       75.7 186.2   7.8   0.1 3   0.0 999.9 0   1.0 3   0.0 999.9 0
DRV       112.4 154.8 291.3   0.1 3   0.0 999.9 0   1.0 3   0.0 999.9 0
HYB        20.2 121.1 308.3   0.1 3   0.0 999.9 0   1.0 3   0.0 999.9 0  20.0 3   0.0  36.1 0
INU        63.5  62.5 288.2   0.1 3   0.0 999.9 0   1.0 3   0.0 999.9 0  20.0 3  11.3  71.3 0
KIP       117.4  40.7 322.2   0.1 3   0.0 999.9 0   1.0 3   0.0 999.9 0  20.0 3  20.6  80.6 0
MBO        72.3 277.0  63.7   0.1 3   0.0 999.9 0   1.0 3   0.0  63.3 0   5.0 3  15.3  59.3 0
NOUC      113.7 102.7 292.9   0.1 3   0.0 325.2 0   1.0 3   0.0 325.3 0   5.0 3  21.3  53.3 0
PAF        78.7 173.5 351.3   0.1 3   0.0 760.2 0   1.0 3   0.0 780.3 0   5.0 3  18.3  46.3 0
PPT       150.2  73.5 297.7   0.1 3   0.0 999.9 0
SCZ       114.5   1.7 358.2   0.1 3   0.0 999.9 0
SEY        65.3  30.1 285.8   0.1 3   0.0 999.9 0   1.0 3   0.0 999.9 0  20.0 3   0.0  61.6 0
SSB        46.5 306.3  90.4   0.1 3   0.0 507.2 0   1.0 3   0.0 999.9 0  20.0 3   0.0 109.8 0
UNM       127.9 335.5  22.6   0.1 3   0.0 999.9 0   1.0 3   0.0 999.9 0  20.0 3   6.6 126.6 0
WFM        96.0 326.6  40.7   0.1 3   0.0 999.9 0
WUS        19.5  46.6 237.4   0.1 3   0.0 507.2 0   1.0 3   0.0 307.2 0  20.0 3   0.0  36.4 0

  1990  9 26  15 40 44.4   -36.380  -100.410   15.0  5.1  4.8  seed seed.dat                  092690C
AGD       138.7 117.8 227.1   0.1 3   0.0 999.9 0
CAN        83.7 230.2 130.7   0.1 3   0.0 999.9 0   1.0 3   0.0 999.9 0
CAY        61.0  58.2 223.4   0.1 3   0.0 999.9 0
CRZF       93.7 161.2 202.0   0.1 3   0.0 999.9 0   1.0 3   0.0 999.9 0
DRV        67.4 202.0 130.6   0.1 3   0.0 999.9 0   1.0 3   0.0 999.9 0
HYB       161.1 177.0 182.6   0.1 3   0.0 999.9 0   1.0 3   0.0 999.9 0  20.0 3   0.0  28.0 0
INU       134.1 286.2 108.5   0.1 3   0.0 999.9 0   1.0 3   0.0 999.9 0  20.0 3   3.2  63.2 0
KIP        79.2 306.6 136.0   0.1 3   0.0 999.9 0   1.0 3   0.0 999.9 0  20.0 3  12.5  72.5 0
MBO        93.3  74.8 233.5   0.1 3   0.0 999.9 0   1.0 3   0.0  55.2 0   5.0 3   7.3  51.3 0
NOUC       79.7 250.1 125.1   0.1 3   0.0 317.1 0   1.0 3   0.0 317.2 0   5.0 3  13.3  45.3 0
PAF        94.1 173.9 187.5   0.1 3   0.0 752.1 0   1.0 3   0.0 772.2 0   5.0 3  10.3  38.3 0
PPT        47.1 279.8 123.6   0.1 3   0.0 999.9 0
SCZ        75.4 342.6 162.6   0.1 3   0.0 999.9 0
SEY       129.5 325.4  94.0   0.1 3   0.0 999.9 0   1.0 3   0.0 999.9 0  20.0 3   0.0  53.5 0
SSB       124.5  56.1 251.3   0.1 3   0.0 499.1 0   1.0 3   0.0 999.9 0  20.0 3   0.0 101.7 0
UNM        55.6   1.4 181.2   0.1 3   0.0 999.9 0   1.0 3   0.0 999.9 0  20.0 3   0.0 118.5 0
WFM        83.1  21.1 203.2   0.1 3   0.0 999.9 0
WUS       175.2   3.6 356.7   0.1 3   0.0 499.1 0   1.0 3   0.0 299.1 0  20.0 3   0.0  28.4 0

  1990  9 26  23  8 24.1   -27.920    26.880   28.3  5.6  4.7  seed seed.dat                  092690D
AGD        42.3  23.7 201.2   0.1 3   0.0 999.9 0
CAN        96.6 135.9 228.8   0.1 3   0.0 999.9 0   1.0 3   0.0 999.9 0
CAY        82.8 279.3 118.8   0.1 3   0.0 999.9 0
CRZF       27.0 139.9 304.5   0.1 3   0.0 999.9 0   1.0 3   0.0 999.9 0
DRV        73.1 157.5 238.1   0.1 3   0.0 999.9 0   1.0 3   0.0 999.9 0
HYB        67.4  54.3 228.8   0.1 3   0.0 999.9 0   1.0 3   0.0 999.9 0
INU       121.2  64.0 256.4   0.1 3   0.0 999.9 0   1.0 3   0.0 999.9 0
KIP       172.1 145.7 214.6   0.1 3   0.0 999.9 0   1.0 3   0.0 999.9 0
MBO        59.9 309.0 134.8   0.1 3   0.0 999.9 0   1.0 3   0.0 999.9 0   5.0 3   7.6  39.6 0
NOUC      116.6 137.7 220.0   0.1 3   0.0  26.4 0   1.0 3   0.0 216.6 1   5.0 3   0.0  36.6 1
PAF        39.3 135.0 286.6   0.1 3   0.0 304.4 0   1.0 3   0.0 324.6 0
PPT       134.5 184.7 175.6   0.1 3   0.0 999.9 0
SCZ       151.9 295.4  80.5   0.1 3   0.0 999.9 0
SEY       130.5  29.5 289.0   0.1 3   0.0 999.9 0   1.0 3   0.0 999.9 0  20.0 3   0.0  89.9 1
SSB        75.8 343.9 159.6   0.1 3   0.0  51.4 0   1.0 3   0.0 648.3 0
UNM       130.2 272.1 110.3   0.1 3   0.0 999.9 0   1.0 3   0.0 999.9 0
WFM       114.2 306.6 106.1   0.1 3   0.0 999.9 0
WUS        84.3  37.0 224.9   0.1 3   0.0  51.4 0   1.0 3   0.0 999.9 0

  1990  9 27  21  7 38.7    52.190   176.180   15.0  5.2  4.7  seed seed.dat                  092790A
AGD       104.8 312.7  27.6   0.1 3   0.0 999.9 0
CAN        90.5 202.0  16.4   0.1 3   0.0 999.9 0   1.0 3   0.0 999.9 0
CAY       109.7  52.3 330.7   0.1 3   0.0 999.9 0
CRZF      144.1 257.0  60.4   0.1 3   0.0 999.9 0   1.0 3   0.0 999.9 0
DRV       121.8 196.1  25.4   0.1 3   0.0 999.9 0   1.0 3   0.0 999.9 0
HYB        80.9 286.8  38.1   0.1 3   0.0 999.9 0   1.0 3   0.0 580.8 0  20.0 3   0.0  57.1 0
INU        32.4 254.4  46.4   0.1 3   0.0 999.9 0   1.0 3   0.0 999.9 0
KIP        36.6 137.1 333.3   0.1 3   0.0 999.9 0   1.0 3   0.0 999.9 0  20.0 3   0.0  51.6 0
NOUC       74.6 189.5   6.3   0.1 3   4.4 999.9 0   1.0 3   4.4 999.9 0
PAF       135.1 243.1  57.2   0.1 3   0.0 999.9 0   1.0 3   0.0 999.9 0
PPT        75.7 146.3 339.0   0.1 3   0.0 999.9 0
SCZ        45.7  84.2 310.5   0.1 3   0.0 999.9 0
SEY        16.5 319.7 119.4   0.1 3   0.0 999.9 0   1.0 3   0.0 999.9 0  20.0 3   0.0 102.6 0
SSB        82.5 354.1   5.2   0.1 3   0.0 999.9 0   1.0 3   0.0 999.9 0  20.0 3   8.8  68.8 0
UNM        71.7  81.8 319.9   0.1 3   0.0 999.9 0   1.0 3   0.0 999.9 0
WFM        68.8  46.9 322.5   0.1 3   0.0 999.9 0
WUS        62.4 302.5  43.4   0.1 3   0.0 999.9 0   1.0 3   0.0 999.9 0  20.0 3   0.0  39.5 0

  1990  9 28  16 50 59.2   -41.290    84.820   15.0  5.0  3.4  seed seed.dat                  092890A
AGD        65.4 313.7 146.3   0.1 3   0.0 999.9 0
CAN        49.6 105.3 242.7   0.1 3   0.0 999.9 0   1.0 3   0.0 999.9 0
CAY       127.3 238.2 139.8   0.1 3   0.0 999.9 0
CRZF       24.2 246.6  89.8   0.1 3   0.0 999.9 0   1.0 3   0.0 999.9 0   5.0 3   0.0  19.0 0
DRV        39.2 148.9 282.1   0.1 3   0.0 999.9 0   1.0 3   0.0 999.9 0
HYB        58.8 353.0 174.5   0.1 3   0.0 999.9 0   1.0 3   0.0 999.9 0  20.0 3   0.0  59.6 0
INU        90.2  40.4 216.7   0.1 3   0.0 999.9 0   1.0 3   0.0 999.9 0
KIP       124.0  90.8 234.2   0.1 3   0.0 999.9 0   1.0 3   0.0 999.9 0
MBO       108.2 273.1 129.0   0.1 3  44.0 999.9 0
NOUC       69.5 101.9 232.6   0.1 3   0.0 620.8 0   1.0 3   0.0 621.0 0
PAF        13.0 226.9  57.4   0.1 3   0.0 999.9 0   1.0 3   0.0 999.9 0   5.0 3   0.0  13.0 0
PPT       102.7 127.5 218.8   0.1 3   0.0 999.9 0
SCZ       159.1  95.4 250.0   0.1 3   0.0 999.9 0
SEY       117.1  28.5 231.6   0.1 3   0.0 428.9 0   1.0 3   0.0 566.4 0
SSB       112.2 311.1 126.5   0.1 3   0.0 999.9 0   1.0 3   0.0 999.9 0
UNM       157.8 170.1 188.1   0.1 3   0.0 999.9 0   1.0 3   0.0 999.9 0
WFM       162.4 281.0  92.5   0.1 3   0.0 999.9 0
WUS        82.5 355.7 175.7   0.1 3   0.0 999.9 0   1.0 3   0.0 999.9 0  20.0 3  16.1  76.1 0

  1990  9 28  19 44 48.1   -13.470   166.840  185.3  6.0  0.0  seed seed.dat                  092890B
AGD       125.4 274.5  98.2   0.1 3   0.0 999.9 0   5.0 3   0.0 109.8 0
CAN        27.1 213.4  41.0   0.1 3   0.0 999.9 0   1.0 3   0.0 999.9 0  20.0 3   0.0  36.8 0
CAY       140.5  98.9 255.0   0.1 3   0.0 999.9 0
CRZF       96.6 219.1 117.6   0.1 3   0.0 999.9 0   1.0 3   0.0 999.9 0   5.0 3   0.0  97.2 0
DRV        56.1 192.5  32.0   0.1 3   0.0 999.9 0   1.0 3   0.0 999.9 0   5.0 3   0.0  88.2 0
HYB        92.4 287.1 103.2   0.1 3   0.0 999.9 0   1.0 3   0.0 999.9 0  20.0 3   0.0  43.8 0
INU        56.3 330.7 144.3   0.1 3   0.0 999.9 0   1.0 3   0.0 999.9 0  20.0 3   0.0  41.1 0
KIP        49.0  45.4 228.0   0.1 3   0.0 999.9 0   1.0 3   0.0 999.9 0  20.0 3   0.0  44.5 0
MBO       176.2  78.2 286.2   0.1 3   0.0 870.0 0   1.0 3   0.0 870.2 0   5.0 3   0.0 206.2 0
NOUC        8.6 183.3   3.5   0.1 3   0.0 447.0 0   1.0 3   0.0 447.2 0   5.0 3   0.0 183.2 0
PAF        84.1 220.7 103.9   0.1 3   0.0 999.9 0   1.0 3   0.0 999.9 0   5.0 3   0.0 143.2 0
PPT        42.1 101.4 269.2   0.1 3   0.0 999.9 0   5.0 3   0.0  82.9 0
SCZ        83.9  50.3 248.5   0.1 3   0.0 999.9 0   5.0 3   0.0 102.6 0
SEY        77.1 353.3 165.5   0.1 3   0.0 255.0 0   1.0 3   0.0 392.6 0  20.0 3   0.0  31.5 0
SSB       144.9 338.0  30.7   0.1 3   0.0 999.9 0   1.0 3   0.0 999.9 0  20.0 3   0.0  53.6 0
UNM        98.1  72.2 258.7   0.1 3   0.0 999.9 0   1.0 3   0.0 999.9 0  20.0 3   0.0  48.5 0
WFM       122.2  48.1 282.2   0.1 3   0.0 999.9 0   5.0 3  36.5 156.5 0
WUS        97.0 310.5 101.5   0.1 3   0.0 999.9 0   1.0 3   0.0 999.9 0  20.0 3   0.0  44.3 0

  1990  9 29  12  1 54.7   -33.360    77.850   15.0  5.0  4.8  seed seed.dat                  092990A
AGD        55.8 317.0 144.4   0.1 3   0.0 999.9 0
CAN        57.5 113.6 249.7   0.1 3   0.0 999.9 0   1.0 3   0.0 999.9 0
CAY       125.8 249.5 127.9   0.1 3   0.0 999.9 0
CRZF       23.7 228.9  65.8   0.1 3   0.0 999.9 0   1.0 3   0.0 999.9 0   5.0 3   0.0  20.1 0
DRV        48.8 152.2 280.7   0.1 3   0.0 999.9 0   1.0 3   0.0 999.9 0
HYB        50.6   0.9 180.8   0.1 3   0.0 999.9 0   1.0 3   0.0 999.9 0  20.0 3   0.0  56.6 0
INU        88.1  44.7 226.1   0.1 3   0.0 999.9 0   1.0 3   0.0 999.9 0
KIP       129.6  89.1 244.1   0.1 3   0.0 999.9 0   1.0 3   0.0 999.9 0
NOUC       76.9 108.0 239.1   0.1 3   0.0 999.9 0   1.0 3   0.0 999.9 0
PAF        17.0 197.3  22.4   0.1 3   0.0 999.9 0   1.0 3   0.0 999.9 0   5.0 3   0.0  18.1 0
PPT       112.0 130.9 221.6   0.1 3   0.0 999.9 0
SCZ       163.9  74.2 277.2   0.1 3   0.0 999.9 0
SEY       112.7  28.7 241.1   0.1 3   0.0 717.9 0   1.0 3   0.0 870.4 0  20.0 3   0.0  22.4 0
SSB       102.7 316.0 124.6   0.1 3   0.0 999.9 0   1.0 3   0.0 999.9 0
UNM       165.7 191.2 169.7   0.1 3   0.0 999.9 0   1.0 3   0.0 999.9 0
WFM       154.3 299.3  78.4   0.1 3   0.0 999.9 0
WUS        74.4   1.1 181.2   0.1 3   0.0 999.9 0   1.0 3   0.0 999.9 0

  1990  9 29  21 39 43.0    13.020   145.780   15.0  5.3  4.9  seed seed.dat                  092990B
AGD        99.8 284.4  74.4   0.1 3   0.0 999.9 0
CAN        48.3 176.5 355.8   0.1 3   0.0 999.9 0   1.0 3   0.0 999.9 0
CAY       154.6  46.1 315.1   0.1 3   0.0 999.9 0
CRZF      102.0 224.9  84.0   0.1 3   0.0 999.9 0   1.0 3   0.0 999.9 0
DRV        79.7 182.3   5.7   0.1 3   0.0 999.9 0   1.0 3   0.0 999.9 0
HYB        64.7 283.3  83.5   0.1 3   0.0 999.9 0   1.0 3   0.0 999.9 0
INU        23.6 341.9 158.2   0.1 3   0.0 999.9 0   1.0 3   0.0 999.9 0
KIP        54.1  72.9 270.9   0.1 3   0.0 999.9 0   1.0 3   0.0 999.9 0
MBO       147.8 327.5  32.7   0.1 3   0.0 142.1 0   1.0 3   0.0 322.3 0   5.0 3   0.0  10.3 0
NOUC       40.4 149.8 328.1   0.1 3   0.0 999.9 0   1.0 3   0.0 999.9 0   5.0 3   0.0  28.3 0
PAF        90.7 219.4  70.9   0.1 3   0.0 999.9 0   1.0 3   0.0 999.9 0
PPT        70.7 113.9 291.0   0.1 3   0.0 999.9 0
SCZ        84.5  53.8 282.3   0.1 3   0.0 999.9 0
SEY        50.1   3.9 188.4   0.1 3   0.0 140.1 0   1.0 3   0.0 292.6 0  20.0 3   4.5  64.5 0
SSB       112.1 331.5  41.0   0.1 3   0.0 999.9 0   1.0 3   0.0 999.9 0
UNM       108.4  64.3 291.6   0.1 3   0.0 999.9 0   1.0 3   0.0 999.9 0
WFM       114.8  29.5 319.6   0.1 3   0.0 999.9 0
WUS        63.9 309.6  95.3   0.1 3   0.0 999.9 0   1.0 3   0.0 999.9 0

  1990  9 30   3 15  2.0    13.140   145.750   15.0  5.1  5.3  seed seed.dat                  093090A
AGD        99.7 284.4  74.3   0.1 3   0.0 999.9 0
CAN        48.4 176.4 355.8   0.1 3   0.0 999.9 0   1.0 3   0.0 999.9 0
CAY       154.6  45.8 315.3   0.1 3   0.0 999.9 0
CRZF      102.1 225.0  83.9   0.1 3   0.0 999.9 0   1.0 3   0.0 999.9 0
DRV        79.8 182.3   5.7   0.1 3   0.0 999.9 0   1.0 3   0.0 999.9 0
HYB        64.7 283.2  83.4   0.1 3   0.0 999.9 0   1.0 3   0.0 999.9 0
INU        23.5 341.9 158.2   0.1 3   0.0 999.9 0   1.0 3   0.0 999.9 0
KIP        54.1  73.0 271.0   0.1 3   0.0 999.9 0   1.0 3   0.0 999.9 0
NOUC       40.5 149.8 328.1   0.1 3   0.0 999.9 0   1.0 3   0.0 999.9 0   5.0 3   0.0  33.0 0
PAF        90.7 219.3  70.8   0.1 3   0.0 999.9 0   1.0 3   0.0 999.9 0
PPT        70.8 114.0 291.1   0.1 3   0.0 999.9 0
SCZ        84.5  53.8 282.4   0.1 3   0.0 999.9 0
SEY        50.0   3.9 188.5   0.1 3   0.0 999.9 0   1.0 3   0.0 999.9 0
SSB       112.0 331.5  41.0   0.1 3   0.0 999.9 0   1.0 3   0.0 999.9 0
UNM       108.4  64.2 291.7   0.1 3   0.0 999.9 0   1.0 3   0.0 999.9 0
WFM       114.7  29.4 319.7   0.1 3   0.0 999.9 0
WUS        63.8 309.6  95.3   0.1 3   0.0 999.9 0   1.0 3   0.0 999.9 0  20.0 3  14.1  74.1 0

  1990  9 30   6 13 17.0    13.120   145.790   15.0  5.1  5.2  seed seed.dat                  093090B
AGD        99.7 284.4  74.3   0.1 3   0.0 999.9 0
CAN        48.4 176.5 355.8   0.1 3   0.0 999.9 0   1.0 3   0.0 999.9 0
CAY       154.5  45.9 315.2   0.1 3   0.0 999.9 0
CRZF      102.1 225.0  83.9   0.1 3   0.0 999.9 0   1.0 3   0.0 999.9 0
DRV        79.8 182.3   5.7   0.1 3   0.0 999.9 0   1.0 3   0.0 999.9 0
HYB        64.7 283.3  83.4   0.1 3   0.0 999.9 0   1.0 3   0.0 999.9 0
INU        23.5 341.8 158.1   0.1 3   0.0 999.9 0   1.0 3   0.0 999.9 0
KIP        54.0  72.9 271.0   0.1 3   0.0 999.9 0   1.0 3   0.0 999.9 0
NOUC       40.5 149.9 328.2   0.1 3   0.0 878.6 0   1.0 3   0.0 858.7 0   5.0 3   0.0  26.7 0
PAF        90.7 219.4  70.8   0.1 3   0.0 999.9 0   1.0 3   0.0 999.9 0
PPT        70.7 114.0 291.1   0.1 3   0.0 999.9 0
SCZ        84.5  53.8 282.3   0.1 3   0.0 999.9 0
SEY        50.0   3.9 188.4   0.1 3   0.0 999.9 0   1.0 3   0.0 999.9 0  20.0 3  21.5  81.5 0
SSB       112.0 331.6  41.0   0.1 3   0.0 999.9 0   1.0 3   0.0 999.9 0
UNM       108.3  64.3 291.7   0.1 3   0.0 999.9 0   1.0 3   0.0 999.9 0
WFM       114.7  29.5 319.6   0.1 3   0.0 999.9 0
WUS        63.9 309.6  95.2   0.1 3   0.0 999.9 0   1.0 3   0.0 999.9 0  20.0 3   0.0  53.8 0

  1990  9 30   9 13 15.7    41.850  -127.620   15.0  4.7  3.7  seed seed.dat                  093090C
AGD       126.0  11.6 351.2   0.1 3   0.0 999.9 0
CAN       108.3 239.0  51.6   0.1 3   0.0 999.9 0   1.0 3   0.0 999.9 0
CAY        75.8  96.0 311.8   0.1 3   0.0 999.9 0
CRZF      175.4 175.1 184.5   0.1 3   0.0 999.9 0   1.0 3   0.0 999.9 0
DRV       128.6 210.8  72.7   0.1 3   0.0 999.9 0   1.0 3   0.0 999.9 0
HYB       116.1 332.1  21.5   0.1 3   0.0 999.9 0   1.0 3   0.0 999.9 0
INU        70.9 300.7  51.8   0.1 3   0.0 999.9 0   1.0 3   0.0 999.9 0
KIP        32.7 240.9  44.4   0.1 3   0.0 999.9 0   1.0 3   0.0 999.9 0
MBO        95.2  65.4 315.5   0.1 3   0.0 192.6 0   1.0 3  12.7 372.7 0
NOUC       88.2 238.2  43.2   0.1 3   0.0 698.6 0   1.0 3   0.0 678.7 0
PAF       165.5 234.1 115.7   0.1 3   0.0 999.9 0   1.0 3   0.0 999.9 0
PPT        62.6 203.8  18.4   0.1 3   0.0 999.9 0
SCZ         7.1 135.4 319.3   0.1 3   0.0 999.9 0
SEY        49.3 323.7  75.5   0.1 3   0.0 999.9 0   1.0 3   0.0 999.9 0
SSB        83.1  31.7 326.2   0.1 3   0.0 886.6 0   1.0 3   0.0 999.9 0
UNM        33.0 124.2 319.2   0.1 3   0.0 999.9 0   1.0 3   0.0 999.9 0
WFM        40.8  69.3 288.8   0.1 3   0.0 999.9 0
WUS        93.7 340.1  19.7   0.1 3   0.0 999.9 0   1.0 3   0.0 999.9 0

  1990  9 30  19  5  2.5    24.150   125.020   20.7  5.9  6.1  seed seed.dat                  093090D
AGD        78.3 277.6  67.5   0.1 3   0.0 999.9 0
CAN        63.5 158.1 335.4   0.1 3   0.0 999.9 0   1.0 3   0.0 999.9 0  20.0 3   4.6  64.6 0
CAY       150.9 354.6   5.0   0.1 3   0.0 999.9 0
CRZF       96.5 221.9  61.8   0.1 3   0.0 756.8 0   1.0 3   0.0 817.0 0   5.0 3  25.0  57.0 0
DRV        91.4 174.1 346.3   0.1 3   0.0 999.9 0   1.0 3   0.0 999.9 0   5.0 3   8.0  60.0 0
HYB        43.8 270.4  73.1   0.1 3   0.0 999.9 0   1.0 3   0.0 999.9 0  20.0 3   0.0  39.5 0
INU        15.3  40.2 226.2   0.1 3   0.0 999.9 0   1.0 3   0.0 999.9 0  20.0 3   0.0  38.9 0
KIP        70.1  74.7 289.0   0.1 3   0.0 999.9 0   1.0 3   0.0 999.9 0  20.0 3   6.2  66.2 0
MBO       126.6 312.1  44.4   0.1 3   0.0 999.9 0   1.0 3   0.0 999.9 0   5.0 3   0.0 128.0 0
NOUC       61.1 135.6 316.4   0.1 3   0.0 106.8 0   1.0 3   0.0  86.9 0   5.0 3   0.0  47.0 0
PAF        88.0 212.4  48.5   0.1 3   0.0 999.9 0   1.0 3   0.0 999.9 0   5.0 3  23.0  51.0 0
PPT        93.0 107.6 294.1   0.1 3   0.0 999.9 0
SCZ        92.9  47.5 303.2   0.1 3   0.0 999.9 0
SEY        42.9  18.0 218.1   0.1 3   0.0 999.9 0   1.0 3   0.0 999.9 0  20.0 3  30.7  90.7 0
SSB        92.1 322.6  51.8   0.1 3   0.0 294.8 0   1.0 3   0.0 915.0 0  20.0 3   0.0  50.9 0
UNM       118.9  48.6 313.4   0.1 3   0.0 999.9 0   1.0 3   0.0 999.9 0  20.0 3  30.2  90.2 0
WFM       111.7  13.0 343.8   0.1 3   0.0 999.9 0
WUS        41.6 305.5  99.5   0.1 3   0.0 999.9 0   1.0 3   0.0 999.9 0  20.0 3   0.0  38.1 0

  1990 10  2   7 48 28.7   -17.390   167.710   15.0  5.2  5.4  seed seed.dat                  100290A
AGD       126.5 271.4 103.0   0.1 3   0.0 999.9 0
CAN        24.4 219.4  47.8   0.1 3   0.0 999.9 0   1.0 3   0.0 999.9 0  20.0 3   1.2  61.2 0
CAY       138.9 103.0 249.3   0.1 3   0.0 999.9 0
CRZF       94.1 218.5 120.7   0.1 3   0.0 999.9 0   1.0 3   0.0 999.9 0
DRV        52.5 193.5  34.1   0.1 3   0.0 999.9 0   1.0 3   0.0 999.9 0   5.0 3  24.5  52.5 0
HYB        94.3 286.7 106.7   0.1 3   0.0 999.9 0   1.0 3   0.0 999.9 0
INU        60.1 331.2 145.7   0.1 3   0.0 999.9 0   1.0 3   0.0 999.9 0  20.0 3  25.5  85.5 0
KIP        51.2  42.4 223.7   0.1 3   0.0 999.9 0   1.0 3   0.0 999.9 0
NOUC        4.9 195.6  16.0   0.1 3   0.0 999.9 0   1.0 3   0.0 999.9 0   5.0 3   0.0  39.5 0
PAF        81.7 220.9 107.1   0.1 3   0.0 999.9 0   1.0 3   0.0 999.9 0   5.0 3  27.5  67.5 0
PPT        40.7  96.9 263.5   0.1 3   0.0 999.9 0
SCZ        85.8  49.8 245.0   0.1 3   0.0 999.9 0
SEY        81.1 353.0 165.1   0.1 3   0.0 971.4 0   1.0 3   0.0 999.9 0  20.0 3   0.0 273.8 1
SSB       148.8 336.6  31.9   0.1 3   0.0  34.5 0   1.0 3   0.0  37.5 0
UNM        98.5  72.5 254.7   0.1 3   0.0 999.9 0   1.0 3   0.0 999.9 0  20.0 3  20.8  80.8 0
WFM       124.2  50.2 278.0   0.1 3   0.0 999.9 0
WUS       100.2 309.9 103.9   0.1 3   0.0 999.9 0   1.0 3   0.0 999.9 0  20.0 3  18.6  78.6 0

  1990 10  2   8  8 27.6   -17.370   167.710   15.0  5.3  5.6  seed seed.dat                  100290B
AGD       126.5 271.4 103.0   0.1 3   0.0 999.9 0
CAN        24.5 219.3  47.8   0.1 3   0.0 999.9 0   1.0 3   0.0 999.9 0  20.0 3   0.0  41.2 0
CAY       138.9 103.0 249.3   0.1 3   0.0 999.9 0
CRZF       94.1 218.5 120.7   0.1 3   0.0 999.9 0   1.0 3   0.0 999.9 0
DRV        52.5 193.5  34.1   0.1 3   0.0 999.9 0   1.0 3   0.0 999.9 0   5.0 3   4.5  32.5 0
HYB        94.3 286.7 106.6   0.1 3   0.0 999.9 0   1.0 3   0.0 999.9 0  20.0 3  35.6  95.6 0
INU        60.1 331.2 145.7   0.1 3   0.0 999.9 0   1.0 3   0.0 999.9 0  20.0 3   5.5  65.5 0
KIP        51.2  42.4 223.7   0.1 3   0.0 999.9 0   1.0 3   0.0 999.9 0
MBO       174.6 124.7 237.6   0.1 3  41.5 441.4 0   1.0 3  41.5 501.5 0
NOUC        4.9 195.5  16.0   0.1 3   0.0 999.9 0   1.0 3   0.0 999.9 0   5.0 3   0.0  59.5 1
PAF        81.7 220.9 107.1   0.1 3   0.0 999.9 0   1.0 3   0.0 999.9 0   5.0 3   7.5  47.5 0
PPT        40.7  97.0 263.6   0.1 3   0.0 999.9 0
SCZ        85.7  49.8 245.0   0.1 3   0.0 999.9 0
SEY        81.1 353.0 165.1   0.1 3   0.0 951.4 0   1.0 3   0.0 999.9 0  20.0 3   0.0 253.8 1
SSB       148.8 336.6  31.9   0.1 3   0.0  14.5 0   1.0 3   0.0  17.6 0
UNM        98.5  72.5 254.7   0.1 3   0.0 999.9 0   1.0 3   0.0 999.9 0  20.0 3   0.8  60.8 0
WFM       124.2  50.2 278.1   0.1 3   0.0 999.9 0
WUS       100.2 309.9 103.9   0.1 3   0.0 999.9 0   1.0 3   0.0 999.9 0  20.0 3   0.0  58.6 0

  1990 10  2  15  6 49.6   -24.080  -174.490   15.0  5.9  5.5  seed seed.dat                  100290C
AGD       142.5 256.8 114.4   0.1 3   0.0 999.9 0
CAN        33.4 241.9  80.6   0.1 3   0.0 999.9 0   1.0 3   0.0 999.9 0  20.0 3   0.0  50.8 0
CAY       121.3  99.5 244.9   0.1 3   0.0 999.9 0
CRZF       98.1 210.3 138.2   0.1 3   0.0 999.9 0   1.0 3   0.0 999.9 0
DRV        51.1 201.4  56.9   0.1 3   0.0 999.9 0   1.0 3   0.0 999.9 0   5.0 3   6.2  34.2 0
HYB       112.1 279.7 109.3   0.1 3   0.0 999.9 0   1.0 3   0.0 950.0 0
INU        75.0 320.6 134.7   0.1 3   0.0 999.9 0   1.0 3   0.0 999.9 0
KIP        48.1  20.9 200.4   0.1 3   0.0 999.9 0   1.0 3   0.0 999.9 0
MBO       156.7 111.0 242.5   0.1 3   0.0  23.0 0   1.0 3   0.0  83.2 0   5.0 3  23.2  91.2 0
NOUC       17.8 272.5 100.1   0.1 3   0.0 999.9 0   1.0 3   0.0 999.9 0   5.0 3   0.0  21.2 0
PAF        86.9 216.2 124.3   0.1 3   0.0 755.0 0   1.0 3   0.0 760.2 0   5.0 3  21.2  49.2 0
PPT        24.1  79.2 250.2   0.1 3   0.0 999.9 0
SCZ        78.5  41.1 228.4   0.1 3   0.0 999.9 0
SEY        90.7 345.5 149.9   0.1 3   0.0 533.0 0   1.0 3   0.0 999.9 0  20.0 3   0.0 159.4 0
UNM        85.2  66.6 242.6   0.1 3   0.0 999.9 0   1.0 3   0.0 999.9 0
WFM       115.2  52.8 260.1   0.1 3   0.0 999.9 0
WUS       117.4 305.2  98.6   0.1 3   0.0 999.9 0   1.0 3   0.0 999.9 0  20.0 3   0.0  74.3 0

  1990 10  4  23 48 31.4   -41.840   175.620   15.0  5.6  5.1  seed seed.dat                  100490A
AGD       129.0 247.4 135.0   0.1 3   0.0 999.9 0
CAN        21.7 278.6 115.4   0.1 3   0.0 999.9 0   1.0 3   0.0 999.9 0  20.0 3   0.0  37.1 0
CAY       123.7 117.5 221.9   0.1 3   0.0 999.9 0
CRZF       78.7 215.8 140.8   0.1 3   0.0 999.9 0   1.0 3   0.0 999.9 0
DRV        31.6 206.2  56.1   0.1 3   0.0 999.9 0   1.0 3   0.0 999.9 0   5.0 3   0.0  24.5 0
HYB       106.6 278.4 129.2   0.1 3   0.0 999.9 0   1.0 3   0.0 412.0 0
INU        84.7 329.1 152.0   0.1 3   0.0 999.9 0   1.0 3   0.0 999.9 0
KIP        67.7  26.7 201.1   0.1 3   0.0 999.9 0   1.0 3   0.0 999.9 0
MBO       150.5 154.9 199.4   0.1 3   0.0 999.9 0   1.0 3   0.0 999.9 0
NOUC       21.2 335.4 160.4   0.1 3   0.0 999.9 0   1.0 3   0.0 999.9 0   5.0 3   0.0  19.5 0
PAF        68.0 222.7 129.2   0.1 3   0.0 999.9 0   1.0 3   0.0 999.9 0   5.0 3  10.5  42.5 0
PPT        38.3  61.5 223.4   0.1 3   0.0 999.9 0
SCZ        97.1  46.4 222.3   0.1 3   0.0 999.9 0
SEY       106.2 349.1 162.1   0.1 3   0.0 999.9 0   1.0 3   0.0 999.9 0  20.0 3  19.4  79.4 0
SSB       172.7 298.3  62.5   0.1 3   0.0 999.9 1   1.0 3   0.0 662.0 0
UNM        99.3  72.6 229.1   0.1 3   0.0 999.9 0   1.0 3   0.0 999.9 0
WFM       131.6  65.7 247.2   0.1 3   0.0 999.9 0
WUS       120.0 299.8 120.8   0.1 3   0.0 999.9 0   1.0 3   0.0 572.5 0

  1990 10  6   2 41 16.2   -41.560   175.350   20.0  5.7  5.0  seed seed.dat                  100690A
AGD       128.9 247.8 134.6   0.1 3   0.0 999.9 0
CAN        21.5 278.2 114.8   0.1 3   0.0 999.9 0   1.0 3   0.0 999.9 0  20.0 3   0.0  42.4 0
CAY       124.0 117.6 222.1   0.1 3   0.0 999.9 0
CRZF       78.8 215.9 140.5   0.1 3   0.0 999.9 0   1.0 3   0.0 999.9 0
DRV        31.7 205.9  55.5   0.1 3   0.0 999.9 0   1.0 3   0.0 999.9 0   5.0 3   0.0  23.7 0
HYB       106.4 278.7 128.9   0.1 3   0.0 999.9 0   1.0 3   0.0 999.9 0
INU        84.4 329.3 152.0   0.1 3   0.0 999.9 0   1.0 3   0.0 710.4 0
KIP        67.5  27.0 201.4   0.1 3   0.0 999.9 0   1.0 3   0.0 999.9 0  20.0 3   2.0  62.0 0
MBO       150.9 155.2 199.3   0.1 3   0.0 999.9 0   1.0 3   0.0 999.9 0   5.0 3  19.7  55.7 0
NOUC       20.9 335.8 160.6   0.1 3   0.0 900.6 0   1.0 3   0.0 870.7 0   5.0 3   0.0  22.7 0
PAF        68.0 222.8 128.8   0.1 3   0.0 999.9 0   1.0 3   0.0 999.9 0   5.0 3  13.7  41.7 0
PPT        38.4  62.1 224.0   0.1 3   0.0 999.9 0
SCZ        97.1  46.5 222.6   0.1 3   0.0 999.9 0
SEY       105.9 349.3 162.2   0.1 3   0.0 999.9 0   1.0 3   0.0 999.9 0  20.0 3   0.0 286.7 0
SSB       172.4 299.6  61.6   0.1 3   0.0 999.9 0   1.0 3   0.0 999.9 0
UNM        99.4  72.8 229.4   0.1 3   0.0 999.9 0   1.0 3   0.0 999.9 0
WFM       131.7  65.5 247.7   0.1 3   0.0 999.9 0
WUS       119.7 300.1 120.6   0.1 3   0.0 999.9 0   1.0 3   0.0 999.9 0

  1990 10  6   9  8  9.0    -3.550    67.860   15.0  5.6  5.1  seed seed.dat                  100690B
AGD        29.1 301.4 119.6   0.1 3   0.0 999.9 0
CAN        80.7 125.1 272.1   0.1 3   0.0 999.9 0   1.0 3   0.0 999.9 0
CAY       120.3 273.6  91.2   0.1 3   0.0 999.9 0
CRZF       45.0 195.7  23.0   0.1 3   0.0 999.9 0   1.0 3   0.0 999.9 0   5.0 3   0.0  27.9 0
DRV        79.7 157.3 285.0   0.1 3   0.0 999.9 0   1.0 3   0.0 999.9 0
HYB        23.4  26.5 207.9   0.1 3   0.0 999.9 0   1.0 3   0.0 999.9 0  20.0 3   0.0  36.9 0
INU        75.3  52.2 254.9   0.1 3   0.0 999.9 0   1.0 3   0.0 323.5 0
KIP       132.0  64.3 285.5   0.1 3   0.0 999.9 0   1.0 3   0.0 999.9 0
MBO        85.9 284.6  94.6   0.1 3   0.0 999.9 0   1.0 3   0.0 999.9 0   5.0 3  20.9  52.8 0
NOUC       96.5 112.6 263.4   0.1 3   0.0 513.7 0   1.0 3   0.0 483.8 0   5.0 3  23.9  55.9 0
PAF        45.8 177.8 356.7   0.1 3   0.0 999.9 0   1.0 3   0.0 999.9 0   5.0 3   0.0  30.9 0
PPT       137.5 120.9 243.7   0.1 3   0.0 999.9 0
SCZ       145.9  13.4 343.5   0.1 3   0.0 999.9 0
SEY        90.7  27.1 263.7   0.1 3   0.0 891.7 0   1.0 3   0.0 999.9 0  20.0 3  19.8  79.8 0
SSB        74.2 319.0 111.9   0.1 3   0.0 999.9 0   1.0 3   0.0 999.9 0
UNM       159.8 322.0  40.1   0.1 3   0.0 999.9 0   1.0 3   0.0 999.9 0
WFM       126.9 323.0  54.1   0.1 3   0.0 999.9 0
WUS        45.8  12.0 196.0   0.1 3   0.0 999.9 0   1.0 3   0.0 999.9 0  20.0 3   0.0 114.0 0

  1990 10  6  10  9  1.3    14.550   -92.340   15.0  4.8  4.6  seed seed.dat                  100690C
AGD       128.5  61.9 299.3   0.1 3   0.0 999.9 0
CAN       121.6 237.5  94.6   0.1 3   0.0 999.9 0   1.0 3   0.0 999.9 0
CAY        40.5  99.5 286.6   0.1 3   0.0 999.9 0
CRZF      136.3 144.0 234.7   0.1 3   0.0 999.9 0   1.0 3   0.0 999.9 0
DRV       117.7 200.9 120.2   0.1 3   0.0 999.9 0   1.0 3   0.0 999.9 0
HYB       146.9  16.0 343.8   0.1 3   0.0 999.9 0   1.0 3   0.0 999.9 0
INU       111.7 318.2  52.1   0.1 3   0.0 999.9 0   1.0 3   0.0 262.7 0
KIP        62.4 286.8  84.2   0.1 3   0.0 999.9 0   1.0 3   0.0 999.9 0
MBO        72.6  79.2 281.0   0.1 3   0.0 999.9 0   1.0 3   0.0 999.9 0
NOUC      105.7 250.9  80.6   0.1 3   0.0 452.8 0   1.0 3   0.0 423.0 0
PAF       142.4 161.1 208.2   0.1 3   0.0 999.9 0   1.0 3   0.0 999.9 0
PPT        64.9 242.5  64.2   0.1 3   0.0 999.9 0
SCZ        34.0 315.6 122.6   0.1 3   0.0 999.9 0
SEY        88.0 335.6  61.0   0.1 3   0.0 830.8 0   1.0 3   0.0 983.3 0  20.0 3   0.0  18.9 0
SSB        84.5  44.7 285.2   0.1 3   0.0 999.9 0   1.0 3   0.0 999.9 0
UNM         8.1 306.9 124.9   0.1 3   0.0 999.9 0   1.0 3   0.0 999.9 0
WFM        33.3  28.6 219.0   0.1 3   0.0 999.9 0
WUS       123.8   7.7 350.2   0.1 3   0.0 999.9 0   1.0 3   0.0 999.9 0  20.0 3   0.0  53.1 0

  1990 10  6  14 33  1.1    36.420   140.510   39.7  5.1  0.0  seed seed.dat                  100690D
AGD        89.3 283.9  53.0   0.1 3   0.0 999.9 0
CAN        72.0 172.7 352.8   0.1 3   0.0 999.9 0   1.0 3   0.0 999.9 0
CAY       137.0  18.8 344.8   0.1 3   0.0 999.9 0
CRZF      114.5 229.6  62.6   0.1 3   0.0 999.9 0   1.0 3   0.0 999.9 0
DRV       102.9 180.2   0.4   0.1 3   0.0 999.9 0   1.0 3   0.0 999.9 0
HYB        57.4 268.4  57.6   0.1 3   0.0 999.9 0   1.0 3   0.0 999.9 0  20.0 3   0.0  30.0 0
INU         3.0 250.3  68.3   0.1 3   0.0 999.9 0   1.0 3  17.4 999.9 0
KIP        55.0  87.8 300.2   0.1 3   0.0 999.9 0   1.0 3   0.0 999.9 0  20.0 3   0.2  60.2 0
MBO       125.0 333.1  22.2   0.1 3   0.0 999.9 0   1.0 3   0.0 999.9 0
NOUC       63.2 153.0 336.8   0.1 3   0.0 188.8 0   1.0 3   0.0 159.0 0
PAF       105.8 219.9  52.2   0.1 3   0.0 999.9 0   1.0 3   0.0 999.9 0
PPT        85.1 115.8 310.4   0.1 3   0.0 999.9 0   5.0 3   0.0  42.7 0
SCZ        74.9  55.5 304.3   0.1 3   0.0 999.9 0
SEY        27.5  11.7 201.0   0.1 3   0.0 566.8 0   1.0 3   0.0 719.3 0  20.0 3   0.0  30.9 0
SSB        89.3 330.7  34.0   0.1 3   0.0 999.9 0   1.0 3   0.0 999.9 0  20.0 3  10.4  70.4 0
UNM       100.9  55.9 314.9   0.1 3   0.0 999.9 0   1.0 3   0.0 999.9 0
WFM        95.9  23.1 334.6   0.1 3   0.0 999.9 0
WUS        47.1 295.5  74.7   0.1 3   0.0 999.9 0   1.0 3   0.0 999.9 0

  1990 10  7   4 45 54.4   -28.970  -176.580   15.0  5.2  0.0  seed seed.dat                  100790A
AGD       139.4 252.5 121.1   0.1 3   0.0 999.9 0
CAN        29.7 248.8  87.5   0.1 3   0.0 999.9 0   1.0 3   0.0 999.9 0
CAY       122.2 103.6 238.9   0.1 3   0.0 999.9 0
CRZF       93.0 211.1 139.1   0.1 3   0.0 999.9 0   1.0 3   0.0 999.9 0
DRV        45.9 202.4  57.0   0.1 3   0.0 999.9 0   1.0 3   0.0 999.9 0
HYB       111.0 278.6 114.8   0.1 3   0.0 999.9 0   1.0 3   0.0 999.9 0
INU        77.6 322.6 139.4   0.1 3   0.0 999.9 0   1.0 3   0.0 999.9 0
KIP        53.3  21.8 200.4   0.1 3   0.0 999.9 0   1.0 3   0.0 999.9 0
MBO       156.2 123.9 229.5   0.1 3   0.0 999.9 0   1.0 3   0.0 999.9 0
NOUC       16.9 290.0 117.4   0.1 3   0.0 999.9 0   1.0 3   0.0 999.9 0   5.0 3   0.0  58.1 1
PAF        81.9 217.3 125.7   0.1 3   0.0 999.9 0   1.0 3   0.0 999.9 0
PPT        27.2  71.3 240.4   0.1 3   0.0 999.9 0
SCZ        83.4  41.8 226.5   0.1 3   0.0 999.9 0
SEY        95.0 346.3 152.9   0.1 3   0.0 999.9 0   1.0 3   0.0 999.9 0  20.0 3  36.0  96.0 0
SSB       163.7 357.1   3.4   0.1 3   0.0 999.9 0   1.0 3   0.0 999.9 0
UNM        88.8  67.3 238.9   0.1 3   0.0 999.9 0   1.0 3   0.0 999.9 0  20.0 3  15.4  75.4 0
WFM       119.6  55.3 256.9   0.1 3   0.0 999.9 0
WUS       118.7 303.4 104.4   0.1 3   0.0 999.9 0   1.0 3   0.0 999.9 0

  1990 10  7  11 32  6.5   -56.260   -26.470   78.5  5.6  4.1  seed seed.dat                  100790B
AGD        88.4  66.7 211.5   0.1 3   0.0 999.9 0
CAN        88.5 176.3 182.5   0.1 3   0.0 999.9 0   1.0 3   0.0 999.9 0
CAY        64.7 331.2 164.4   0.1 3   0.0 999.9 0
CRZF       47.3 113.0 227.9   0.1 3   0.0 999.9 0   1.0 3   0.0 999.9 0
DRV        56.8 173.6 188.9   0.1 3   0.0 999.9 0   1.0 3   0.0 999.9 0
HYB       112.7  92.7 215.8   0.1 3   0.0 999.9 0   1.0 3   0.0 999.9 0
INU       156.3 145.3 203.5   0.1 3   0.0 747.7 0   1.0 3   0.0 696.2 0
KIP       130.3 245.7 146.7   0.1 3   0.0 999.9 0   1.0 3   0.0 999.9 0
MBO        71.0   9.8 185.6   0.1 3   0.0 999.9 0   1.0 3   0.0 999.9 0
NOUC      101.0 192.0 172.8   0.1 3   0.0 999.9 0   1.0 3   0.0 999.9 0
PAF        54.1 126.8 223.1   0.1 3   0.0 999.9 0   1.0 3   0.0 999.9 0
PPT        92.3 233.0 152.2   0.1 3   0.0 999.9 0
SCZ       122.2 288.5 138.8   0.1 3   0.0 999.9 0
SEY       173.3   4.8 354.7   0.1 3   0.0 999.9 0   1.0 3   0.0 999.9 0  20.0 3   0.0  19.8 0
SSB       104.7  22.2 197.3   0.1 3   0.0 999.9 0   1.0 3   0.0 999.9 0
UNM        96.8 294.6 147.5   0.1 3   0.0 999.9 0   1.0 3   0.0 999.9 0
WFM       105.7 327.0 155.7   0.1 3   0.0 999.9 0
WUS       131.3  75.2 225.8   0.1 3   0.0 999.9 0   1.0 3   0.0 999.9 0

  1990 10  8   3 23  6.6   -10.170   162.590   15.0  5.0  4.6  seed seed.dat                  100890A
AGD       120.9 277.3  94.9   0.1 3   0.0 999.9 0
CAN        28.0 204.2  29.6   0.1 3   0.0 999.9 0   1.0 3   0.0 999.9 0
CAY       145.0  96.1 259.5   0.1 3   0.0 999.9 0
CRZF       96.5 220.6 112.3   0.1 3   0.0 999.9 0   1.0 3   0.0 999.9 0
DRV        58.5 190.3  26.4   0.1 3   0.0 999.9 0   1.0 3   0.0 999.9 0
HYB        87.4 288.0 101.3   0.1 3   0.0 999.9 0   1.0 3   0.0 999.9 0
INU        51.4 333.1 147.0   0.1 3   0.0 999.9 0   1.0 3   0.0 999.9 0
KIP        49.9  50.7 234.9   0.1 3   0.0 999.9 0   1.0 3   0.0 932.2 0
MBO       175.8 353.8   5.8   0.1 3   0.0 773.7 0   1.0 3   0.0 813.9 0
NOUC       12.4 163.7 342.7   0.1 3   0.0 999.9 0   1.0 3   0.0 999.9 0   5.0 3   0.0  12.9 0
PAF        83.9 221.0  98.6   0.1 3   0.0 999.9 0   1.0 3   0.0 999.9 0
PPT        46.9 104.5 272.4   0.1 3   0.0 999.9 0
SCZ        85.0  51.7 253.7   0.1 3   0.0 999.9 0
SEY        73.4 355.1 169.5   0.1 3   0.0 999.9 0   1.0 3   0.0 999.9 0  20.0 3   0.0 142.8 1
SSB       140.2 335.5  34.8   0.1 3   0.0 999.9 0   1.0 3   0.0 681.4 0
UNM       101.0  72.3 263.2   0.1 3   0.0 999.9 0   1.0 3   0.0 999.9 0
WFM       123.0  45.6 288.4   0.1 3   0.0 999.9 0
WUS        91.7 311.4 101.8   0.1 3   0.0 999.9 0   1.0 3   0.0 999.9 0

  1990 10  8  23  3 36.2   -13.260   167.040  183.7  5.1  0.0  seed seed.dat                  100890B
AGD       125.6 274.6  98.0   0.1 3   0.0 999.9 0
CAN        27.4 213.4  41.1   0.1 3   0.0 999.9 0   1.0 3   0.0 999.9 0
CAY       140.3  98.5 255.3   0.1 3   0.0 999.9 0
CRZF       96.9 219.0 117.6   0.1 3   0.0 999.9 0   1.0 3   0.0 999.9 0
DRV        56.3 192.6  32.2   0.1 3   0.0 999.9 0   1.0 3   0.0  64.4 0   5.0 3  41.4  89.4 0
HYB        92.5 287.1 102.9   0.1 3   0.0 999.9 0   1.0 3   0.0 648.7 0
INU        56.2 330.5 144.0   0.1 3   0.0 999.9 0   1.0 3   0.0 999.9 0
KIP        48.7  45.4 228.0   0.1 3   0.0  56.2 0   1.0 3   0.0 999.9 0
MBO       176.0  75.7 288.2   0.1 3   0.0 545.2 0   1.0 3   0.0 580.4 0   5.0 3   0.0   1.4 0
NOUC        8.8 184.5   4.7   0.1 3   0.0 999.9 0   1.0 3   0.0 999.9 0
PAF        84.4 220.7 103.9   0.1 3   0.0 999.9 0   1.0 3   0.0 999.9 0
PPT        42.0 101.6 269.5   0.1 3   0.0 999.9 0
SCZ        83.6  50.3 248.5   0.1 3   0.0 999.9 0
SEY        76.9 353.2 165.3   0.1 3   0.0 999.9 0   1.0 3   0.0 999.9 0  20.0 3   0.0 122.3 0
SSB       144.7 338.3  30.2   0.1 3   0.0 999.9 0   1.0 3   0.0 999.9 0
UNM        97.8  72.1 258.8   0.1 3   0.0 999.9 0   1.0 3   0.0 999.9 0
WFM       121.9  48.0 282.2   0.1 3   0.0 999.9 0
WUS        97.0 310.5 101.2   0.1 3   0.0 999.9 0   1.0 3   0.0 999.9 0

  1990 10  9  18  5 11.2    -4.180   100.610   15.0  5.5  5.1  seed seed.dat                  100990A
AGD        59.6 285.9 101.8   0.1 3   0.0 999.9 0
CAN        54.3 131.2 293.3   0.1 3   0.0 999.9 0   1.0 3   0.0 999.9 0
CAY       153.0 272.6  89.4   0.1 3   0.0 999.9 0
CRZF       59.6 217.1  60.6   0.1 3   0.0 999.9 0   1.0 3   0.0 999.9 0   5.0 3   6.8  34.8 0
DRV        68.1 164.2 316.9   0.1 3   0.0 999.9 0   1.0 3   0.0 967.8 0
HYB        30.6 315.2 132.6   0.1 3   0.0 999.9 0   1.0 3   0.0 776.3 0  20.0 3   0.0  48.5 0
INU        52.2  38.0 228.7   0.1 3   0.0 999.9 0   1.0 3   0.0 999.9 0
KIP       102.1  69.1 270.4   0.1 3   0.0 999.9 0   1.0 3   0.0  50.2 0
MBO       117.7 283.9  87.0   0.1 3   0.0 999.9 0   1.0 3   0.0 999.9 0
NOUC       65.9 112.2 275.3   0.1 3   0.0 606.7 0   1.0 3   0.0 999.9 0   5.0 3  10.8  42.8 0
PAF        51.9 204.9  40.0   0.1 3   0.0 999.9 0   1.0 3   0.0 999.9 0   5.0 3   1.8  33.8 0
PPT       107.5 109.8 259.6   0.1 3   0.0 999.9 0
SCZ       129.7  44.5 300.1   0.1 3   0.0 999.9 0
SEY        77.5  21.6 233.5   0.1 3   0.0 354.7 0   1.0 3   0.0 147.2 0
SSB        97.2 314.9  88.4   0.1 3   0.0 999.9 0   1.0 3   0.0 999.9 0
UNM       155.5  50.6 305.9   0.1 3   0.0 999.9 0   1.0 3   0.0 999.9 0
WFM       141.0 350.7  12.5   0.1 3   0.0 999.9 0
WUS        49.3 338.7 151.2   0.1 3   0.0 999.9 0   1.0 3   0.0 999.9 0

  1990 10 10   1  0  6.5   -19.430   -66.600  275.0  5.8  0.0  seed seed.dat                  101090A
AGD       111.9  85.3 253.7   0.1 3   0.0 999.9 0
CAN       115.8 211.9 142.5   0.1 3   0.0 999.9 0   1.0 3   0.0 999.9 0
CAY        28.1  31.6 209.7   0.1 3   0.0 999.9 0
CRZF       94.0 142.5 236.1   0.1 3   0.0 999.9 0   1.0 3   0.0 999.9 0   5.0 3   0.0  51.9 0
DRV        91.8 190.3 155.0   0.1 3   0.0 999.9 0   1.0 3   0.0 552.9 0   5.0 3   4.9  60.9 0
HYB       146.9  88.1 261.4   0.1 3   0.0 999.9 0   1.0 3   0.0 361.4 0  20.0 3   0.0  49.6 0
INU       153.8 311.7  58.3   0.1 3   0.0 999.9 0   1.0 3   0.0 999.9 0
KIP        98.2 289.7 107.5   0.1 3   0.0 999.9 0   1.0 3   0.0 999.9 0  20.0 3   0.0  49.1 0
MBO        59.4  59.2 236.8   0.1 3   0.0 999.9 0   1.0 3   0.0 999.9 0   5.0 3   0.0 110.9 0
NOUC      113.8 233.8 124.8   0.1 3   0.0 191.7 0   1.0 3   0.0 961.9 0   5.0 3   0.0  59.9 0
PAF       101.4 152.9 221.1   0.1 3   0.0 999.9 0   1.0 3   0.0 999.9 0   5.0 3   2.9  66.9 0
PPT        77.9 255.4 106.8   0.1 3   0.0 999.9 0
SCZ        76.1 317.3 127.3   0.1 3   0.0 999.9 0   5.0 3   0.0 103.4 0
SEY       129.0 338.2  49.6   0.1 3   0.0 999.9 0   1.0 3   0.0 999.9 0  20.0 3   0.0  55.8 0
SSB        91.2  42.0 243.5   0.1 3   0.0 999.9 0   1.0 3   0.0 999.9 0  20.0 3   0.0  48.7 0
UNM        50.1 318.4 138.4   0.1 3   0.0 999.9 0   1.0 3   0.0 999.9 0  20.0 3   0.0  43.2 0
WFM        62.0 355.9 174.8   0.1 3   0.0 999.9 0
WUS       143.7  46.0 296.9   0.1 3   0.0 999.9 0   1.0 3   0.0 999.9 0  20.0 3   0.0  52.0 0

  1990 10 10   5 54 58.0   -23.080   178.930  575.1  5.9  0.0  seed seed.dat                  101090B
AGD       136.7 261.9 111.2   0.1 3   0.0 999.9 0   5.0 3   0.0 112.5 0
CAN        28.7 238.1  73.0   0.1 3   0.0 999.9 0   1.0 3   0.0 999.9 0
CAY       127.4 102.2 244.8   0.1 3   0.0 999.9 0
CRZF       95.8 213.6 132.5   0.1 3   0.0 999.9 0   1.0 3   0.0 999.9 0
DRV        50.0 199.1  49.1   0.1 3   0.0 999.9 0   1.0 3   0.0 258.0 0   5.0 3   0.0  30.0 0
HYB       106.0 282.2 109.5   0.1 3   0.0 999.9 0   1.0 3   0.0  66.5 0
INU        70.5 324.5 139.2   0.1 3   0.0 999.9 0   1.0 3   0.0 999.9 0
KIP        49.7  28.7 208.3   0.1 3   0.0 999.9 0   1.0 3   0.0 999.9 0  20.0 3   0.0  48.3 0
MBO       162.7 117.9 238.3   0.1 3   0.0 999.9 0   1.0 3   0.0 999.9 0
NOUC       11.7 272.3  97.2   0.1 3   0.0 999.9 0   1.0 3   0.0 667.0 0   5.0 3   0.0  13.0 0
PAF        84.1 218.4 118.9   0.1 3   0.0 999.9 0   1.0 3   0.0 999.9 0   5.0 3   0.0  44.0 0
PPT        30.0  85.4 254.2   0.1 3   0.0 999.9 0
SCZ        81.9  44.7 233.6   0.1 3   0.0 999.9 0
SEY        88.4 348.2 155.6   0.1 3   0.0 999.9 0   1.0 3   0.0 887.1 0
SSB       157.4 349.5  13.3   0.1 3   0.0 999.9 0   1.0 3   0.0 999.9 0
UNM        90.4  69.3 245.9   0.1 3   0.0 999.9 0   1.0 3   0.0 999.9 0
WFM       119.4  53.2 265.1   0.1 3   0.0 999.9 0
WUS       112.0 306.5 101.7   0.1 3   0.0 999.9 0   1.0 3   0.0 999.9 0

  1990 10 10  15 32 16.4    29.190   131.660   15.0  5.1  4.5  seed seed.dat                  101090C
AGD        83.4 279.6  61.6   0.1 3   0.0 999.9 0
CAN        66.4 164.5 343.4   0.1 3   0.0 999.9 0   1.0 3   0.0 999.9 0
CAY       145.7   7.0 353.8   0.1 3   0.0 999.9 0
CRZF      104.2 224.7  62.7   0.1 3   0.0 999.9 0   1.0 3   0.0 999.9 0
DRV        95.9 176.7 352.6   0.1 3   0.0 999.9 0   1.0 3   0.0 999.9 0
HYB        49.8 268.7  66.2   0.1 3   0.0 507.5 0   1.0 3   0.0 413.2 0
INU         7.6  35.1 218.0   0.1 3   0.0 999.9 0   1.0 3   0.0 999.9 0  20.0 3   0.0  36.0 0
KIP        63.2  79.2 292.8   0.1 3   0.0 999.9 0   1.0 3   0.0 999.9 0
MBO       127.0 320.9  34.7   0.1 3   0.0 999.9 0   1.0 3   0.0 999.9 0
NOUC       61.1 142.8 325.3   0.1 3   0.0 669.6 0   1.0 3   0.0  89.7 0
PAF        95.5 215.3  50.6   0.1 3   0.0 999.9 0   1.0 3   0.0 999.9 0
PPT        89.1 110.5 300.8   0.1 3   0.0 999.9 0
SCZ        85.1  50.5 303.1   0.1 3   0.0 999.9 0
SEY        36.3  15.8 211.5   0.1 3   0.0 999.9 0   1.0 3   0.0 309.8 0  20.0 3   0.0 223.7 0
SSB        91.5 325.8  44.1   0.1 3   0.0 999.9 0   1.0 3   0.0 999.9 0
UNM       111.1  51.6 313.5   0.1 3   0.0 999.9 0   1.0 3   0.0 999.9 0
WFM       105.3  17.5 339.2   0.1 3   0.0 999.9 0
WUS        43.9 300.4  88.6   0.1 3   0.0 999.9 0   1.0 3   0.0 999.9 0

  1990 10 11   4 25 24.2   -34.170   -72.070   15.0  5.2  4.9  seed seed.dat                  101190A
AGD       117.0  94.5 237.6   0.1 3   0.0 999.9 0
CAN       100.8 213.1 146.4   0.1 3   0.0 999.9 0   1.0 3   0.0 999.9 0
CAY        43.2  29.5 204.2   0.1 3   0.0 999.9 0   5.0 3   0.0 117.8 0
CRZF       85.1 144.9 223.5   0.1 3   0.0 999.9 0   1.0 3   0.0 999.9 0
DRV        76.4 192.5 153.1   0.1 3   0.0 999.9 0   1.0 3   0.0 999.9 0   5.0 3   0.0   7.6 0
HYB       148.9 115.6 232.2   0.1 3   0.0 999.9 0   1.0 3   0.0 999.9 0
INU       156.1 280.3  94.8   0.1 3   0.0 999.9 0   1.0 3   0.0 999.9 0
KIP        98.6 289.8 123.1   0.1 3   0.0 999.9 0   1.0 3   0.0 999.9 0
MBO        71.3  57.2 226.0   0.1 3   0.0 999.9 0   1.0 3   0.0 999.9 0   5.0 3  17.6  45.6 0
NOUC      101.1 233.4 134.1   0.1 3   0.0 999.9 0   1.0 3   0.0 999.9 0
PAF        90.2 156.5 210.4   0.1 3   0.0 999.9 0   1.0 3   0.0 999.9 0
PPT        70.2 261.7 120.7   0.1 3   0.0 999.9 0
SCZ        84.2 322.0 140.7   0.1 3   0.0 999.9 0
SEY       140.2 329.7  64.6   0.1 3   0.0 999.9 0   1.0 3   0.0 999.9 0  20.0 3   0.0  44.5 0
SSB       105.2  45.5 236.9   0.1 3   0.0 999.9 0   1.0 3   0.0 999.9 0
UNM        59.3 329.9 153.9   0.1 3   0.0 999.9 0   1.0 3   0.0 999.9 0
WFM        76.6   0.4 180.5   0.1 3   0.0 999.9 0
WUS       156.3  65.1 278.8   0.1 3   0.0 999.9 0   1.0 3   0.0 999.9 0

  1990 10 11  13 56 59.9    32.410    47.890   15.0  5.4  4.8  seed seed.dat                  101190B
AGD        21.3 193.8  11.9   0.1 3   0.0 999.9 0
CAN       116.2 116.4 292.1   0.1 3   0.0 999.9 0   1.0 3   0.0 999.9 0
CAY        95.9 279.8  56.8   0.1 3   0.0 999.9 0
CRZF       78.7 177.2 356.6   0.1 3   0.0 999.9 0   1.0 3   0.0 999.9 0
DRV       120.2 152.5 282.0   0.1 3   0.0 999.9 0   1.0 3   0.0 999.9 0
HYB        31.4 110.9 304.2   0.1 3   0.0 999.9 0   1.0 3   0.0 999.9 0
INU        71.4  59.4 297.0   0.1 3   0.0 999.9 0   1.0 3   0.0 999.9 0
KIP       120.9  28.2 334.6   0.1 3   0.0 999.9 0   1.0 3   0.0 999.9 0
MBO        61.3 269.4  60.7   0.1 3   0.0 999.9 0   1.0 3   0.0 999.9 0
NOUC      125.0  95.3 294.6   0.1 3   0.0 524.8 0   1.0 3   0.0 525.0 0
PAF        84.0 165.5 341.1   0.1 3   0.0 697.8 0   1.0 3   0.0 818.0 0
PPT       158.4  50.3 316.0   0.1 3   0.0 999.9 0
SCZ       110.4 350.8   9.6   0.1 3   0.0 999.9 0
SEY        67.7  28.5 297.9   0.1 3   0.0 999.9 0   1.0 3   0.0 999.9 0  20.0 3   0.0  48.3 0
SSB        35.7 303.9  95.7   0.1 3   0.0 602.8 0   1.0 3   0.0 999.9 0
UNM       119.5 324.0  31.8   0.1 3   0.0 999.9 0   1.0 3   0.0 999.9 0
WFM        86.8 320.0  47.4   0.1 3   0.0 999.9 0
WUS        26.4  61.7 260.8   0.1 3   0.0 999.9 0   1.0 3   0.0 999.9 0  20.0 3   0.0  47.1 0

  1990 10 11  15 14 45.0    18.560   -69.700  101.5  5.4  0.0  seed seed.dat                  101190C
AGD       107.0  71.1 293.7   0.1 3   0.0 999.9 0
CAN       142.0 236.3 106.3   0.1 3   0.0 999.9 0   1.0 3   0.0 999.9 0
CAY        21.7 126.4 310.0   0.1 3   0.0 999.9 0
CRZF      124.9 133.9 259.8   0.1 3   0.0 999.9 0   1.0 3   0.0 999.9 0
DRV       128.2 194.6 143.4   0.1 3   0.0 999.9 0   1.0 3   0.0 999.9 0
HYB       132.5  42.8 317.5   0.1 3   0.0 999.9 0   1.0 3   0.0 999.9 0
INU       120.6 334.8  29.6   0.1 3   0.0 999.9 0   1.0 3   0.0 999.9 0
KIP        81.9 289.9  73.2   0.1 3   0.0 999.9 0   1.0 3   0.0 999.9 0
MBO        50.6  86.3 282.4   0.1 3   0.0 999.9 0   1.0 3   0.0 999.9 0   5.0 3   0.2  48.2 0
NOUC      127.6 256.3  83.4   0.1 3   0.0 447.1 0   1.0 3   0.0 447.2 0
PAF       135.6 142.9 240.3   0.1 3   0.0 620.1 0   1.0 3   0.0 740.2 0
PPT        86.4 250.3  69.5   0.1 3   0.0 999.9 0
SCZ        48.6 302.7  97.1   0.1 3   0.0 999.9 0
SEY        92.2 342.2  39.4   0.1 3   0.0 999.9 0   1.0 3   0.0 999.9 0  20.0 3   0.0  91.2 1
SSB        66.0  48.0 272.7   0.1 3   0.0 525.1 0   1.0 3   0.0 999.9 0
UNM        27.9 276.4  86.7   0.1 3   0.0 999.9 0   1.0 3   0.0 999.9 0  20.0 3   0.0  43.5 0
WFM        24.1 356.8 175.8   0.1 3   0.0 999.9 0
WUS       113.8  25.2 327.8   0.1 3   0.0 999.9 0   1.0 3   0.0 999.9 0

  1990 10 11  20 48 53.6    -3.340   146.780   15.0  5.1  4.9  seed seed.dat                  101190D
AGD       104.3 281.0  90.4   0.1 3   0.0 999.9 0
CAN        32.0 176.6 355.8   0.1 3   0.0 999.9 0   1.0 3   0.0 999.9 0
CAY       160.9  84.7 274.3   0.1 3   0.0 999.9 0
CRZF       91.0 223.6  96.0   0.1 3   0.0 999.9 0   1.0 3   0.0 999.9 0
DRV        63.4 183.0   7.6   0.1 3   0.0 999.9 0   1.0 3   0.0 999.9 0
HYB        70.4 289.7 100.0   0.1 3   0.0 999.9 0   1.0 3   0.0 999.9 0
INU        39.7 347.4 164.6   0.1 3   0.0 999.9 0   1.0 3   0.0 999.9 0  20.0 3   0.0  51.4 0
KIP        59.4  62.8 252.4   0.1 3   0.0 999.9 0   1.0 3   0.0 999.9 0
MBO       160.5 305.3  56.7   0.1 3   0.0 999.9 0   1.0 3   0.0 999.9 0
NOUC       26.6 136.2 311.8   0.1 3   0.0 112.9 0   1.0 3   0.0 113.1 0   5.0 3   0.0  19.1 0
PAF        78.7 220.4  82.1   0.1 3   0.0 285.9 0   1.0 3   0.0 406.1 0
PPT        63.9 107.8 274.9   0.1 3   0.0 999.9 0
SCZ        93.4  53.7 268.6   0.1 3   0.0 999.9 0
SEY        66.3   2.8 186.1   0.1 3   0.0 999.9 0   1.0 3   0.0 999.9 0  20.0 3   0.0 163.0 1
SSB       126.7 327.3  49.4   0.1 3   0.0 190.9 0   1.0 3   0.0 855.0 0
UNM       113.8  70.5 275.1   0.1 3   0.0 999.9 0   1.0 3   0.0 999.9 0
WFM       128.1  35.6 308.5   0.1 3   0.0 999.9 0
WUS        75.6 313.9 107.5   0.1 3   0.0 999.9 0   1.0 3   0.0 999.9 0  20.0 3  13.2  73.2 0

  1990 10 13   0 20 23.2    15.770   148.180   15.0  5.7  5.5  seed seed.dat                  101390A
AGD       101.3 285.6  71.2   0.1 3   0.0 999.9 0
CAN        51.0 179.1 359.0   0.1 3   0.0 999.9 0   1.0 3   0.0 999.9 0
CAY       151.0  45.9 315.9   0.1 3   0.0 999.9 0
CRZF      105.6 225.6  83.7   0.1 3   0.0 999.9 0   1.0 3   0.0 999.9 0
DRV        82.5 183.3   8.0   0.1 3   0.0 999.9 0   1.0 3   0.0 999.9 0
HYB        66.4 282.5  80.0   0.1 3   0.0 999.9 0   1.0 3   0.0 999.9 0  20.0 3   0.0  41.9 0
INU        21.9 334.9 150.0   0.1 3   0.0 999.9 0   1.0 3   0.0 999.9 0  20.0 3   0.0  35.9 0
KIP        51.1  75.0 273.4   0.1 3   0.0 999.9 0   1.0 3   0.0 999.9 0
MBO       146.5 333.3  26.5   0.1 3   0.0 999.9 0   1.0 3   0.0 999.9 0
NOUC       41.7 154.2 333.2   0.1 3   0.0 999.9 0   1.0 3   0.0 999.9 0   5.0 3   0.0  35.6 0
PAF        94.3 220.0  71.0   0.1 3   0.0 999.9 0   1.0 3   0.0 999.9 0
PPT        69.8 115.8 294.6   0.1 3   0.0 999.9 0
SCZ        81.1  54.5 283.1   0.1 3   0.0 999.9 0
SEY        47.2   2.6 185.5   0.1 3   0.0 999.9 0   1.0 3   0.0 366.6 0  20.0 3   0.0  49.5 0
SSB       110.7 333.5  37.5   0.1 3   0.0 999.9 0   1.0 3   0.0 999.9 0
UNM       105.1  64.4 293.1   0.1 3   0.0 999.9 0   1.0 3   0.0 999.9 0
WFM       111.3  30.3 318.9   0.1 3   0.0 999.9 0
WUS        64.0 308.5  91.3   0.1 3   0.0 999.9 0   1.0 3   0.0 999.9 0  20.0 3   0.0  41.7 0

  1990 10 13  22 53 33.5   -23.290   178.880  586.0  5.0  0.0  seed seed.dat                  101390B
AGD       136.6 261.7 111.5   0.1 3   0.0 999.9 0
CAN        28.6 238.4  73.4   0.1 3   0.0 999.9 0   1.0 3   0.0 999.9 0
CAY       127.4 102.4 244.5   0.1 3   0.0 999.9 0
CRZF       95.6 213.6 132.6   0.1 3   0.0 999.9 0   1.0 3   0.0 999.9 0
DRV        49.8 199.1  49.1   0.1 3   0.0 999.9 0   1.0 3   0.0  59.4 0
HYB       106.0 282.2 109.7   0.1 3   0.0 999.9 0   1.0 3   0.0 999.9 0
INU        70.6 324.6 139.3   0.1 3   0.0 999.9 0   1.0 3   0.0 999.9 0
KIP        49.9  28.6 208.2   0.1 3   0.0 999.9 0   1.0 3   0.0 999.9 0
MBO       162.6 118.6 237.6   0.1 3   0.0 583.3 0   1.0 3   0.0  68.4 0
NOUC       11.7 273.4  98.2   0.1 3   0.0 999.9 0   1.0 3   0.0 999.9 0
PAF        83.9 218.5 119.0   0.1 3   0.0 999.9 0   1.0 3   0.0 999.9 0
PPT        30.1  85.0 253.8   0.1 3   0.0 999.9 0
SCZ        82.1  44.7 233.4   0.1 3   0.0 999.9 0
SEY        88.6 348.2 155.7   0.1 3   0.0 999.9 0   1.0 3   0.0 999.9 0  20.0 3   0.0  27.7 0
SSB       157.6 349.3  13.5   0.1 3   0.0 999.9 0   1.0 3   0.0 999.9 0
UNM        90.5  69.4 245.7   0.1 3   0.0 999.9 0   1.0 3   0.0 999.9 0
WFM       119.6  53.3 264.9   0.1 3   0.0 999.9 0
WUS       112.1 306.5 101.9   0.1 3   0.0 999.9 0   1.0 3   0.0 999.9 0

  1990 10 14   1 58 44.2   -17.300  -179.350  551.9  5.1  0.0  seed seed.dat                  101490A
AGD       138.8 267.5 102.9   0.1 3   0.0 999.9 0
CAN        33.4 231.2  65.7   0.1 3   0.0 999.9 0   1.0 3   0.0 999.9 0
CAY       126.8  97.1 252.2   0.1 3   0.0 999.9 0
CRZF      101.5 213.3 130.7   0.1 3   0.0 999.9 0   1.0 3   0.0 999.9 0
DRV        55.9 198.2  48.7   0.1 3   0.0 999.9 0   1.0 3   0.0 999.9 0
HYB       106.2 283.4 103.3   0.1 3   0.0 999.9 0   1.0 3   0.0 999.9 0
INU        66.8 322.1 134.1   0.1 3   0.0 999.9 0   1.0 3   0.0 999.9 0
KIP        43.9  29.3 210.2   0.1 3   0.0 999.9 0   1.0 3   0.0 999.9 0
MBO       162.8  97.9 258.6   0.1 3   0.0 398.1 0   1.0 3   0.0 418.2 0
NOUC       14.3 248.2  73.1   0.1 3   0.0 999.9 0   1.0 3   0.0 999.9 0
PAF        89.6 217.7 116.6   0.1 3   0.0 999.9 0   1.0 3   0.0 999.9 0
PPT        28.4  95.1 266.0   0.1 3   0.0 999.9 0
SCZ        76.6  44.6 236.5   0.1 3   0.0 999.9 0
SEY        83.1 347.4 152.8   0.1 3   0.0 999.9 0   1.0 3   0.0 999.9 0
SSB       151.9 354.1   7.8   0.1 3   0.0 999.9 0   1.0 3   0.0 999.9 0
UNM        86.8  68.8 250.6   0.1 3   0.0 999.9 0   1.0 3   0.0 999.9 0
WFM       114.6  50.7 269.0   0.1 3   0.0 999.9 0
WUS       109.7 308.1  95.8   0.1 3   0.0 999.9 0   1.0 3   0.0 999.9 0

  1990 10 15   1 35 44.7    -2.200    92.290   23.0  5.9  6.5  seed seed.dat                  101590A
AGD        51.0 286.6 102.3   0.1 3   0.0 999.9 0   5.0 3   0.0  96.5 0
CAN        62.0 129.2 288.7   0.1 3   0.0 999.9 0   1.0 3   0.0 999.9 0  20.0 3   0.0  41.9 0
CAY       144.6 275.4  86.8   0.1 3   0.0 999.9 0   5.0 3   0.0 111.4 0
CRZF       56.4 212.6  51.2   0.1 3   0.0 999.9 0   1.0 3   0.0 999.9 0   5.0 3   0.0  96.3 0
DRV        72.4 162.0 309.0   0.1 3   0.0 999.9 0   1.0 3   0.0 999.9 0   5.0 3   0.0  81.3 0
HYB        23.8 325.7 143.9   0.1 3   0.0 999.9 0   1.0 3   0.0 999.9 0  20.0 3   0.0  36.5 0
INU        56.1  43.9 238.1   0.1 3   0.0 999.9 0   1.0 3   0.0 999.9 0  20.0 3   0.0  40.5 0
KIP       109.1  68.2 275.5   0.1 3   0.0 999.9 0   1.0 3   0.0 999.9 0  20.0 3   3.5  63.5 0
MBO       109.2 284.4  87.2   0.1 3   0.0 999.9 0   1.0 3   0.0 999.9 0   5.0 3   0.0 184.3 0
NOUC       74.4 112.2 273.9   0.1 3   0.0 999.9 0   1.0 3   0.0 999.9 0   5.0 3   0.3 152.3 0
PAF        50.7 198.5  29.1   0.1 3   0.0 999.9 0   1.0 3   0.0 999.9 0   5.0 3   0.0 183.3 0
PPT       116.0 110.7 258.4   0.1 3   0.0 999.9 0
SCZ       133.7  38.2 310.2   0.1 3   0.0 999.9 0   5.0 3   0.0 114.5 0
SEY        78.9  23.8 242.1   0.1 3   0.0 999.9 0   1.0 3   0.0 859.8 0  20.0 3   0.0  47.5 0
SSB        90.0 315.1  92.9   0.1 3   0.0 999.9 0   1.0 3   0.0 999.9 0  20.0 3   0.0  59.0 0
UNM       159.6  32.7 325.6   0.1 3   0.0 999.9 0   1.0 3   0.0 999.9 0  20.0 3   0.0 112.5 0
WFM       137.1 342.3  24.1   0.1 3   0.0 999.9 0   5.0 3  12.4 132.4 0
WUS        44.9 346.0 161.3   0.1 3   0.0 999.9 0   1.0 3   0.0 999.9 0  20.0 3   0.0  40.4 0

  1990 10 15   6 30 20.1    15.420   -46.210   15.0  5.2  4.9  seed seed.dat                  101590B
AGD        86.1  79.1 284.9   0.1 3   0.0 999.9 0
CAN       155.9 212.0 142.2   0.1 3   0.0 999.9 0   1.0 3   0.0 974.1 0
CAY        12.0 210.6  29.5   0.1 3   0.0 999.9 0
CRZF      106.6 134.3 274.8   0.1 3   0.0 999.9 0   1.0 3   0.0 999.9 0
DRV       128.6 183.2 172.4   0.1 3   0.0 999.9 0   1.0 3   0.0 999.9 0
HYB       116.5  61.1 297.9   0.1 3   0.0 999.9 0   1.0 3   0.0 999.9 0
INU       129.3 356.6   4.0   0.1 3   0.0 999.9 0   1.0 3   0.0 999.9 0
KIP       103.7 297.2  67.1   0.1 3   0.0 999.9 0   1.0 3   0.0 999.9 0
MBO        28.3  88.2 275.9   0.1 3   0.0 999.9 0   1.0 3   0.0 999.9 0   5.0 3   0.0  21.7 0
NOUC      148.6 253.2  97.0   0.1 3   0.0 999.9 0   1.0 3   0.0 999.9 0
PAF       118.7 138.0 259.7   0.1 3   0.0 999.9 0   1.0 3   0.0 999.9 0
PPT       107.0 256.1  79.0   0.1 3   0.0 999.9 0
SCZ        69.2 303.7  85.8   0.1 3   0.0 999.9 0
SEY       100.4 351.5  18.2   0.1 3   0.0 999.9 0   1.0 3   0.0 565.2 0
SSB        51.8  44.0 251.9   0.1 3   0.0 999.9 0   1.0 3   0.0 999.9 0  20.0 3   0.0  58.4 0
UNM        50.5 282.5  85.6   0.1 3   0.0 999.9 0   1.0 3   0.0 999.9 0
WFM        34.7 326.4 133.6   0.1 3   0.0 999.9 0
WUS       104.3  39.3 306.0   0.1 3   0.0 999.9 0   1.0 3   0.0 905.5 0

  1990 10 15  19  6 52.7    33.560    56.740   15.0  4.9  4.1  seed seed.dat                  101590C
AGD        25.4 213.4  28.0   0.1 3   0.0 293.2 0
CAN       110.2 119.3 297.1   0.1 3   0.0 293.0 0   1.0 3   0.0 217.5 0
CAY       102.9 285.1  54.1   0.1 3   0.0 293.1 0
CRZF       79.9 183.4   4.2   0.1 3   0.0 293.1 0   1.0 3   0.0 293.1 0
DRV       117.9 153.3 290.2   0.1 3   0.0 293.1 0   1.0 3   0.0 293.1 0
HYB        25.3 124.0 313.5   0.1 3   0.0 293.1 0   1.0 3   0.0 293.1 0  20.0 3   0.0 108.7 0
INU        64.3  63.2 294.2   0.1 3   0.0 293.1 0   1.0 3   0.0 293.1 0
KIP       115.9  36.1 328.1   0.1 3   0.0 293.1 0   1.0 3   0.0 293.1 0
MBO        68.7 273.6  59.3   0.1 3   0.0 293.1 0   1.0 3   0.0 293.1 0
NOUC      117.8  98.9 297.1   0.1 3   0.0 293.1 0   1.0 3   0.0 293.1 0
PAF        83.6 171.2 348.7   0.1 3   0.0 293.1 0   1.0 3   0.0 293.1 0
PPT       151.5  61.9 308.7   0.1 3   0.0 293.1 0
SCZ       110.0 358.4   1.6   0.1 3   0.0 293.2 0
SEY        63.0  30.6 291.4   0.1 3   0.0 293.1 0   1.0 3   0.0 293.1 0
SSB        41.3 302.4  87.7   0.1 3   0.0 293.1 0   1.0 3   0.0 293.1 0
UNM       122.5 332.9  23.8   0.1 3   0.0 293.1 0   1.0 3   0.0 293.1 0
WFM        90.4 324.7  40.9   0.1 3   0.0 293.2 0
WUS        19.4  60.3 254.1   0.1 3   0.0 293.0 0   1.0 3   0.0 149.0 0  20.0 3   0.0  39.2 0

  1990 10 15  19 50 19.1   -10.820   114.620   33.0  5.4  4.4  seed seed.dat                  101590D
AGD        74.7 285.1 104.6   0.1 3   0.0 249.7 0
CAN        39.6 133.6 299.5   0.1 3   0.0 249.5 0   1.0 3   0.0 174.1 0
CAY       165.8 246.2 114.8   0.1 3   0.0 249.7 0
CRZF       63.5 223.4  77.5   0.1 3   0.0 249.7 0   1.0 3   0.0 249.7 0
DRV        58.4 168.4 330.3   0.1 3   0.0 249.7 0   1.0 3   0.0 249.7 0
HYB        45.4 307.8 125.6   0.1 3   0.0 249.6 0   1.0 3   0.0 249.6 0  20.0 3   0.0  65.3 0
INU        50.7  23.8 209.0   0.1 3   0.0 249.7 0   1.0 3   0.0 249.7 0
KIP        91.5  68.7 259.2   0.1 3   0.0 249.7 0   1.0 3   0.0 249.7 0
MBO       132.7 279.4  91.3   0.1 3   0.0 249.7 0   1.0 3   0.0 249.7 0
NOUC       50.6 109.7 274.0   0.1 3   0.0 249.7 0   1.0 3   0.0 249.7 0
PAF        53.1 214.9  59.3   0.1 3   0.0 249.7 0   1.0 3   0.0 249.7 0   5.0 3   4.7  32.7 0
PPT        92.2 108.3 257.9   0.1 3   0.0 249.7 0
SCZ       123.5  53.3 282.5   0.1 3   0.0 249.7 0
SEY        79.2  16.6 217.9   0.1 3   0.0 249.7 0   1.0 3   0.0 249.7 0
SSB       111.7 314.4  83.1   0.1 3   0.0 249.7 0   1.0 3   0.0 249.7 0
UNM       146.3  71.6 280.0   0.1 3   0.0 249.7 0   1.0 3   0.0 249.7 0
WFM       147.8   8.5 348.8   0.1 3   0.0 249.7 0
WUS        61.3 330.1 139.4   0.1 3   0.0 249.5 0   1.0 3   0.0 105.5 0  20.0 3   5.8  65.8 0
