  1990  2  2  14 49  9.3   -18.460   176.700   15.0  5.6  5.8  seed seed.dat                  020290A
CAN        29.7 230.0  62.9   0.1 3   0.0 999.9 0   1.0 3   0.0 999.9 0  20.0 3   0.0  46.2 0
CAY       130.3  99.6 250.1   0.1 3   0.0 999.9 0
CRZF       98.4 215.0 128.2   1.0 3   0.0  62.8 0
DRV        53.7 197.2  44.8   0.1 3   0.0 999.9 0   1.0 3   0.0 542.8 0   5.0 3   0.0 178.8 0
HYB       102.9 284.1 105.4   0.1 3   0.0 999.9 1   1.0 3   0.0 999.9 0  20.0 3  22.6  82.6 0
INU        65.5 324.9 138.1   0.1 3   0.0 999.9 1   1.0 3   0.0 999.9 0  20.0 3   2.4  62.4 0
KIP        46.8  33.2 213.9   0.1 3   0.0 999.9 0   1.0 3   0.0 999.9 0  20.0 3   0.0  50.2 0
NOU        10.4 247.9  71.5   5.0 3   0.0  26.8 0
PAF        86.4 218.9 114.4   0.1 3   0.0 999.9 0   1.0 3   0.0 999.9 0   5.0 3  16.9  56.9 0
RER       110.0 238.3 120.1   0.1 3   0.0 999.9 0
SCZ        80.1  46.2 238.4   0.1 3   0.0 999.9 0   5.0 3   7.5 127.5 0
SSB       152.4 347.9  16.1   0.1 3   0.0 999.9 1   1.0 3   0.0 999.9 0
TAM       170.7 297.8  62.6   0.1 3   0.0 999.9 0
WFM       118.2  51.2 270.7   0.1 3   0.0 999.9 1
WUS       107.5 308.2  99.2   0.1 3   0.0 999.9 1   1.0 3   0.0 999.9 0  20.0 3  30.9  90.9 0

  1990  2  2  18 34 46.7   -17.640  -178.910  589.9  5.5  0.0  seed seed.dat                  020290B
AGD       139.2 267.0 103.4   0.1 3   0.0 252.7 0
CAN        33.5 231.9  66.7   0.1 3   0.0 999.9 0   1.0 3   0.0 999.9 0  20.0 3   6.5  66.5 0
CAY       126.3  97.1 251.9   0.1 3   0.0 999.9 0
CRZF      101.4 213.1 131.3   1.0 3   0.0 999.9 0
DRV        55.8 198.4  49.3   0.1 3   0.0 999.9 0   1.0 3   0.0 317.2 0   5.0 3   0.0 125.2 0
HYB       106.7 283.2 103.5   0.1 3   0.0 999.9 1   1.0 3   0.0 999.9 0
INU        67.4 321.9 133.9   0.1 3   0.0 999.9 1   1.0 3   0.0 999.9 0  20.0 3  10.8  70.8 0
KIP        44.0  28.7 209.4   0.1 3   0.0 999.9 0   1.0 3   0.0 999.9 0  20.0 3  18.6  78.6 0
NOU        14.6 249.9  74.9   5.0 3   0.0  41.2 0
PAF        89.6 217.6 117.2   0.1 3   0.0 999.9 0   1.0 3   0.0 999.9 0   5.0 3  35.3  71.3 0
RER       113.9 236.3 121.8   0.1 3   0.0 999.9 0
SCZ        76.6  44.3 235.9   0.1 3   0.0 999.9 0
SSB       152.3 354.7   7.0   0.1 3   0.0 999.9 1   1.0 3   0.0 999.9 0
TAM       173.4 320.4  38.4   0.1 3   0.0 999.9 0
WFM       114.5  50.8 268.4   0.1 3   0.0 999.9 1
WUS       110.3 308.0  95.8   0.1 3   0.0 999.9 1   1.0 3   0.0 999.9 0

  1990  2  2  18 53 41.5    -5.180   151.060   42.9  5.6  5.6  seed seed.dat                  020290C
AGD       108.9 280.3  91.5   0.1 3   0.0 233.8 0
CAN        30.1 183.4   4.1   0.1 3   0.0 999.9 0   1.0 3   0.0 999.9 0  20.0 3   0.0  47.6 0
CAY       156.7  89.7 268.6   0.1 3   0.0 999.9 0
CRZF       92.6 223.1 100.4   1.0 3   0.0 999.9 0
DRV        61.9 185.0  12.5   0.1 3   0.0 999.9 0   1.0 3   0.0 298.3 0   5.0 3   0.0 106.3 0
HYB        75.0 289.5 100.3   0.1 3   0.0 999.9 1   1.0 3   0.0 999.9 0
INU        42.5 342.9 159.0   0.1 3   0.0 999.9 1   1.0 3   0.0 999.9 0  20.0 3   0.0  51.8 0
KIP        56.5  60.2 248.1   0.1 3   0.0 999.9 0   1.0 3   0.0 999.9 0  20.0 3   0.0  59.7 0
NOU        22.4 140.2 316.5   5.0 3   0.0  22.3 0
PAF        80.1 220.9  86.6   0.1 3   0.0 999.9 0   1.0 3   0.0 999.9 0   5.0 3  16.3  52.3 0
RER        93.1 248.5  96.9   0.1 3   0.0 999.9 0
SCZ        91.1  53.6 264.6   0.1 3   0.0 999.9 0
SSB       130.5 329.1  46.0   0.1 3   0.0 999.9 1   1.0 3   0.0 999.9 0  20.0 3  39.1  99.1 0
TAM       142.4 301.0  67.1   0.1 3   0.0 999.9 0
WFM       127.0  38.7 302.8   0.1 3   0.0 999.9 1
WUS        79.9 313.2 105.8   0.1 3   0.0 999.9 1   1.0 3   0.0 999.9 0

  1990  2  3   4 43 38.1    -2.360   126.030   34.6  5.1  4.3  seed seed.dat                  020390A
AGD        83.8 281.8  93.6   0.1 3   0.0 642.2 0
CAN        39.2 149.6 321.8   0.1 3   0.0 999.9 0   1.0 3   0.0 999.9 0
CAY       176.9 327.0  32.1   0.1 3   0.0 999.9 0
CRZF       77.4 223.0  80.2   1.0 3   0.0 999.9 0
DRV        65.0 173.9 344.5   0.1 3   0.0 968.2 0   1.0 3   0.0 999.9 0   5.0 3   0.0  48.4 0
HYB        50.8 294.7 108.0   0.1 3   0.0 999.9 1   1.0 3   0.0 999.9 0
INU        39.0  14.4 197.7   0.1 3   0.0 999.9 1   1.0 3   0.0 999.9 0
KIP        77.8  67.6 262.7   0.1 3   0.0 999.9 0   1.0 3   0.0 999.9 0
PAF        66.6 216.1  64.4   0.1 3   0.0 999.9 0   1.0 3   0.0 999.9 0
RER        70.8 248.5  85.1   0.1 3   0.0 999.9 0
SCZ       109.4  52.0 282.2   0.1 3   0.0 999.9 0
SSB       113.4 319.0  67.9   0.1 3   0.0 999.9 1   1.0 3   0.0 999.9 0
TAM       118.9 294.7  79.4   0.1 3   0.0 999.9 0
WFM       136.9  19.0 334.1   0.1 3   0.0 999.9 1
WUS        60.8 320.9 123.3   0.1 3   0.0 999.9 1   1.0 3   0.0 999.9 0

  1990  2  3   9 54 53.2    50.990  -130.690   15.0  5.1  5.4  seed seed.dat                  020390B
AGD       117.4   7.1 355.4   0.1 3   0.0 331.0 0
CAN       111.2 240.0  42.1   0.1 3   0.0 999.9 0   1.0 3   0.0 999.9 0
CAY        78.9  95.8 320.9   0.1 3   0.0 999.9 0
CRZF      175.1 340.2  21.0   1.0 3   0.0 999.9 0
DRV       135.2 214.6  63.8   0.1 3   0.0 656.9 0   1.0 3   0.0 697.1 0   5.0 3  41.1 133.1 0
HYB       107.1 330.9  18.8   0.1 3   0.0 999.9 1   1.0 3   0.0 999.9 0  20.0 3  38.9  98.9 0
INU        64.7 295.6  44.2   0.1 3   0.0 999.9 1   1.0 3   0.0 999.9 0
KIP        36.4 226.1  29.2   0.1 3   0.0 999.9 0   1.0 3   0.0 999.9 0  20.0 3   0.0  50.5 0
NOU        91.5 235.9  34.4   5.0 3   1.1  33.1 0
PAF       166.5 270.4  76.6   0.1 3   0.0 999.9 0   1.0 3   0.0 999.9 0
RER       149.8 348.1   8.2   0.1 3   0.0 999.9 0
SCZ        15.8 151.6 338.1   0.1 3   0.0 999.9 0
SSB        76.4  30.7 332.8   0.1 3   0.0 999.9 1   1.0 3   0.0 999.9 0  20.0 3  13.9  73.9 0
TAM        96.9  39.9 333.9   0.1 3   0.0 999.9 0
WFM        40.3  78.1 303.2   0.1 3   0.0 999.9 1
WUS        84.4 337.9  18.4   0.1 3   0.0 999.9 1   1.0 3   0.0 999.9 0

  1990  2  3  22 27 30.2    -2.060   125.170   31.7  5.2  4.3  seed seed.dat                  020390C
CAN        39.9 148.9 320.9   0.1 3   0.0 999.9 0   1.0 3   0.0 999.9 0
CAY       176.2 318.6  40.6   0.1 3   0.0 999.9 0
CRZF       77.1 222.8  79.4   1.0 3   0.0 999.9 0
HYB        49.9 294.8 108.1   0.1 3   0.0 999.9 1   1.0 3   0.0 999.9 0
INU        38.9  15.5 199.1   0.1 3   0.0 999.9 1   1.0 3   0.0 999.9 0
KIP        78.5  67.8 263.3   0.1 3   0.0 999.9 0   1.0 3   0.0 999.9 0
NOU        44.7 119.8 290.7   5.0 3   0.0 999.9 0
PAF        66.3 215.8  63.5   0.1 3   0.0 999.9 0   1.0 3   0.0 999.9 0
RER        70.1 248.3  84.4   0.1 3   0.0 999.9 0
SCZ       109.9  51.8 283.0   0.1 3   0.0 999.9 0
SSB       112.6 318.8  68.4   0.1 3   0.0 999.9 1   1.0 3   0.0 999.9 0
TAM       118.0 294.7  79.5   0.1 3   0.0 999.9 0
WFM       136.9  18.1 335.4   0.1 3   0.0 999.9 1
WUS        60.0 321.2 123.8   0.1 3   0.0 999.9 1   1.0 3   0.0 999.9 0

  1990  2  4   7 58 14.0   -10.730   110.750   45.0  5.7  5.5  seed seed.dat                  020490A
AGD        71.0 286.1 105.6   0.1 3   0.0 690.0 0
CAN        42.5 131.5 295.6   0.1 3   0.0 999.9 0   1.0 3   0.0 999.9 0
CAY       162.3 252.0 109.7   0.1 3   0.0 999.9 0
CRZF       61.0 222.6  74.3   1.0 3   0.0 733.8 0
DRV        59.3 166.9 326.0   0.1 3   0.0 999.9 0   1.0 3   0.0 778.8 0   5.0 3   0.0  78.8 0
HYB        42.4 311.0 129.0   0.1 3   0.0 999.9 1   1.0 3   0.0 999.9 0  20.0 3   0.0  39.5 0
INU        52.2  27.3 213.5   0.1 3   0.0 999.9 1   1.0 3   0.0 999.9 0  20.0 3   0.0  59.3 0
KIP        95.0  69.3 260.6   0.1 3   0.0 999.9 0   1.0 3   0.0 999.9 0
NOU        54.2 109.5 272.5   5.0 3   0.0 999.9 0
PAF        51.1 213.1  55.3   0.1 3   0.0 999.9 0   1.0 3   0.0 999.9 0   5.0 3   0.0  31.8 0
RER        53.7 251.6  88.0   0.1 3   0.0 999.9 0
SCZ       126.5  52.4 285.4   0.1 3   0.0 999.9 0
SSB       109.0 314.1  85.9   0.1 3   0.0 999.9 1   1.0 3   0.0 999.9 0  20.0 3  28.5  88.5 0
TAM       108.0 290.5  94.1   0.1 3   0.0 999.9 0
WFM       148.1   3.2 355.9   0.1 3   0.0 999.9 1
WUS        59.4 332.7 143.2   0.1 3   0.0 999.9 1   1.0 3   0.0 999.9 0  20.0 3   0.0  41.9 0

  1990  2  5   5 16 45.1    36.560    70.840  113.5  6.1  0.0  seed seed.dat                  020590A
CAN       102.0 124.9 306.2   0.1 3   0.0 999.9 0   1.0 3   0.0 999.9 0
CAY       112.8 295.4  47.0   0.1 3   0.0 999.9 0
CRZF       84.5 193.1  15.3   1.0 3   0.0 999.9 0
DRV       115.6 155.5 303.4   0.1 3   0.0 999.9 0   1.0 3   0.0 999.9 0   5.0 3   0.0  65.2 0
HYB        20.3 158.3 341.8   0.1 3   0.0 999.9 1   1.0 3   0.0 999.9 0  20.0 3   0.0  35.0 0
INU        52.5  70.2 292.1   0.1 3   0.0 999.9 1   1.0 3   0.0 999.9 0  20.0 3   0.0  40.8 0
KIP       106.0  46.7 321.0   0.1 3   0.0 999.9 0   1.0 3   0.0 999.9 0
NOU       107.1 104.8 302.9   5.0 3   0.0 191.2 0
PAF        85.7 180.4   0.5   0.1 3   0.0 999.9 0   1.0 3   0.0 999.9 0   5.0 3   0.0  61.3 0
RER        59.3 196.5  14.2   0.1 3   0.0 999.9 0   5.0 3   0.0 110.0 0
SCZ       106.1  10.2 349.8   0.1 3   0.0 999.9 0   5.0 3   9.9 129.9 0
SSB        49.5 301.9  75.5   0.1 3   0.0 999.9 1   1.0 3   0.0 999.9 0  20.0 3   0.0  50.0 0
TAM        57.4 275.7  60.2   0.1 3   0.0 999.9 0
WFM        93.9 333.2  29.5   0.1 3   0.0 999.9 1
WUS         8.0  52.1 237.4   0.1 3   0.0 999.9 1   1.0 3   0.0 999.9 0  20.0 3   0.0  33.3 0

  1990  2  8   7 15 32.3     9.790   124.850   16.2  6.2  6.6  seed seed.dat                  020890A
BNG       105.2 277.4  78.6   0.1 3   0.0 268.3 0   1.0 3   0.0 408.4 0   5.0 3   0.0 176.5 0
CAN        50.4 154.2 328.4   0.1 3   0.0 999.9 0   1.0 3   0.0 999.9 0  20.0 3   0.0  39.8 0
CAY       165.0 349.1  10.9   0.1 3   0.0 999.9 0   5.0 3   0.0 111.3 0
CRZF       85.6 221.6  71.1   1.0 3   0.0 296.4 0
DRV        77.2 173.9 344.6   0.1 3   0.0 999.9 0   1.0 3   0.0 999.9 0   5.0 3   0.0 346.5 0
HYB        45.5 284.8  93.3   0.1 3   0.0 999.9 1   1.0 3   0.0 999.9 0  20.0 3   0.0 100.2 0
INU        27.8  21.7 206.5   0.1 3   0.0 999.9 1   1.0 3   0.0 999.9 0  20.0 3   0.0  38.0 0
NOU        51.6 128.3 303.5   5.0 3   0.0 999.9 0
PAF        75.9 213.4  56.1   0.1 3   0.0 999.9 0   1.0 3   0.0 999.9 0   5.0 3   0.0 202.5 0
PPT        88.8 107.9 280.5   0.1 3   0.0 999.9 0
RER        74.5 244.9  73.0   0.1 3   0.0 999.9 0   5.0 3   0.0 111.8 0
SCZ       102.6  49.0 292.6   0.1 3   0.0 999.9 0   5.0 3   0.0 119.4 0
SSB       103.3 321.3  60.8   0.1 3   0.0 999.9 1   1.0 3   0.0 999.9 0  20.0 3   0.0  53.2 0
TAM       112.3 299.6  68.1   0.1 3   0.0 999.9 0
WFM       125.6  14.8 340.1   0.1 3   0.0 999.9 0   5.0 3   0.0 111.9 0
WUS        50.9 316.0 114.7   0.1 3   0.0 999.9 1   1.0 3   0.0 999.9 0  20.0 3   0.0 100.5 0

  1990  2  8   7 47  0.1     9.710   124.860   15.0  6.0  0.0  seed seed.dat                  020890B
BNG       105.3 277.4  78.7   0.1 3   0.0 236.8 0   1.0 3   0.0 377.0 0   5.0 3   0.0 145.0 0
CAN        50.4 154.2 328.3   0.1 3   0.0 999.9 0   1.0 3   0.0 999.9 0  20.0 3   0.0   8.3 0
CAY       165.1 349.0  10.9   0.1 3   0.0 999.9 0   5.0 3   0.0  79.8 0
CRZF       85.6 221.6  71.2   1.0 3   0.0 265.0 0
DRV        77.1 173.9 344.6   0.1 3   0.0 999.9 0   1.0 3   0.0 999.9 0   5.0 3   0.0 315.0 0
HYB        45.6 284.9  93.4   0.1 3   0.0 999.9 1   1.0 3   0.0 999.9 0  20.0 3   0.0  68.8 0
INU        27.9  21.7 206.4   0.1 3   0.0 999.9 1   1.0 3   0.0 999.9 0  20.0 3   0.0   6.5 0
NOU        51.5 128.3 303.4   5.0 3   0.0 999.9 0
PAF        75.8 213.4  56.2   0.1 3   0.0 999.9 0   1.0 3   0.0 999.9 0   5.0 3   0.0 171.0 0
PPT        88.7 107.9 280.4   0.1 3   0.0 972.9 0
RER        74.5 244.9  73.0   0.1 3   0.0 999.9 0   5.0 3   0.0  80.4 0
SCZ       102.6  49.0 292.5   0.1 3   0.0 999.9 0   5.0 3   0.0  87.9 0
SSB       103.4 321.2  60.8   0.1 3   0.0 999.9 1   1.0 3   0.0 999.9 0  20.0 3   0.0  85.7 1
TAM       112.4 299.6  68.2   0.1 3   0.0 999.9 0
WFM       125.7  14.8 340.1   0.1 3   0.0 999.9 0   5.0 3   0.0  80.4 0
WUS        51.0 316.0 114.7   0.1 3   0.0 999.9 1   1.0 3   0.0 999.9 0  20.0 3   0.0  69.1 0

  1990  2  9   9 31 47.8    36.260     2.830   15.0  5.0  4.4  seed seed.dat                  020990A
BNG        34.9 151.7 337.5   0.1 3   0.0 999.9 0   1.0 3   0.0 999.9 0   5.0 3   0.0  28.2 0
CAN       152.7  97.4 281.2   0.1 3   0.0 999.9 0   1.0 3   0.0 999.9 0
CAY        59.3 252.1  50.5   0.1 3   0.0 999.9 0
CRZF       93.5 148.4 322.2   1.0 3   0.0 999.9 0
DRV       141.0 154.3 240.3   0.1 3   0.0 999.9 0   1.0 3   0.0 999.9 0
HYB        68.5  83.6 302.8   0.1 3   0.0 999.9 1   1.0 3   0.0 999.9 0
INU        96.8  36.1 324.4   0.1 3   0.0 999.9 1   1.0 3   0.0 999.9 0
NOU       159.9  49.2 317.6   5.0 3   0.0 638.2 0
PAF       104.2 141.4 309.5   0.1 3   0.0 999.9 0   1.0 3   0.0 999.9 0
RER        76.0 129.7 318.3   0.1 3   0.0 999.9 0
SCZ        90.8 318.4  41.8   0.1 3   0.0 999.9 0
SSB         9.1   7.7 188.8   0.1 3   0.0 999.9 1   1.0 3   0.0 999.9 0  20.0 3   0.0  39.0 0
TAM        13.6 169.4 350.7   0.1 3   0.0 999.9 0
WFM        56.0 301.1  69.6   0.1 3   0.0 999.9 0
WUS        57.9  59.8 292.2   0.1 3   0.0 999.9 1   1.0 3   0.0 999.9 0

  1990  2  9  22 30 23.5    26.870   139.920  435.6  4.7  0.0  seed seed.dat                  020990B
BNG       115.4 289.8  57.6   0.1 3   0.0 999.9 0   1.0 3   0.0 999.9 0
CAN        62.6 171.6 350.8   0.1 3   0.0 999.9 0   1.0 3   0.0 999.9 0
CAY       146.1  22.1 340.1   0.1 3   0.0 999.9 0
CRZF      107.8 226.7  69.8   1.0 3   0.0 999.9 0
DRV        93.4 180.0 359.9   0.1 3   0.0 999.9 0   1.0 3   0.0 999.9 0
HYB        57.1 274.2  68.9   0.1 3   0.0 999.9 1   1.0 3   0.0 999.9 0
INU         8.8 344.4 162.9   0.1 3   0.0 999.9 1   1.0 3   0.0 999.9 0
NOU        55.1 149.7 331.0   5.0 3   0.0  19.6 0
PAF        98.0 218.4  57.9   0.1 3   0.0 999.9 0   1.0 3   0.0 999.9 0
RER        94.5 248.8  63.2   0.1 3   0.0 999.9 0
SCZ        80.8  53.6 296.7   0.1 3   0.0 999.9 0
SSB        97.4 330.1  39.1   0.1 3   0.0 999.9 1   1.0 3   0.0 651.4 0
TAM       113.7 314.1  44.1   0.1 3   0.0 999.9 0
WFM       104.9  23.4 331.3   0.1 3   0.0 999.9 0
WUS        51.3 302.6  86.1   0.1 3   0.0 999.9 1   1.0 3   0.0 999.9 0

  1990  2 10   3 27 41.7   -42.410   172.780   15.0  6.0  6.1  seed seed.dat                  021090A
BNG       135.7 218.1 152.5   0.1 3   0.0 999.9 0   1.0 3   0.0 999.9 0   5.0 3  40.3 120.3 0
CAN        19.8 283.0 118.1   0.1 3   0.0 999.9 0   1.0 3   0.0 999.9 0  20.0 3   0.0  35.6 0
CAY       125.3 120.4 220.1   0.1 3   0.0 999.9 0   5.0 3  29.1 149.1 0
CRZF       77.0 217.4 139.4   1.0 3   0.0 999.9 0
DRV        30.1 205.4  52.9   0.1 3   0.0 999.9 0   1.0 3   0.0 999.9 0   5.0 3   0.0 222.3 0
HYB       104.7 280.1 130.1   0.1 3   0.0 999.9 1   1.0 3   0.0 999.9 0  20.0 3  20.1  80.1 0
INU        84.2 331.2 154.1   0.1 3   0.0 999.9 1   1.0 3   0.0 999.9 0  20.0 3  11.8  71.8 0
NOU        21.0 343.0 166.5   5.0 3   0.0 410.3 0
PAF        66.1 224.1 127.9   0.1 3   0.0 999.9 0   1.0 3   0.0 999.9 0   5.0 3   0.0  66.3 0
PPT        40.5  64.0 224.2   0.1 3   0.0 999.9 0
RER        94.1 236.3 138.7   0.1 3   0.0 999.9 0
SCZ        99.0  48.2 223.3   0.1 3   0.0 999.9 0
SSB       171.1 290.3  73.1   0.1 3   0.0 999.9 0   1.0 3   0.0 354.1 0
TAM       157.7 212.0 154.1   0.1 3   0.0 999.9 0
WFM       133.8  67.3 247.7   0.1 3   0.0 999.9 0
WUS       118.5 300.8 122.6   0.1 3   0.0 999.9 1   1.0 3   0.0 999.9 0  20.0 3  34.4  94.4 0

  1990  2 10   3 54 50.8   -42.190   172.740   15.0  5.1  5.7  seed seed.dat                  021090B
BNG       135.9 218.3 152.2   0.1 3   0.0 999.9 0   1.0 3   0.0 999.9 0   5.0 3  13.2  93.2 0
CAN        19.7 282.5 117.5   0.1 3   0.0 999.9 0   1.0 3   0.0 999.9 0  20.0 3   0.0   8.5 0
CAY       125.4 120.3 220.3   0.1 3   0.0 999.9 0   5.0 3   2.0 122.0 0
CRZF       77.2 217.4 139.3   1.0 3   0.0 999.9 0
DRV        30.3 205.2  52.7   0.1 3   0.0 999.9 0   1.0 3   0.0 999.9 0   5.0 3   0.0 195.2 0
HYB       104.6 280.1 129.9   0.1 3   0.0 999.9 1   1.0 3   0.0 999.9 0  20.0 3   0.0  52.9 0
INU        84.0 331.2 154.1   0.1 3   0.0 999.9 1   1.0 3   0.0 999.9 0  20.0 3   0.0  44.7 0
NOU        20.8 342.9 166.4   5.0 3   0.0 383.2 0
PAF        66.2 224.1 127.7   0.1 3   0.0 999.9 0   1.0 3   0.0 999.9 0   5.0 3   0.0  39.2 0
PPT        40.4  64.2 224.5   0.1 3   0.0 999.9 0
RER        94.2 236.3 138.5   0.1 3   0.0 999.9 0
SCZ        98.9  48.2 223.5   0.1 3   0.0 999.9 0
SSB       170.9 291.6  72.0   0.1 3   0.0 999.9 0   1.0 3   0.0 327.0 0
TAM       157.9 212.4 153.8   0.1 3   0.0 999.9 0
WFM       133.7  67.1 248.0   0.1 3   0.0 999.9 0
WUS       118.4 301.0 122.4   0.1 3   0.0 999.9 1   1.0 3   0.0 999.9 0  20.0 3   7.2  67.2 0

  1990  2 10  13 12 22.7    -5.350   150.910   32.9  5.4  0.0  seed seed.dat                  021090C
AGD       108.7 280.3  91.7   0.1 3   0.0 999.9 0
BNG       132.5 271.0  93.1   0.1 3   0.0 999.9 0   1.0 3   0.0 999.9 0
CAN        29.9 183.1   3.8   0.1 3   0.0 999.9 0   1.0 3   0.0 999.9 0
CAY       156.9  90.1 268.1   0.1 3   0.0 999.9 0
CRZF       92.3 223.1 100.4   1.0 3   0.0 999.9 0
DRV        61.7 184.9  12.4   0.1 3   0.0 999.9 0   1.0 3   0.0 999.9 0   5.0 3   5.6  37.6 0
HYB        74.9 289.5 100.6   0.1 3   0.0 999.9 1   1.0 3   0.0 999.9 0
INU        42.6 343.1 159.3   0.1 3   0.0 999.9 1   1.0 3   0.0 999.9 0
NOU        22.4 139.6 315.9   5.0 3   0.0 637.6 0
PAF        79.9 220.9  86.6   0.1 3   0.0 999.9 0   1.0 3   0.0 999.9 0
PPT        59.4 107.2 274.1   0.1 3   0.0 999.9 0
RER        92.9 248.5  97.0   0.1 3   0.0 999.9 0
SCZ        91.3  53.6 264.5   0.1 3   0.0 999.9 0
SSB       130.6 329.0  46.3   0.1 3   0.0 999.9 0   1.0 3   0.0 999.9 0
TAM       142.3 300.8  67.5   0.1 3   0.0 999.9 0
WFM       127.2  38.8 302.8   0.1 3   0.0 999.9 0
WUS        79.9 313.3 106.1   0.1 3   0.0 999.9 1   1.0 3   0.0 999.9 0

  1990  2 10  17 12 10.8    -3.540   -81.070   15.0  5.6  0.0  seed seed.dat                  021090D
AGD       123.9  78.6 273.6   0.1 3   0.0 999.9 0
BNG        99.8  86.2 267.2   0.1 3   0.0 999.9 0   1.0 3   0.0 999.9 0
CAN       119.2 225.9 119.0   0.1 3   0.0 999.9 0   1.0 3   0.0 999.9 0
CAY        29.9  73.8 254.2   0.1 3   0.0 999.9 0
CRZF      115.1 146.0 233.6   1.0 3   0.0 999.9 0
DRV       104.0 195.6 137.6   0.1 3   0.0 999.9 0   1.0 3   0.0 999.9 0   5.0 3   5.8 137.8 0
HYB       155.7  54.0 302.7   0.1 3   0.0 999.9 1   1.0 3   0.0 999.9 0
INU       132.6 316.7  56.5   0.1 3   0.0 999.9 1   1.0 3   0.0 999.9 0
NOU       109.4 245.2 102.5   5.0 3   0.0 397.8 0
PAF       121.6 158.3 214.1   0.1 3   0.0 999.9 0   1.0 3   0.0 999.9 0   5.0 3  41.9  69.8 0
PPT        68.5 252.6  86.9   0.1 3   0.0 999.9 0
RER       131.1 122.1 244.7   0.1 3   0.0 999.9 0
SCZ        54.9 320.4 127.7   0.1 3   0.0 999.9 0
SSB        89.4  44.8 264.6   0.1 3   0.0 999.9 0   1.0 3   0.0 999.9 0
TAM        88.2  67.2 265.6   0.1 3   0.0 999.9 0
WFM        46.9   9.7 193.2   0.1 3   0.0 999.9 0
WUS       138.5  22.6 329.7   0.1 3   0.0 999.9 1   1.0 3   0.0 999.9 0

  1990  2 10  20 45 38.9    52.040   177.450   36.5  5.5  0.0  seed seed.dat                  021090E
AGD       105.5 313.8  27.1   0.1 3   0.0 999.9 0
BNG       120.8 335.4  15.0   0.1 3   0.0 999.9 0   1.0 3   0.0 999.9 0
CAN        90.7 203.0  17.2   0.1 3   0.0 999.9 0   1.0 3   0.0 999.9 0
CAY       109.2  53.5 330.1   0.1 3   0.0 999.9 0
CRZF      144.8 257.6  61.0   1.0 3   0.0 999.9 0
DRV       121.9 196.6  26.3   0.1 3   0.0 999.9 0   1.0 3   0.0 999.9 0   5.0 3  36.4  68.4 0
HYB        81.7 287.8  38.0   0.1 3   0.0 999.9 1   1.0 3   0.0 999.9 0
INU        33.1 255.9  47.1   0.1 3   0.0 999.9 1   1.0 3   0.0 999.9 0
NOU        74.6 190.8   7.1   5.0 3   0.0 184.4 0
PAF       135.7 243.7  57.9   0.1 3   0.0 999.9 0   1.0 3   0.0 999.9 0
PPT        75.2 147.4 339.6   0.1 3   0.0 999.9 0
RER       125.8 282.0  40.6   0.1 3   0.0 999.9 0
SCZ        45.0  85.0 310.2   0.1 3   0.0 999.9 0
SSB        82.7 355.0   4.4   0.1 3   0.0 999.9 0   1.0 3   0.0 999.9 0
TAM       105.0 352.3   5.1   0.1 3   0.0 999.9 0
WFM        68.4  47.7 321.8   0.1 3   0.0 999.9 0
WUS        63.2 303.4  43.1   0.1 3   0.0 999.9 1   1.0 3   0.0 999.9 0

  1990  2 11  17 46  6.3    35.990   140.880   38.9  5.4  5.4  seed seed.dat                  021190A
AGD        89.7 284.1  53.4   0.1 3   0.0 999.9 0
BNG       112.8 294.2  48.0   0.1 3   0.0 999.9 0   1.0 3   0.0 999.9 0
CAN        71.5 173.0 353.0   0.1 3   0.0 999.9 0   1.0 3   0.0 999.9 0
CAY       137.3  19.5 344.1   0.1 3   0.0 999.9 0
CRZF      114.5 229.6  63.2   1.0 3   0.0 345.9 0
DRV       102.5 180.4   0.7   0.1 3   0.0 999.9 0   1.0 3   0.0 999.9 0   5.0 3   3.9  63.9 0
HYB        57.7 268.9  58.1   0.1 3   0.0 999.9 1   1.0 3   0.0 999.9 0  20.0 3   5.6  65.6 0
INU         3.2 259.6  77.4   0.1 3   0.0 999.9 1   1.0 3   0.0 999.9 0  20.0 3   0.0  33.4 0
NOU        62.7 153.3 336.9   5.0 3   0.0 999.9 0
PAF       105.6 220.0  52.8   0.1 3   0.0 999.9 0   1.0 3   0.0 999.9 0
PPT        84.6 116.0 310.2   0.1 3   0.0 999.9 0
RER        98.4 250.3  54.9   0.1 3   0.0 999.9 0
SCZ        74.8  55.6 303.8   0.1 3   0.0 999.9 0
SSB        89.8 330.9  33.9   0.1 3   0.0 999.9 0   1.0 3   0.0 999.9 0
TAM       107.8 317.2  36.7   0.1 3   0.0 999.9 0
WFM        96.2  23.4 334.2   0.1 3   0.0 999.9 0
WUS        47.5 296.0  75.1   0.1 3   0.0 999.9 1   1.0 3   0.0 999.9 0  20.0 3   0.0  60.0 0

  1990  2 11  21 58 42.4   -30.340  -177.980   45.0  5.3  0.0  seed seed.dat                  021190B
AGD       137.8 252.1 122.5   0.1 3   0.0 999.9 0
BNG       149.8 214.1 150.6   0.1 3   0.0 999.9 0   1.0 3   0.0 999.9 0
CAN        28.1 251.0  89.3   0.1 3   0.0 999.9 0   1.0 3   0.0 999.9 0
CAY       123.0 105.4 237.0   0.1 3   0.0 999.9 0
CRZF       91.2 211.8 138.8   1.0 3   0.0  93.3 0
DRV        44.2 202.5  56.1   0.1 3   0.0 999.9 0   1.0 3   0.0 999.9 0   5.0 3   0.0  47.3 0
HYB       110.0 278.7 116.4   0.1 3   0.0 999.9 1   1.0 3   0.0 999.9 0
INU        78.0 323.7 141.2   0.1 3   0.0 999.9 1   1.0 3   0.0 999.9 0
NOU        16.3 296.5 123.5   5.0 3   0.0 999.9 0
PAF        80.1 217.9 125.6   0.1 3   0.0 999.9 0   1.0 3   0.0 999.9 0
PPT        28.8  70.4 238.5   0.1 3   0.0 999.9 0
RER       107.2 231.8 133.2   0.1 3   0.0 999.9 0
SCZ        85.3  42.5 226.5   0.1 3   0.0 999.9 0
SSB       164.9 353.0   8.2   0.1 3   0.0 999.9 0   1.0 3   0.0 999.9 0
TAM       171.8 202.6 157.3   0.1 3   0.0 999.9 0
WFM       121.4  56.2 256.4   0.1 3   0.0 999.9 0
WUS       118.4 303.1 106.4   0.1 3   0.0 999.9 1   1.0 3   0.0 999.9 0

  1990  2 12   3 30 56.4    -5.410   151.960   18.4  5.1  0.0  seed seed.dat                  021290A
AGD       109.8 280.2  91.5   0.1 3   0.0 999.9 0
BNG       133.6 270.9  93.2   0.1 3   0.0 999.9 0   1.0 3   0.0 999.9 0
CAN        30.0 184.9   5.9   0.1 3   0.0 999.9 0   1.0 3   0.0 999.9 0
CAY       155.8  90.1 268.0   0.1 3   0.0 999.9 0
CRZF       93.0 223.0 101.2   1.0 3   0.0 999.9 0
DRV        61.8 185.4  13.6   0.1 3   0.0 999.9 0   1.0 3   0.0 999.9 0   5.0 3   0.0  91.1 0
HYB        75.9 289.3 100.2   0.1 3   0.0 999.9 1   1.0 3   0.0 999.9 0
INU        43.0 342.0 157.8   0.1 3   0.0 999.9 1   1.0 3   0.0 999.9 0
NOU        21.7 141.5 318.0   5.0 3   0.0 775.1 0
PAF        80.5 221.0  87.4   0.1 3   0.0 999.9 0   1.0 3   0.0 999.9 0
PPT        58.3 107.2 274.4   0.1 3   0.0 999.9 0
RER        93.8 248.4  97.4   0.1 3   0.0 999.9 0
SCZ        90.5  53.5 263.9   0.1 3   0.0 999.9 0
SSB       131.1 329.6  45.1   0.1 3   0.0 999.9 0   1.0 3   0.0 999.9 0
TAM       143.3 301.3  66.7   0.1 3   0.0 999.9 0
WFM       126.6  39.3 301.8   0.1 3   0.0 999.9 0
WUS        80.7 313.1 105.4   0.1 3   0.0 999.9 1   1.0 3   0.0 999.9 0

  1990  2 12  12 25 35.9    -5.250   150.880   21.2  5.5  5.2  seed seed.dat                  021290B
AGD       108.7 280.3  91.6   0.1 3   0.0 999.9 0
BNG       132.5 271.1  93.0   0.1 3   0.0 726.2 0   1.0 3   0.0 886.4 0
CAN        30.0 183.1   3.8   0.1 3   0.0 999.9 0   1.0 3   0.0 999.9 0  20.0 3   0.0  49.7 0
CAY       156.9  89.9 268.4   0.1 3   0.0 999.9 0
CRZF       92.4 223.1 100.3   1.0 3   0.0 999.9 0
DRV        61.8 184.9  12.3   0.1 3   0.0 696.2 0   1.0 3   0.0 696.4 0   5.0 3   0.0 276.4 0
HYB        74.9 289.5 100.5   0.1 3   0.0 999.9 1   1.0 3   0.0 999.9 0
INU        42.5 343.1 159.3   0.1 3   0.0 999.9 1   1.0 3   0.0 999.9 0
NOU        22.5 139.7 316.0   5.0 3   0.0 240.4 0
PAF        80.0 220.9  86.5   0.1 3   0.0 564.3 0   1.0 3   0.0 999.9 0   5.0 3  16.4  52.4 0
PPT        59.4 107.2 274.2   0.1 3   0.0 999.9 0
RER        92.9 248.5  96.9   0.1 3   0.0 999.9 0
SCZ        91.3  53.6 264.6   0.1 3   0.0 999.9 0
SSB       130.5 329.0  46.3   0.1 3   0.0 999.9 0   1.0 3   0.0 999.9 0
TAM       142.3 300.9  67.4   0.1 3   0.0 999.9 0
WFM       127.2  38.7 302.9   0.1 3   0.0 999.9 0
WUS        79.9 313.3 106.0   0.1 3   0.0 999.9 1   1.0 3   0.0 999.9 0

  1990  2 12  13 44 29.3    44.150  -128.910   15.0  5.1  5.2  seed seed.dat                  021290C
AGD       123.9   9.7 352.8   0.1 3   0.0 999.9 0
BNG       123.4  39.8 332.4   0.1 3   0.0 647.3 0   1.0 3   0.0 807.5 0
CAN       108.7 238.9  49.0   0.1 3   0.0 999.9 0   1.0 3   0.0 999.9 0
CAY        77.0  95.7 314.1   0.1 3   0.0 999.9 0
CRZF      177.7 195.7 168.2   1.0 3   0.0 999.9 0
DRV       130.1 211.5  70.1   0.1 3   0.0 617.3 0   1.0 3   0.0 617.5 0   5.0 3   0.0 197.5 0
HYB       113.6 331.4  21.2   0.1 3   0.0 999.9 1   1.0 3   0.0 999.9 0
INU        68.9 299.3  50.2   0.1 3   0.0 999.9 1   1.0 3   0.0 999.9 0
NOU        88.7 237.2  40.7   5.0 3   0.0 161.5 0
PAF       165.9 243.0 105.9   0.1 3   0.0 485.4 0   1.0 3   0.0 999.9 0
PPT        64.4 202.0  16.4   0.1 3   0.0 999.9 0
RER       156.7 349.1   8.6   0.1 3   0.0 999.9 0
SCZ         9.5 140.3 325.1   0.1 3   0.0 999.9 0
SSB        81.7  31.1 328.2   0.1 3   0.0 999.9 0   1.0 3   0.0 999.9 0
TAM       101.3  42.1 328.5   0.1 3   0.0 999.9 0
WFM        41.0  71.3 292.5   0.1 3   0.0 999.9 0
WUS        91.2 339.2  19.8   0.1 3   0.0 999.9 1   1.0 3   0.0 999.9 0

  1990  2 15  22  8  3.9    -4.970   150.790   21.7  5.6  4.9  seed seed.dat                  021590A
AGD       108.6 280.4  91.3   0.1 3   0.0 999.9 0
BNG       132.4 271.4  92.6   0.1 3   0.0 223.8 0   1.0 3   0.0 263.9 0
CAN        30.3 182.9   3.5   0.1 3   0.0 999.9 0   1.0 3   0.0 999.9 0  20.0 3   0.0  45.3 0
CAY       157.0  89.2 269.1   0.1 3   0.0 999.9 0
CRZF       92.5 223.1 100.1   1.0 3   0.0 999.9 0
DRV        62.1 184.8  12.2   0.1 3   0.0 999.9 0   1.0 3   0.0 999.9 0   5.0 3   0.0  61.9 0
HYB        74.7 289.4 100.2   0.1 3   0.0 999.9 1   1.0 3   0.0 999.9 0
INU        42.2 343.1 159.3   0.1 3   0.0 999.9 1   1.0 3   0.0 999.9 0
NOU        22.7 140.0 316.3   5.0 3   0.0 129.9 0
PAF        80.1 220.9  86.3   0.1 3   0.0 999.9 0   1.0 3   0.0 999.9 0
PPT        59.6 107.4 274.5   0.1 3   0.0 999.9 0
SCZ        91.2  53.6 264.9   0.1 3   0.0 999.9 0
SSB       130.2 329.0  46.2   0.1 3   0.0 111.8 0   1.0 3   0.0   2.3 0   5.0 3   0.0 114.4 0  20.0 3   0.0  25.2 0
TAM       142.0 301.1  67.1   0.1 3   0.0 999.9 0
WFM       127.0  38.5 303.2   0.1 3   0.0 999.9 0
WUS        79.6 313.3 105.9   0.1 3   0.0 999.9 1   1.0 3   0.0 999.9 0

  1990  2 16   6 22  9.4   -21.610  -174.250   15.0  5.1  4.7  seed seed.dat                  021690A
AGD       143.2 259.9 110.4   0.1 3   0.0 999.9 0
CAN        34.9 238.8  76.9   0.1 3   0.0 999.9 0   1.0 3   0.0 999.9 0  20.0 3   0.0  51.2 0
CAY       121.4  97.9 247.8   0.1 3   0.0 999.9 0
CRZF      100.3 210.4 137.2   1.0 3   0.0 999.9 0
DRV        53.5 200.8  56.0   0.1 3   0.0 999.9 0   1.0 3   0.0 999.9 0   5.0 3   3.8  39.8 0
HYB       111.8 280.6 106.6   0.1 3   0.0 999.9 1   1.0 3   0.0 999.9 0  20.0 3   0.0  23.6 0
INU        73.2 320.0 132.9   0.1 3   0.0 999.9 1   1.0 3   0.0 999.9 0
NOU        18.1 264.8  92.1   5.0 3   0.0  43.8 0
PAF        89.1 216.1 123.0   0.1 3   0.0 999.9 0   1.0 3   0.0 999.9 0
PPT        23.6  84.5 256.2   0.1 3   0.0 999.9 0
RER       115.2 232.1 128.1   0.1 3   0.0 999.9 0
SCZ        76.5  41.4 229.8   0.1 3   0.0 999.9 0
TAM       178.8  12.7 351.9   0.1 3   0.0 999.9 0
WFM       113.6  51.9 262.0   0.1 3   0.0 999.9 0
WUS       116.2 306.2  96.3   0.1 3   0.0 999.9 1   1.0 3   0.0 999.9 0  20.0 3   0.0  15.9 0

  1990  2 16  13 28 42.8    49.160  -128.790   15.0  5.2  5.0  seed seed.dat                  021690B
AGD       119.0   9.4 353.7   0.1 3   0.0 999.9 0
CAN       111.3 240.6  44.4   0.1 3   0.0 999.9 0   1.0 3   0.0 999.9 0
CAY        77.4  96.9 319.2   0.1 3   0.0 999.9 0
CRZF      177.2 351.8  10.3   1.0 3   0.0 999.9 0
DRV       134.3 214.0  66.6   0.1 3   0.0 999.9 0   1.0 3   0.0 999.9 0   5.0 3  41.3  77.3 0
HYB       109.3 332.4  18.6   0.1 3   0.0 999.9 1   1.0 3   0.0 999.9 0
INU        66.6 297.5  45.4   0.1 3   0.0 999.9 1   1.0 3   0.0 999.9 0
MBO        92.8  64.1 322.5   0.1 3   0.0 999.9 0   1.0 3   0.0 999.9 0   5.0 3   0.0 999.9 0
NOU        91.5 237.3  36.6   5.0 3   0.0 177.3 0
PAF       167.6 263.7  85.4   0.1 3   0.0 741.2 0   1.0 3   0.0 741.3 0
PPT        69.1 201.3  14.5   0.1 3   0.0 999.9 0
RER       151.8 351.1   6.4   0.1 3   0.0 999.9 0
SCZ        13.7 154.0 339.1   0.1 3   0.0 999.9 0
TAM        97.5  41.6 331.8   0.1 3   0.0 999.9 0
WFM        39.5  77.1 300.0   0.1 3   0.0 999.9 0
WUS        86.5 339.3  17.9   0.1 3   0.0 999.9 1   1.0 3   0.0 999.9 0

  1990  2 16  15 12 45.7    -3.930   -81.180   76.0  5.0  0.0  seed seed.dat                  021690C
AGD       124.1  78.9 273.2   0.1 3   0.0 999.9 0
CAN       118.8 225.8 119.2   0.1 3   0.0 999.9 0   1.0 3   0.0 999.9 0
CAY        30.2  73.2 253.5   0.1 3   0.0 999.9 0
CRZF      114.9 146.1 233.3   1.0 3   0.0 999.9 0
DRV       103.6 195.7 137.6   0.1 3   0.0 999.9 0   1.0 3   0.0 999.9 0   5.0 3   0.0  57.2 1
HYB       156.0  54.6 302.1   0.1 3   0.0 999.9 1   1.0 3   0.0 999.9 0
INU       132.8 316.4  57.0   0.1 3   0.0 999.9 1   1.0 3   0.0 999.9 0
MBO        66.2  72.5 259.2   0.1 3   0.0 999.9 0   1.0 3   0.0 999.9 0   5.0 3   0.0 999.9 0
NOU       109.2 245.1 102.8   5.0 3   0.0  73.2 0
PAF       121.3 158.5 213.8   0.1 3   0.0 637.1 0   1.0 3   0.0 637.2 0
PPT        68.2 252.7  87.3   0.1 3   0.0 999.9 0
RER       130.9 122.4 244.2   0.1 3   0.0 999.9 0
SCZ        55.1 320.7 128.1   0.1 3   0.0 999.9 0
TAM        88.5  67.2 265.3   0.1 3   0.0 999.9 0
WFM        47.3   9.8 193.3   0.1 3   0.0 999.9 0
WUS       138.9  22.7 329.6   0.1 3   0.0 999.9 1   1.0 3   0.0 999.9 0

  1990  2 16  21  2 53.9    -3.380   139.890   31.0  5.3  4.9  seed seed.dat                  021690D
AGD        97.6 281.1  91.8   0.1 3   0.0 999.9 0
CAN        33.0 166.2 343.1   0.1 3   0.0 999.9 0   1.0 3   0.0 999.9 0  20.0 3   0.0  50.4 0
CAY       167.7  82.5 277.1   0.1 3   0.0 999.9 0
CRZF       86.2 223.8  91.1   1.0 3   0.0 999.9 0
DRV        63.2 179.9 359.9   0.1 3   0.0 999.9 0   1.0 3   0.0 999.9 0   5.0 3   3.1  83.1 0
HYB        63.9 291.1 102.7   0.1 3   0.0 999.9 1   1.0 3   0.0 999.9 0
INU        38.7 356.3 175.4   0.1 3   0.0 999.9 1   1.0 3   0.0 999.9 0  20.0 3  10.6  70.6 0
MBO       154.7 296.9  66.2   0.1 3   0.0 999.9 0   1.0 3   0.0 999.9 0   5.0 3   0.0 837.1 0
NOU        31.7 128.2 302.2   5.0 3   0.0 255.1 0
PAF        74.3 219.6  76.7   0.1 3   0.0 287.0 0   1.0 3   0.0 287.1 0
PPT        70.4 107.4 272.6   0.1 3   0.0 999.9 0
RER        83.3 249.2  91.2   0.1 3   0.0 999.9 0
SCZ        99.0  53.7 272.7   0.1 3   0.0 999.9 0
TAM       131.8 297.7  73.0   0.1 3   0.0 999.9 0
WFM       131.9  31.2 315.9   0.1 3   0.0 999.9 0
WUS        70.7 315.8 112.6   0.1 3   0.0 999.9 1   1.0 3   0.0 999.9 0  20.0 3  37.2  97.2 0

  1990  2 16  21 29 53.7    15.680   147.330   15.0  5.1  4.8  seed seed.dat                  021690E
AGD       100.5 285.3  71.5   0.1 3   0.0 999.9 0
CAN        50.9 178.2 357.9   0.1 3   0.0 999.9 0   1.0 3   0.0 999.9 0  20.0 3   0.0  23.4 0
CAY       151.7  44.8 316.9   0.1 3   0.0 999.9 0
CRZF      105.0 225.5  83.1   1.0 3   0.0 999.9 0
DRV        82.4 182.9   7.1   0.1 3   0.0 999.9 0   1.0 3   0.0 999.9 0   5.0 3   0.0  56.1 0
HYB        65.6 282.3  80.3   0.1 3   0.0 999.9 1   1.0 3   0.0 999.9 0
INU        21.7 336.7 152.2   0.1 3   0.0 999.9 1   1.0 3   0.0 999.9 0  20.0 3   0.0  43.6 0
MBO       146.2 331.9  27.9   0.1 3   0.0 999.9 0   1.0 3   0.0 999.9 0   5.0 3   0.0 810.1 0
NOU        42.0 153.1 332.0   5.0 3   0.0 228.1 0
PAF        93.7 219.8  70.4   0.1 3   0.0 260.0 0   1.0 3   0.0 260.1 0
PPT        70.5 115.4 294.2   0.1 3   0.0 999.9 0
RER        97.0 250.2  76.1   0.1 3   0.0 999.9 0
SCZ        81.8  54.3 283.5   0.1 3   0.0 999.9 0
TAM       126.4 314.9  47.6   0.1 3   0.0 999.9 0
WFM       111.8  29.8 319.6   0.1 3   0.0 999.9 0
WUS        63.4 308.5  92.0   0.1 3   0.0 999.9 1   1.0 3   0.0 999.9 0  20.0 3  10.2  70.2 0

  1990  2 17   1 22  1.4    -4.500  -106.030   15.0  5.4  5.8  seed seed.dat                  021790A
AGD       148.4  75.4 280.5   0.1 3   0.0 999.9 0
CAN        99.5 233.2 102.6   0.1 3   0.0 999.9 0   1.0 3   0.0 999.9 0  20.0 3  19.3  79.3 0
CAY        54.5  80.7 261.0   0.1 3   0.0 999.9 0
CRZF      125.5 161.3 207.3   1.0 3   0.0 999.9 0
DRV        95.1 201.4 114.0   0.1 3   0.0 999.9 0   1.0 3   0.0 999.9 0   5.0 3   8.0 252.0 0
HYB       166.4 341.0  19.5   0.1 3   0.0 999.9 1   1.0 3   0.0 999.9 0
INU       114.5 306.8  77.3   0.1 3   0.0 999.9 1   1.0 3   0.0 999.9 0  20.0 3  27.5  87.5 0
MBO        90.2  75.7 265.5   0.1 3   0.0 999.9 0   1.0 3   0.0 999.9 0   5.0 3   0.0 578.0 0
NOU        86.2 248.2  93.4   5.0 3  20.0  48.0 0
PAF       126.2 177.0 184.6   0.1 3   0.0 227.8 1   1.0 3   0.0 188.0 1   5.0 3  40.0  72.0 0
PPT        44.6 249.5  78.3   0.1 3   0.0 999.9 0
RER       148.8 145.7 216.8   0.1 3   0.0 999.9 0
SCZ        43.4 341.9 157.3   0.1 3   0.0 999.9 0
TAM       111.6  67.4 274.5   0.1 3   0.0 999.9 0
WFM        56.5  30.2 222.8   0.1 3   0.0 999.9 0
WUS       143.1 353.4   8.7   0.1 3   0.0 999.9 1   1.0 3   0.0 999.9 0  20.0 3  44.1 104.1 0

  1990  2 17   2 28  0.2    29.280   130.450   44.3  6.1  0.0  seed seed.dat                  021790B
AGD        82.4 279.1  61.7   0.1 3   0.0 999.9 0   5.0 3   0.0 114.5 0
CAN        66.8 163.5 342.3   0.1 3   0.0 999.9 0   1.0 3   0.0 999.9 0  20.0 3   0.0  73.3 1
CAY       145.8   4.9 355.7   0.1 3   0.0 999.9 0
CRZF      103.5 224.3  61.9   1.0 3   0.0 999.9 0
DRV        96.1 176.2 351.6   0.1 3   0.0 999.9 0   1.0 3   0.0 999.9 0   5.0 3   0.0 186.0 0
HYB        48.7 268.0  66.1   0.1 3   0.0 999.9 1   1.0 3   0.0 999.9 0  20.0 3   0.0  39.7 0
INU         8.2  40.9 224.4   0.1 3   0.0 999.9 1   1.0 3   0.0 999.9 0  20.0 3   0.0  21.5 0
MBO       126.3 319.8  35.7   0.1 3   0.0 999.9 0   1.0 3   0.0 999.9 0   5.0 3   0.0 512.0 0
NOU        61.8 141.8 324.4   5.0 3   0.0  54.0 0
PAF        95.0 214.8  49.7   0.1 3   0.0 161.9 0   1.0 3   0.0 122.0 0   5.0 3   0.0  58.0 1
PPT        90.1 109.9 300.6   0.1 3   0.0 999.9 0
RER        87.7 244.4  57.6   0.1 3   0.0 999.9 0
SCZ        85.9  49.9 303.8   0.1 3   0.0 999.9 0
TAM       105.8 308.3  48.0   0.1 3   0.0 999.9 0
WFM       105.5  16.6 340.3   0.1 3   0.0 999.9 0
WUS        42.9 300.3  89.2   0.1 3   0.0 999.9 1   1.0 3   0.0 999.9 0  20.0 3   0.0  38.1 0

  1990  2 17   2 50 57.8    15.940   147.430   15.0  5.6  5.8  seed seed.dat                  021790C
AGD       100.6 285.4  71.2   0.1 3   0.0 999.9 0   5.0 3   0.0  91.6 0
CAN        51.1 178.3 358.1   0.1 3   0.0 999.9 0   1.0 3   0.0 999.9 0  20.0 3   0.0  50.4 0
CAY       151.4  44.6 317.2   0.1 3   0.0 999.9 0
CRZF      105.2 225.6  83.0   1.0 3   0.0 999.9 0
DRV        82.7 183.0   7.2   0.1 3   0.0 999.9 0   1.0 3   0.0 999.9 0   5.0 3   0.0 163.0 0
HYB        65.6 282.3  80.0   0.1 3   0.0 999.9 1   1.0 3   0.0 999.9 0  20.0 3   0.0  16.8 0
INU        21.5 336.2 151.6   0.1 3   0.0 999.9 1   1.0 3   0.0 999.9 0
MBO       146.1 332.2  27.6   0.1 3   0.0 999.9 0   1.0 3   0.0 999.9 0   5.0 3   0.0 489.0 0
NOU        42.2 153.4 332.3   5.0 3   0.0  31.0 0
PAF        93.9 219.8  70.3   0.1 3   0.0 138.9 0   1.0 3   0.0  99.1 0   5.0 3   0.0  35.1 0
PPT        70.5 115.5 294.5   0.1 3   0.0 999.9 0
RER        97.2 250.2  75.9   0.1 3   0.0 999.9 0
SCZ        81.5  54.4 283.7   0.1 3   0.0 999.9 0
TAM       126.3 315.1  47.3   0.1 3   0.0 999.9 0
WFM       111.5  29.9 319.6   0.1 3   0.0 999.9 0
WUS        63.3 308.4  91.7   0.1 3   0.0 999.9 1   1.0 3   0.0 999.9 0  20.0 3   0.0  15.1 0

  1990  2 18  12 21 58.3    -5.570   149.070  152.6  5.9  0.0  seed seed.dat                  021890A
AGD       107.0 280.3  92.2   0.1 3   0.0 999.9 0
CAN        29.7 180.1   0.1   0.1 3   0.0 999.9 0   1.0 3   0.0 999.9 0  20.0 3   0.0  43.3 0
CAY       158.7  90.9 267.5   0.1 3   0.0 999.9 0
CRZF       90.9 223.3  99.2   1.0 3   0.0 999.9 0
DRV        61.4 184.1  10.3   0.1 3   0.0 999.9 0   1.0 3   0.0 999.9 0   5.0 3   0.0 168.0 0
HYB        73.3 289.9 101.4   0.1 3   0.0 999.9 1   1.0 3   0.0 999.9 0
INU        42.4 345.3 162.0   0.1 3   0.0 697.8 1   1.0 3   0.0 999.9 0  20.0 3   0.0  39.6 0
KIP        58.4  60.8 248.9   0.1 3   0.0 999.9 0   1.0 3   0.0 999.9 0  20.0 3   1.4  61.4 0
MBO       163.7 303.3  58.3   0.1 3   0.0 999.9 0   1.0 3   0.0 999.9 0   5.0 3   0.0 999.9 0
NOU        23.4 136.2 312.1   5.0 3   0.0 180.0 0
PAF        78.5 220.9  85.3   0.1 3   0.0 999.9 0   1.0 3   0.0 999.9 0   5.0 3  20.1  48.1 0
PPT        61.0 106.9 273.3   0.1 3   0.0 999.9 0
RER        91.1 248.7  96.5   0.1 3   0.0 999.9 0
SCZ        92.9  53.7 265.5   0.1 3   0.0 999.9 0
TAM       140.9 299.5  69.3   0.1 3   0.0 999.9 0
WFM       128.5  37.9 304.5   0.1 3   0.0 999.9 0
WUS        78.8 313.7 107.5   0.1 3   0.0 999.9 1   1.0 3   0.0 999.9 0

  1990  2 19   5 34 37.4   -40.760   176.090   32.1  5.9  6.3  seed seed.dat                  021990A
AGD       129.7 247.8 133.9   0.1 3   0.0 999.9 0
CAN        21.9 275.5 112.4   0.1 3   0.0 999.9 0   1.0 3   0.0 999.9 0  20.0 3   0.0  36.7 0
CAY       123.9 116.4 223.3   0.1 3   0.0 999.9 0   5.0 3  34.2 274.2 0
CRZF       79.8 215.4 140.5   1.0 3   0.0 999.9 0
DRV        32.7 205.7  55.8   0.1 3   0.0 999.9 0   1.0 3   0.0 999.9 0   5.0 3   0.0 351.4 0
HYB       106.8 278.4 128.0   0.1 3   0.0 999.9 1   1.0 3   0.0 999.9 0  20.0 3   0.0  51.1 0
INU        84.0 328.7 151.1   1.0 3   0.0  37.7 0  20.0 3   0.0  42.9 0
KIP        66.5  26.4 201.3   0.1 3   0.0 999.9 0   1.0 3   0.0 999.9 0  20.0 3   0.0  54.7 0
MBO       151.3 153.2 201.1   0.1 3   0.0 999.9 0   1.0 3   0.0 869.4 0   5.0 3   0.0 209.4 0
NOU        20.4 333.0 158.2   5.0 3   0.0 239.4 0
PAF        69.0 222.2 128.7   0.1 3   0.0 999.9 0   1.0 3   0.0 999.9 0   5.0 3   0.0 243.4 0
PPT        37.5  62.2 224.7   0.1 3   0.0 999.9 0
RER        97.1 234.1 138.7   0.1 3   0.0 999.9 0
SCZ        96.1  46.0 222.8   0.1 3   0.0 999.9 0
TAM       160.4 206.3 157.9   0.1 3   0.0 999.9 0
WFM       130.8  64.6 248.3   0.1 3   0.0 999.9 0
WUS       119.8 300.1 119.5   0.1 3   0.0 999.9 1   1.0 3   0.0 999.9 0  20.0 3   3.5 123.5 0

  1990  2 19   6 48 13.2   -15.540   166.190   15.0  6.3  6.8  seed seed.dat                  021990B
AGD       124.9 273.2 100.8   0.1 3   0.0 999.9 0   5.0 3  13.3 133.3 0
CAN        25.0 214.9  42.4   0.1 3   0.0 999.9 0   1.0 3   0.0 999.9 0  20.0 3   0.0  37.1 0
CAY       140.7 101.7 251.6   0.1 3   0.0 999.9 0   5.0 3   0.0 200.6 0
CRZF       94.6 219.2 118.4   1.0 3   0.0 999.9 0
DRV        53.9 192.5  31.8   0.1 3   0.0 999.9 0   1.0 3   0.0 953.8 0   5.0 3   0.0 277.8 0
HYB        92.4 287.2 105.3   0.1 3   0.0 999.9 1   1.0 3   0.0 999.9 0  20.0 3   0.0 105.5 0
INU        57.8 331.9 146.2   1.0 3   0.0 999.9 0  20.0 3   0.0  41.3 0
KIP        50.9  44.7 226.7   0.1 3   0.0 999.9 0   1.0 3   0.0 999.9 0  20.0 3   0.0  43.2 0
MBO       176.8 113.4 252.1   0.1 3   0.0 999.9 0   1.0 3   0.0 795.8 0   5.0 3   0.0 135.8 0
NOU         6.5 179.1 359.0   5.0 3   0.0 165.8 0
PAF        82.1 221.0 104.8   0.1 3   0.0 999.9 0   1.0 3   0.0 999.9 0   5.0 3   0.0 169.8 0
PPT        42.4  99.2 266.0   0.1 3   0.0 999.9 0
RER       102.6 243.6 112.4   0.1 3   0.0 999.9 0   5.0 3  31.4 151.4 0
SCZ        85.7  50.4 247.3   0.1 3   0.0 999.9 0   5.0 3   0.0 116.8 0
TAM       160.4 294.0  71.1   0.1 3   0.0 999.9 0
WFM       124.1  49.0 280.9   0.1 3   0.0 999.9 0   5.0 3   9.8 129.8 0
WUS        97.9 310.4 103.5   0.1 3   0.0 999.9 1   1.0 3   0.0 999.9 0  20.0 3   0.0  49.9 0

  1990  2 20   6 53 39.6    34.620   139.050   32.2  6.1  6.4  seed seed.dat                  022090A
AGD        88.5 283.1  55.0   0.1 3   0.0 999.9 0   5.0 3   0.0 103.9 0
CAN        70.4 171.3 351.3   0.1 3   0.0 999.9 0   1.0 3   0.0 999.9 0  20.0 3   0.0  43.7 0
CAY       139.1  17.3 345.6   0.1 3   0.0 999.9 0
CRZF      112.5 228.5  63.2   1.0 3   0.0 999.9 0
DRV       101.1 179.6 359.2   0.1 3   0.0 528.2 0   1.0 3   0.0 728.3 0   5.0 3   0.0 420.3 0
HYB        56.2 268.7  59.7   0.1 3   0.0 999.9 1   1.0 3   0.0 999.9 0  20.0 3   0.0  42.1 0
INU         1.8 294.3 113.1   1.0 3   0.0 999.9 0  20.0 3   0.0  31.9 0
KIP        56.3  85.8 298.1   0.1 3   0.0 999.9 0   1.0 3   0.0 999.9 0  20.0 3   0.0  51.7 0
MBO       126.1 330.9  24.5   0.1 3   0.0 999.9 0   1.0 3   0.0 999.9 0   5.0 3   0.0 150.3 0
NOU        62.2 151.2 334.7   5.0 3   0.0 128.3 0
PAF       103.6 219.0  52.5   0.1 3   0.0 999.9 0   1.0 3   0.0 999.9 0   5.0 3   4.4 152.4 0
PPT        85.4 114.8 308.3   0.1 3   0.0 999.9 0
RER        96.6 249.1  55.6   0.1 3   0.0 999.9 0
SCZ        76.9  54.4 303.5   0.1 3   0.0 126.2 0   5.0 3   3.3  55.3 0
TAM       107.7 315.5  38.8   0.1 3   0.0 999.9 0
WFM        98.0  22.2 335.0   0.1 3   0.0 999.9 0   5.0 3  18.6 138.6 0
WUS        46.8 296.7  77.7   0.1 3   0.0 999.9 1   1.0 3   0.0 999.9 0  20.0 3   0.0  40.4 0

  1990  2 20   9 15 22.6    46.850   154.740   34.5  5.5  0.0  seed seed.dat                  022090B
AGD        96.1 294.1  39.8   0.1 3   0.0 999.9 0
CAN        82.1 184.8   4.0   0.1 3   0.0 999.9 0   1.0 3   0.0 999.9 0
CAY       123.0  32.6 338.1   0.1 3   0.0 999.9 0   5.0 3   0.0  27.4 0
CRZF      129.2 240.7  60.0   1.0 3   0.0 999.9 0
DRV       113.9 186.4  11.0   0.1 3   0.0 386.5 0   1.0 3   0.0 586.6 0   5.0 3   0.0 278.6 0
HYB        68.1 272.5  45.9   0.1 3   0.0 999.9 1   1.0 3   0.0 999.9 0
INU        17.6 235.5  43.8   1.0 3   0.0 999.9 0  20.0 3   6.2  66.2 0
KIP        45.7 107.0 315.3   0.1 3   0.0 999.9 0   1.0 3   0.0 999.9 0
MBO       118.4 350.9   6.5   0.1 3   0.0 908.5 0   1.0 3   0.0 988.6 0   5.0 3   0.0   8.6 0
NOU        69.6 168.5 351.5   5.0 3  26.6  58.6 0
PAF       120.6 229.3  52.7   0.1 3   0.0 999.9 0   1.0 3   0.0 999.9 0   5.0 3   0.0  10.7 0
PPT        81.4 127.0 325.0   0.1 3   0.0 999.9 0
RER       111.2 261.6  46.8   0.1 3   0.0 999.9 0
TAM       105.2 330.8  21.3   0.1 3   0.0 999.9 0
WFM        81.8  32.5 330.0   0.1 3   0.0 999.9 0
WUS        52.6 293.3  56.6   0.1 3   0.0 999.9 1   1.0 3   0.0 999.9 0  20.0 3   4.7  64.7 0

  1990  2 20  18 17 56.0   -21.530   169.800  157.3  5.3  0.0  seed seed.dat                  022090C
AGD       128.4 267.5 108.2   0.1 3   0.0 999.9 0
CAN        22.8 228.5  58.5   0.1 3   0.0 999.9 0   1.0 3   0.0 999.9 0  20.0 3  39.4  99.4 0
CAY       136.0 106.2 244.1   0.1 3   0.0 999.9 0
CRZF       92.1 217.6 124.8   1.0 3   0.0 999.9 0
DRV        49.0 195.2  37.9   1.0 3   0.0  44.1 0   5.0 3   0.1  44.1 0
HYB        97.4 285.6 110.1   0.1 3   0.0 999.9 1   1.0 3   0.0 999.9 0
INU        64.7 330.6 146.0   1.0 3   0.0 999.9 0
KIP        53.1  38.5 218.4   0.1 3   0.0 999.9 0   1.0 3   0.0 999.9 0  20.0 3  33.4  93.4 0
MBO       170.4 137.8 221.9   0.1 3   0.0 365.9 0   1.0 3   0.0 446.0 0   5.0 3   0.0 466.1 0
NOU         3.3 259.4  80.7   5.0 3   0.0 116.1 1
PAF        79.9 220.8 111.3   0.1 3   0.0 999.9 0   1.0 3   0.0 999.9 0
PPT        38.4  91.4 257.3   0.1 3   0.0 999.9 0
RER       102.8 240.8 119.4   0.1 3   0.0 999.9 0
SCZ        87.0  48.8 240.5   0.1 3   0.0 999.9 0
TAM       165.4 276.8  87.0   0.1 3   0.0 999.9 0
WFM       125.2  52.6 272.6   0.1 3   0.0 999.9 0
WUS       104.3 308.7 105.9   0.1 3   0.0 999.9 1   1.0 3   0.0 999.9 0

  1990  2 20  18 48  4.0   -25.840  -116.440   15.0  5.4  5.3  seed seed.dat                  022090D
AGD       155.8 122.8 231.4   0.1 3   0.0 999.9 0
CAN        78.9 236.0 113.9   0.1 3   0.0 999.9 0   1.0 3   0.0 999.9 0  20.0 3   9.3  69.3 0
CAY        69.3  73.6 240.2   0.1 3   0.0 999.9 0
CRZF      107.1 171.6 191.0   1.0 3   0.0 999.9 0
DRV        71.6 204.0 112.8   1.0 3   0.0  13.9 0   5.0 3   0.0  13.9 0
HYB       163.7 241.0 122.9   0.1 3   0.0 999.9 1   1.0 3   0.0 999.9 0
INU       117.4 297.9 103.2   1.0 3   0.0 999.9 0
KIP        62.0 315.4 137.3   0.1 3   0.0 999.9 0   1.0 3   0.0 999.9 0  20.0 3   3.3  63.3 0
MBO       104.6  81.1 246.8   0.1 3   0.0 335.8 0   1.0 3   0.0 415.9 0   5.0 3   0.0 435.9 0
NOU        69.7 254.5 110.5   5.0 3   0.0  85.9 0
PAF       104.7 184.5 173.8   0.1 3   0.0 999.9 0   1.0 3   0.0 999.9 0
PPT        31.8 278.2 110.8   0.1 3   0.0 999.9 0
RER       132.5 170.1 189.5   0.1 3   0.0 999.9 0
SCZ        62.4 355.5 174.9   0.1 3   0.0 999.9 0
TAM       127.4  80.5 254.5   0.1 3   0.0 999.9 0
WFM        79.9  32.1 220.4   0.1 3   0.0 999.9 0
WUS       159.9 323.1  44.4   0.1 3   0.0 999.9 1   1.0 3   0.0 999.9 0

  1990  2 21  18 20 15.3    16.750   -61.850  110.3  5.8  0.0  seed seed.dat                  022190A
AGD       100.4  74.5 289.6   0.1 3   0.0 999.9 0
CAN       146.9 230.4 116.5   0.1 3   0.0 999.9 0   1.0 3   0.0 999.9 0
CAY        15.0 140.4 322.2   0.1 3   0.0 999.9 0
CRZF      118.3 133.9 264.5   1.0 3   0.0 999.9 0
DRV       128.1 190.9 153.2   0.1 3   0.0 301.6 0   1.0 3   0.0 331.7 0   5.0 3   0.0 145.7 0
HYB       128.2  50.7 309.1   0.1 3   0.0 999.9 1   1.0 3   0.0 999.9 0
INU       125.0 341.2  22.2   1.0 3   0.0 999.9 0
KIP        89.5 292.2  72.2   0.1 3   0.0 999.9 0   1.0 3   0.0 999.9 0  20.0 3  17.1  77.1 0
MBO        43.2  86.6 279.3   0.1 3   0.0 999.9 0   1.0 3   0.0 999.9 0   5.0 3   0.0 999.9 0
NOU       134.4 255.5  88.2   5.0 3   0.0  81.7 1
PAF       129.5 140.8 246.9   0.1 3   0.0 999.9 0   1.0 3   0.0 999.9 0
PPT        92.9 252.7  73.6   0.1 3   0.0 999.9 0
RER       121.2 104.7 277.0   0.1 3   0.0 999.9 0
SCZ        55.9 303.1  93.9   0.1 3   0.0 999.9 0
SSB        61.7  47.2 265.6   0.1 3   0.0 999.9 0   1.0 3   0.0 999.9 0   5.0 3   2.2 999.9 0  20.0 3   0.0  45.0 0
TAM        63.2  72.5 278.0   0.1 3   0.0 999.9 0
WFM        27.1 344.2 159.3   0.1 3   0.0 999.9 0
WUS       111.9  30.7 319.7   0.1 3   0.0 999.9 1   1.0 3   0.0 999.9 0

  1990  2 22  16 51 50.4   -11.580    66.390   15.0  5.8  5.6  seed seed.dat                  022290A
AGD        32.8 313.6 133.6   0.1 3   0.0 999.9 0
CAN        77.4 123.9 264.5   0.1 3   0.0 999.9 0   1.0 3   0.0 999.9 0
CAY       119.1 269.1 100.4   0.1 3   0.0 999.9 0
CRZF       36.9 196.8  24.2   1.0 3   0.0 999.9 0
DRV        72.9 156.5 280.4   0.1 3   0.0 999.9 0   1.0 3   0.0 999.9 0   5.0 3   0.0 254.2 0
HYB        31.3  22.8 203.5   0.1 3   0.0 999.9 1   1.0 3   0.0 672.7 0  20.0 3   0.0  37.9 0
INU        81.4  51.3 249.4   1.0 3   0.0 999.9 0  20.0 3  11.7  71.7 0
KIP       136.4  71.3 276.0   0.1 3   0.0 999.9 0   1.0 3   0.0 999.9 0
MBO        86.5 285.3 102.7   0.1 3   0.0 999.9 0   1.0 3   0.0 560.1 0   5.0 3   0.0 904.2 0
NOU        94.7 113.6 255.4   5.0 3   0.0  54.2 1
PAF        37.8 175.9 353.9   0.1 3   0.0 999.9 0   1.0 3   0.0 999.9 0   5.0 3   0.0  22.2 0
PPT       134.1 128.8 233.1   0.1 3   0.0 999.9 0
RER        14.0 225.6  48.6   0.1 3   0.0 999.9 0   5.0 3   0.0 106.7 0
SCZ       154.1  14.6 342.5   0.1 3   0.0 999.9 0
SSB        79.4 320.7 118.3   0.1 3   0.0 999.9 0   1.0 3   0.0 999.9 0   5.0 3   0.0 999.9 0
TAM        68.7 300.0 113.2   0.1 3   0.0 339.8 0
WFM       132.1 318.0  62.1   0.1 3   0.0 999.9 0
WUS        54.0  12.0 195.7   0.1 3   0.0 999.9 1   1.0 3   0.0 999.9 0  20.0 3   0.0  42.2 0

  1990  2 22  18 59 45.3    11.360   -87.360   17.8  5.2  5.2  seed seed.dat                  022290B
AGD       125.5  66.8 293.1   0.1 3   0.0 999.9 0
CAN       123.8 235.2 100.9   0.1 3   0.0 999.9 0   1.0 3   0.0 999.9 0
CAY        35.2  97.5 282.6   0.1 3   0.0 999.9 0
CRZF      130.9 143.2 237.6   1.0 3   0.0 999.9 0
DRV       116.4 199.1 126.5   0.1 3   0.0 999.9 0   1.0 3   0.0 999.9 0   5.0 3   0.0 126.2 0
HYB       148.1  26.1 333.2   0.1 3   0.0 999.9 1   1.0 3   0.0 544.7 0
INU       117.3 320.0  50.4   1.0 3   0.0 999.9 0
KIP        68.0 288.6  85.9   0.1 3   0.0 999.9 0   1.0 3   0.0 999.9 0
MBO        68.5  78.9 276.8   0.1 3   0.0 902.1 0   1.0 3   0.0 432.2 0   5.0 3   0.0 776.2 0
PAF       137.8 158.1 213.6   0.1 3   0.0 999.9 0   1.0 3   0.0 999.9 0
PPT        67.9 245.7  69.6   0.1 3   0.0 999.9 0
RER       143.4 110.0 260.1   0.1 3   0.0 999.9 0
SCZ        39.7 315.1 120.6   0.1 3   0.0 999.9 0
SSB        83.3  45.2 279.5   0.1 3   0.0 999.9 0   1.0 3   0.0 999.9 0   5.0 3   0.0 999.9 0  20.0 3   3.5  63.5 0
TAM        88.3  67.2 281.7   0.1 3   0.0 211.9 0
WFM        34.1  21.1 208.6   0.1 3   0.0 999.9 0
WUS       126.1  12.5 343.7   0.1 3   0.0 999.9 1   1.0 3   0.0 999.9 0

  1990  2 24  19 13 15.4   -15.380  -175.360   15.0  5.7  6.0  seed seed.dat                  022490A
AGD       142.7 268.6 100.0   0.1 3   0.0 999.9 0
CAN        37.6 231.4  67.3   0.1 3   0.0 286.6 0   1.0 3   0.0 137.3 0  20.0 3   0.0  50.1 0
CAY       123.1  94.3 255.0   0.1 3   0.0 999.9 0
CRZF      105.1 211.7 133.0   1.0 3   0.0 999.9 0
DRV        59.0 199.0  52.3   0.1 3   0.0 999.9 0   1.0 3   0.0 999.9 0   5.0 3   0.0 192.7 0
HYB       109.5 283.2 100.4   0.1 3   0.0 999.9 0   1.0 3   0.0 999.9 0  20.0 3  42.0 102.0 0
INU        67.8 319.2 129.5   1.0 3   0.0 999.9 0  20.0 3   2.3  62.3 0
KIP        40.4  25.4 206.4   0.1 3   0.0 999.9 0   1.0 3   0.0 999.9 0  20.0 3   0.0  52.1 0
NOU        18.6 246.2  72.1   5.0 3   0.0 160.7 0
PAF        93.4 216.6 118.5   0.1 3   0.0 526.6 0   1.0 3   0.0 546.8 0   5.0 3  20.8  68.8 0
PPT        24.8  98.7 271.2   0.1 3   0.0 999.9 0
RER       118.0 235.3 121.9   0.1 3   0.0  19.8 0
SCZ        72.6  43.1 235.0   0.1 3   0.0 999.9 0   5.0 3   5.8 125.8 0
SSB       150.1   0.1 359.8   0.1 3   0.0 999.9 0   1.0 3   0.0 999.9 0   5.0 3   0.0 999.9 0
TAM       172.6 353.5   6.4   0.1 3   0.0 999.9 0
WFM       110.4  50.0 267.9   0.1 3   0.0 999.9 0
WUS       111.5 308.5  91.6   0.1 3   0.0 999.9 1   1.0 3   0.0 999.9 0  20.0 3  28.8  88.8 0

  1990  2 25   3  8 16.7   -10.570   165.190   15.0  5.6  5.1  seed seed.dat                  022590A
AGD       123.5 276.7  95.0   0.1 3   0.0 999.9 0   5.0 3   0.0  45.1 0
CAY       142.4  95.8 259.2   0.1 3   0.0 999.9 0
CRZF       97.8 219.8 114.5   1.0 3   0.0 999.9 0
DRV        58.6 191.5  29.4   0.1 3   0.0 999.9 0   1.0 3   0.0 999.9 0   5.0 3   0.0  69.7 0
HYB        90.0 287.6 100.9   0.1 3   0.0 999.9 0   1.0 3   0.0 999.9 0
INU        53.0 331.0 144.4   1.0 3   0.0 999.9 0
KIP        48.2  48.6 232.3   0.1 3   0.0 999.9 0   1.0 3   0.0 999.9 0
NOU        11.5 174.8 354.5   5.0 3   0.0  73.7 0
PAF        85.2 220.8 100.8   0.1 3   0.0  51.6 0   1.0 3   0.0  71.7 0
PPT        44.3 104.3 272.7   0.1 3   0.0 999.9 0
SCZ        83.3  51.0 251.8   0.1 3   0.0 999.9 0
SSB       141.6 337.8  31.4   0.1 3   0.0 999.9 0   1.0 3   0.0 999.9 0   5.0 3   0.0 999.9 0
TAM       157.1 304.3  60.7   0.1 3   0.0 999.9 0
WFM       121.4  46.4 286.0   0.1 3   0.0 999.9 0
WUS        93.9 311.0 100.4   0.1 3   0.0 999.9 1   1.0 3   0.0 999.9 0

  1990  2 25  14 57 34.6   -19.570  -178.310  573.3  4.9  0.0  seed seed.dat                  022590B
AGD       139.7 264.5 106.4   0.1 3   0.0 999.9 0
CAY       125.5  98.3 249.6   0.1 3   0.0 999.9 0
CRZF      100.1 212.6 132.8   1.0 3   0.0 999.9 0
DRV        54.1 199.1  50.7   0.1 3   0.0 534.3 0   1.0 3   0.0 554.4 0
HYB       107.7 282.5 105.3   0.1 3   0.0 999.9 0   1.0 3   0.0 999.9 0
INU        69.2 322.0 134.7   1.0 3   0.0 999.9 0
KIP        45.4  27.1 207.4   0.1 3   0.0 999.9 0   1.0 3   0.0 999.9 0
MBO       161.4 104.0 251.8   0.1 3   0.0 110.3 0   1.0 3   0.0 210.4 0   5.0 3   0.0 214.4 0
NOU        14.6 257.4  82.9   5.0 3   0.0 260.4 0
PAF        88.4 217.4 118.8   0.1 3   0.0 999.9 0   1.0 3   0.0 999.9 0
PPT        27.3  90.6 261.2   0.1 3   0.0 999.9 0
SCZ        77.6  43.7 234.1   0.1 3   0.0 999.9 0
SSB       154.2 355.3   6.1   0.1 3   0.0 999.9 0   1.0 3   0.0 999.9 0   5.0 3   0.0 999.9 0
TAM       175.2 310.3  46.5   0.1 3   0.0 999.9 0
WFM       115.3  51.5 266.4   0.1 3   0.0 999.9 0
WUS       111.9 307.3  97.0   0.1 3   0.0 999.9 1   1.0 3   0.0 999.9 0

  1990  2 25  22 51  8.8   -18.350   -68.720  141.5  5.6  0.0  seed seed.dat                  022590C
AGD       113.8  85.4 255.1   0.1 3   0.0 999.9 0
CAY        28.3  36.5 214.5   0.1 3   0.0 999.9 0
CRZF       96.1 143.3 235.2   1.0 3   0.0 665.8 0
DRV        92.4 191.0 152.9   0.1 3   0.0  60.7 0   1.0 3   0.0  80.8 0   5.0 3   2.9  54.9 0
HYB       148.9  86.9 263.6   0.1 3   0.0 999.9 0   1.0 3   0.0 999.9 0  20.0 3   0.0  52.1 0
INU       151.6 311.4  59.5   1.0 3   0.0 999.9 0
KIP        95.9 290.4 107.2   0.1 3   0.0 999.9 0   1.0 3   0.0 999.9 0
NOU       112.8 235.4 122.6   5.0 3   0.0 999.9 0
PAF       103.3 153.9 219.7   0.1 3   0.0 999.9 0   1.0 3   0.0 999.9 0
PPT        76.2 255.8 105.2   0.1 3   0.0 999.9 0
SCZ        74.0 318.2 128.1   0.1 3   0.0 999.9 0
SSB        91.7  42.6 245.7   0.1 3   0.0 999.9 0   1.0 3   0.0 999.9 0   5.0 3   0.0 999.9 0
TAM        83.3  63.5 247.1   0.1 3   0.0 999.9 0
WFM        60.9 357.7 177.0   0.1 3   0.0 999.9 0
WUS       144.4  43.7 300.6   0.1 3   0.0 999.9 1   1.0 3   0.0 999.9 0

  1990  2 26  18 29 11.2   -27.050  -114.720   15.0  5.3  5.2  seed seed.dat                  022690A
AGD       153.8 122.4 230.9   0.1 3   0.0 209.2 0
CAY        68.1  72.2 238.4   0.1 3   0.0 999.9 0
CRZF      105.7 170.4 192.4   1.0 3   0.0 999.9 0
HYB       164.4 233.8 129.7   0.1 3   0.0 999.9 0   1.0 3   0.0 999.9 0  20.0 3   0.0 152.1 0
INU       119.3 296.9 103.6   1.0 3   0.0 999.9 0
KIP        64.0 314.6 137.0   0.1 3   0.0 999.9 0   1.0 3   0.0 999.9 0  20.0 3  42.2 102.2 0
NOU        70.8 254.3 112.2   5.0 3   0.0 271.8 0
PAF       103.6 183.3 175.5   0.1 3   0.0 999.9 0   1.0 3   0.0 999.9 0   5.0 3  42.8 106.8 0
PPT        33.5 279.0 112.6   0.1 3   0.0 999.9 0
RER       131.1 168.2 191.3   0.1 3   0.0 999.9 0
SCZ        63.8 354.0 173.3   0.1 3   0.0 999.9 0
SSB       129.0  52.6 269.6   0.1 3   0.0 999.9 0   1.0 3   0.0 999.9 0   5.0 3   0.0 999.9 0
TAM       126.1  80.8 252.7   0.1 3   0.0 999.9 0
WFM        80.1  31.0 218.4   0.1 3   0.0 999.9 0
WUS       161.8 323.8  42.7   0.1 3   0.0 999.9 1   1.0 3   0.0 999.9 0  20.0 3   0.0 152.9 0

  1990  2 26  19  6 35.2   -27.240  -114.910   15.0  5.7  6.2  seed seed.dat                  022690B
AGD       153.9 123.0 230.3   0.1 3   0.0 171.8 0
CAY        68.4  72.2 238.3   0.1 3   0.0 999.9 0
CRZF      105.5 170.6 192.2   1.0 3   0.0 999.9 0
HYB       164.2 233.7 129.9   0.1 3   0.0 999.9 0   1.0 3   0.0 999.9 0  20.0 3   0.0 114.7 0
INU       119.3 296.8 103.8   1.0 3   0.0 999.9 0
KIP        64.0 314.8 137.3   0.1 3   0.0 999.9 0   1.0 3   0.0 999.9 0  20.0 3   4.8  64.8 0
NOU        70.6 254.5 112.3   5.0 3   0.0 234.4 0
PAF       103.4 183.4 175.3   0.1 3   0.0 999.9 0   1.0 3   0.0 999.9 0   5.0 3   5.4  69.4 0
PPT        33.4 279.4 113.0   0.1 3   0.0 999.9 0
RER       130.9 168.5 191.0   0.1 3   0.0 999.9 0
SCZ        64.0 354.2 173.5   0.1 3   0.0 999.9 0
SSB       129.2  52.7 269.6   0.1 3   0.0 999.9 0   1.0 3   0.0 999.9 0   5.0 3   0.0 999.9 0  20.0 3  36.7  96.7 0
TAM       126.3  81.0 252.5   0.1 3   0.0 999.9 0
WFM        80.3  31.1 218.5   0.1 3   0.0 999.9 0
WUS       161.9 323.1  43.4   0.1 3   0.0 999.9 1   1.0 3   0.0 999.9 0  20.0 3   0.0 115.5 0

  1990  2 27   9 28 55.0   -17.140   -64.090  618.6  5.5  0.0  seed seed.dat                  022790A
AGD       109.3  83.7 255.9   0.1 3   0.0 999.9 0
CAY        24.9  29.0 207.7   0.1 3   0.0 999.9 0
CRZF       94.4 141.5 239.4   1.0 3   0.0 303.1 0
DRV        94.4 189.4 157.0   0.1 3   0.0 999.9 0   1.0 3   0.0 999.9 0
HYB       144.4  84.2 265.1   0.1 3   0.0 999.9 0   1.0 3   0.0 999.9 0
INU       153.9 317.7  50.9   1.0 3   0.0 999.9 0
KIP        99.7 289.3 104.5   0.1 3   0.0 999.9 0   1.0 3   0.0 999.9 0
NOU       117.0 233.2 124.3   5.0 3   0.0 753.1 0
PAF       102.3 151.4 224.3   0.1 3   0.0 999.9 0   1.0 3   0.0 999.9 0
PPT        80.8 254.3 105.2   0.1 3   0.0 999.9 0
RER       109.8 120.7 241.7   0.1 3   0.0 999.9 0
SCZ        76.1 315.7 123.9   0.1 3   0.0 999.9 0
SSB        87.9  41.2 243.2   0.1 3   0.0 999.9 0   1.0 3   0.0 999.9 0   5.0 3   0.0 999.9 0
TAM        78.8  62.0 246.1   0.1 3   0.0 999.9 0
WFM        60.0 353.7 171.8   0.1 3   0.0 999.9 0
WUS       140.4  45.3 296.7   0.1 3   0.0 999.9 1   1.0 3   0.0 999.9 0

  1990  2 28  18  1 26.2   -15.420   166.000   33.8  5.0  4.5  seed seed.dat                  022890A
AGD       124.7 273.3 100.7   0.1 3   0.0 999.9 0
BNG       146.2 254.3 111.1   0.1 3   0.0 999.9 0   1.0 3   0.0 999.9 0
CAY       140.9 101.6 251.7   0.1 3   0.0 999.9 0
CRZF       94.6 219.2 118.2   1.0 3   0.0 999.9 0
DRV        54.0 192.4  31.5   0.1 3   0.0 999.9 0   1.0 3   0.0 999.9 0
HYB        92.2 287.3 105.3   0.1 3   0.0 999.9 0   1.0 3   0.0 999.9 0
INU        57.6 332.0 146.3   1.0 3   0.0 999.9 0
KIP        50.9  44.9 227.0   0.1 3   0.0 999.9 0   1.0 3   0.0 999.9 0
MBO       177.0 112.8 253.3   0.1 3   0.0 999.9 0   1.0 3   0.0 999.9 0   5.0 3   0.0  73.6 0
NOU         6.7 177.6 357.5   5.0 3   0.0  23.6 0
PAF        82.1 221.0 104.6   0.1 3   0.0 494.4 0   1.0 3   0.0 494.5 0
PPT        42.6  99.3 266.1   0.1 3   0.0 999.9 0
RER       102.5 243.7 112.2   0.1 3   0.0 999.9 0
SCZ        85.7  50.4 247.5   0.1 3   0.0 999.9 0
SSB       146.3 335.9  33.3   0.1 3   0.0 999.9 0   1.0 3   0.0 999.9 0   5.0 3   0.0 999.9 0
TAM       160.2 294.1  71.0   0.1 3   0.0 999.9 0
WFM       124.1  48.9 281.1   0.1 3   0.0 999.9 0
WUS        97.7 310.4 103.5   0.1 3   0.0 999.9 1   1.0 3   0.0 208.4 0

  1990  2 28  23 43 36.0    34.110  -118.060   15.0  5.5  5.5  seed seed.dat                  022890B
AGD       131.0  25.0 338.9   0.1 3   0.0 999.9 0
BNG       123.9  55.4 316.6   0.1 3   0.0 999.9 0   1.0 3   0.0 999.9 0   5.0 3  40.4  76.4 0
CAY        67.2  99.7 304.9   0.1 3   0.0 999.9 0
CRZF      165.5 150.4 214.6   1.0 3   0.0 999.9 0
DRV       125.6 208.8  85.7   0.1 3   0.0 999.9 0   1.0 3   0.0 999.9 0
HYB       126.2 340.3  17.1   0.1 3   0.0 999.9 0   1.0 3   0.0 999.9 0  20.0 3  26.3  86.3 0
INU        81.4 307.1  54.0   1.0 3   0.0 999.9 0
KIP        37.3 260.8  61.5   0.1 3   0.0 999.9 0   1.0 3   0.0 999.9 0  20.0 3   0.0  51.8 0
MBO        90.9  71.8 305.6   0.1 3   0.0 999.9 0   1.0 3   0.0 999.9 0   5.0 3   0.0 523.4 0
NOU        91.1 244.1  53.6   5.0 3   5.4  97.4 0
PAF       163.6 199.9 155.6   0.1 3   0.0 152.2 0   1.0 3   0.0 152.4 0
PPT        59.6 215.4  30.2   0.1 3   0.0 999.9 0
RER       166.0  24.0 337.9   0.1 3   0.0 699.7 0
SCZ         3.7 313.2 131.3   0.1 3   0.0 999.9 0
SSB        85.3  36.5 315.6   0.1 3   0.0 999.9 0   1.0 3   0.0 999.9 0   5.0 3   0.0 999.9 0
TAM       101.9  51.6 315.1   0.1 3   0.0 999.9 0
WFM        37.1  62.7 272.7   0.1 3   0.0 999.9 0   5.0 3   0.0 109.1 0
WUS       103.2 346.7  14.6   0.1 3   0.0 999.9 1   1.0 3   0.0 999.9 0  20.0 3  19.5  78.5 0

  1990  3  1   2 23 24.0    53.480   160.060   33.0  5.5  5.5  seed seed.dat                  030190A
AGD        96.2 298.9  32.3   0.1 3   0.0 999.9 0   5.0 3   0.0 177.4 0
BNG       113.8 317.5  24.0   0.1 3   0.0 999.9 0   1.0 3   0.0 999.9 0   5.0 3  40.6  76.6 0
CAY       115.6  36.1 339.2   0.1 3   0.0 999.9 0
CRZF      135.2 248.9  53.9   1.0 3   0.0 999.9 0
DRV       120.9 189.2  13.9   0.1 3   0.0 999.9 0   1.0 3   0.0 999.9 0
HYB        71.1 274.1  38.6   0.1 3   0.0 999.9 0   1.0 3   0.0 999.9 0  20.0 3   0.0  78.5 0
INU        24.3 231.0  34.6   1.0 3   0.0 999.9 0  20.0 3   0.0  38.1 0
KIP        45.1 118.5 325.7   0.1 3   0.0 999.9 0   1.0 3   0.0 999.9 0  20.0 3  20.0  80.0 0
MBO       112.2 356.9   1.9   0.1 3   0.0 999.9 0   1.0 3   0.0 999.9 0   5.0 3   0.0 363.6 0
NOU        75.6 174.0 356.1   5.0 3  17.6  49.6 4
PAF       127.4 235.6  49.0   0.1 3   0.0 999.9 0   1.0 3   0.0 172.6 0
PPT        83.0 132.1 332.3   0.1 3   0.0 999.9 0
RER       115.2 268.4  39.9   0.1 3   0.0 539.9 0
SCZ        55.1  73.9 314.5   0.1 3   0.0 999.9 0
SSB        79.2 342.7  14.6   0.1 3   0.0 999.9 0   1.0 3   0.0 999.9 0   5.0 3   0.0 999.9 0  20.0 3  13.9  73.9 0
TAM       100.8 336.3  15.1   0.1 3   0.0 999.9 0
WFM        74.4  36.8 331.0   0.1 3   0.0 999.9 0
WUS        53.2 291.7  47.3   0.1 3   0.0 999.9 0   1.0 3   0.0 999.9 0  20.0 3   0.7  60.7 0

  1990  3  1   7 35 21.6    51.880  -175.140   20.8  5.0  0.0  seed seed.dat                  030190B
AGD       108.7 320.6  23.7   0.1 3   0.0 807.7 0
BNG       122.6 343.8  10.0   0.1 3   0.0 999.9 0   1.0 3   0.0 999.9 0
CAY       105.5  60.1 327.3   0.1 3   0.0 999.9 0
CRZF      149.3 262.0  63.0   1.0 3   0.0 999.9 0
DRV       123.2 199.7  31.6   0.1 3   0.0 999.9 0   1.0 3   0.0 999.9 0
HYB        86.1 293.5  36.5   0.1 3   0.0 999.9 0   1.0 3   0.0 999.9 0
INU        37.6 263.1  48.8   1.0 3   0.0 996.9 0
KIP        33.2 149.9 340.5   0.1 3   0.0 999.9 0   1.0 3   0.0 999.9 0
MBO       111.2  22.6 345.7   0.1 3   0.0 999.9 0   1.0 3   0.0 999.9 0   5.0 3   0.0  51.6 0
NOU        75.6 197.8  11.8   5.0 3   1.6  33.6 0
PAF       139.8 247.3  61.0   0.1 3   0.0 999.9 0   1.0 3   0.0 999.9 0
PPT        72.8 154.4 343.7   0.1 3   0.0 999.9 0
RER       130.3 288.7  39.3   0.1 3   0.0 227.9 0
SCZ        40.4  90.4 309.7   0.1 3   0.0 999.9 0
SSB        83.0   0.2 359.8   0.1 3   0.0 999.9 0   1.0 3   0.0 999.9 0   5.0 3   0.0 999.9 0
TAM       105.5 359.4   0.4   0.1 3   0.0 999.9 0
WFM        65.0  52.2 318.5   0.1 3   0.0 999.9 0
WUS        67.0 308.0  40.3   0.1 3   0.0 999.9 0   1.0 3   0.0 999.9 0

  1990  3  1  16  6  0.4    -7.660   121.650   33.5  5.5  5.0  seed seed.dat                  030190C
AGD        80.7 283.0  99.7   0.1 3   0.0 297.0 0
BNG       103.5 272.7  96.7   0.1 3   0.0 999.9 0   1.0 3   0.0 999.9 0
CAY       173.4 245.4 114.0   0.1 3   0.0 999.9 0
CRZF       70.6 223.5  80.6   1.0 3   0.0 999.9 0
DRV        60.3 171.7 338.9   0.1 3   0.0 999.9 0   1.0 3   0.0 999.9 0
HYB        49.4 300.7 116.7   0.1 3   0.0 999.9 0   1.0 3   0.0 999.9 0
INU        45.3  17.8 201.8   1.0 3   0.0 486.3 0
KIP        83.9  67.5 259.5   0.1 3   0.0 999.9 0   1.0 3   0.0 999.9 0  20.0 3   0.0  51.4 0
MBO       138.9 282.9  84.9   0.1 3   0.0 999.9 0   1.0 3   0.0 999.9 0   5.0 3   0.0 999.9 0
NOU        45.3 113.5 281.4   5.0 3   3.0  55.0 0
PAF        59.7 216.3  63.9   0.1 3   0.0 999.9 0   1.0 3   0.0 999.9 0   5.0 3   6.0  38.0 0
PPT        86.5 107.2 263.0   0.1 3   0.0 999.9 0
SCZ       116.1  53.1 280.6   0.1 3   0.0 999.9 0
SSB       114.4 316.3  75.3   0.1 3   0.0 999.9 0   1.0 3   0.0 999.9 0   5.0 3   0.0 999.9 0
TAM       117.0 291.5  86.8   0.1 3   0.0 999.9 0
WFM       143.2  16.4 338.1   0.1 3   0.0 999.9 0
WUS        62.4 324.9 130.8   0.1 3   0.0 999.9 0   1.0 3   0.0 999.9 0  20.0 3  12.1  72.1 0

  1990  3  1  21 40 56.6    30.370   130.340   55.2  5.2  5.4  seed seed.dat                  030190D
BNG       106.3 285.5  56.7   0.1 3   0.0 999.9 0   1.0 3   0.0 999.9 0
CAY       144.7   4.6 356.0   0.1 3   0.0 999.9 0
CRZF      104.2 224.5  61.1   1.0 3   0.0 999.9 0
DRV        97.2 176.1 351.6   0.1 3   0.0 999.9 0   1.0 3   0.0 999.9 0
HYB        48.7 267.0  64.6   0.1 3   0.0 999.9 0   1.0 3   0.0 999.9 0
INU         7.5  46.8 230.4   1.0 3   0.0 151.3 0  20.0 3   0.0  36.6 0
KIP        64.1  79.3 294.3   0.1 3   0.0 999.9 0   1.0 3   0.0 999.9 0
MBO       125.4 320.2  34.9   0.1 3   0.0 999.9 0   1.0 3   0.0 802.0 0   5.0 3   0.0 678.1 0
NOU        62.7 142.1 325.1   5.0 3   0.0 112.1 1
PAF        95.8 214.8  49.0   0.1 3   0.0 999.9 0   1.0 3   0.0 999.9 0
PPT        90.6 109.8 301.5   0.1 3   0.0 999.9 0
SCZ        85.3  49.9 304.7   0.1 3   0.0 999.9 0
SSB        89.9 325.2  44.4   0.1 3   0.0 999.9 0   1.0 3   0.0 999.9 0   5.0 3   0.0 999.9 0
TAM       105.1 308.5  47.2   0.1 3   0.0 999.9 0
WFM       104.5  16.4 340.7   0.1 3   0.0 999.9 0
WUS        42.3 299.3  87.9   0.1 3   0.0 999.9 0   1.0 3   0.0 999.9 0

  1990  3  2  22  6 26.6   -21.880  -174.680   15.0  5.5  4.9  seed seed.dat                  030290A
AGD       142.7 259.8 110.8   0.1 3   0.0 999.9 0
BNG       158.4 217.9 144.6   0.1 3   0.0 999.9 0   1.0 3   0.0 999.9 0
CAY       121.8  98.2 247.5   0.1 3   0.0 999.9 0
CRZF       99.9 210.6 136.9   1.0 3   0.0 999.9 0
DRV        53.1 200.7  55.7   0.1 3   0.0 999.9 0   1.0 3   0.0 999.9 0
HYB       111.5 280.6 107.0   0.1 3   0.0 999.9 0   1.0 3   0.0 999.9 0
INU        73.1 320.3 133.4   1.0 3   0.0 999.9 0
KIP        46.1  21.8 201.8   0.1 3   0.0 999.9 0   1.0 3   0.0 999.9 0
MBO       157.6 106.3 247.8   0.1 3   0.0 999.9 0   1.0 3   0.0 999.9 0
NOU        17.6 265.7  92.9   5.0 3   0.0  46.6 0
PAF        88.6 216.2 122.9   0.1 3   0.0 999.9 0   1.0 3   0.0 999.9 0
PPT        24.0  84.2 255.6   0.1 3   0.0 999.9 0
RER       114.7 232.3 128.1   0.1 3   0.0 999.9 0
SCZ        77.0  41.5 230.0   0.1 3   0.0 999.9 0
SSB       156.6   1.4 358.2   0.1 3   0.0 999.9 0   1.0 3   0.0 999.9 0   5.0 3   0.0 999.9 0
TAM       179.1 343.4   9.2   0.1 3   0.0 999.9 0
WFM       114.0  52.0 262.1   0.1 3   0.0 999.9 0
WUS       116.0 306.1  96.8   0.1 3   0.0 999.9 0   1.0 3   0.0 999.9 0

  1990  3  3   5 11 33.3    32.140   139.310  145.9  5.3  0.0  seed seed.dat                  030390A
AGD        89.3 283.3  57.4   0.1 3   0.0 999.9 0
BNG       113.0 291.6  52.4   0.1 3   0.0 624.3 0   1.0 3   0.0 704.4 0
CAY       141.4  18.7 344.1   0.1 3   0.0 999.9 0
CRZF      111.0 227.9  65.4   1.0 3   0.0 999.9 0
DRV        98.6 179.7 359.4   0.1 3   0.0 999.9 0   1.0 3   0.0 999.9 0
HYB        56.4 270.5  62.6   0.1 3   0.0 999.9 0   1.0 3   0.0 999.9 0
INU         3.7 329.9 148.7   1.0 3   0.0 999.9 0  20.0 3   0.0  34.0 0
KIP        56.2  84.3 295.1   0.1 3   0.0 999.9 0   1.0 3   0.0 999.9 0
MBO       128.3 330.3  25.8   0.1 3   0.0 999.9 0   1.0 3   0.0 999.9 0
NOU        59.9 150.8 333.5   5.0 3   0.0 999.9 0
PAF       101.8 218.7  54.2   0.1 3   0.0 999.9 0   1.0 3   0.0 999.9 0
PPT        84.2 114.7 306.1   0.1 3   0.0 999.9 0
RER        95.9 249.0  58.0   0.1 3   0.0 999.9 0
SCZ        78.1  54.1 301.3   0.1 3   0.0 653.5 0
SSB        92.5 330.0  37.0   0.1 3   0.0 999.9 0   1.0 3   0.0 999.9 0   5.0 3   0.0 999.9 0  20.0 3  11.7  71.7 0
TAM       109.6 315.1  40.5   0.1 3   0.0 999.9 0
WFM       100.3  22.5 333.9   0.1 3   0.0 999.9 0
WUS        48.1 298.7  80.5   0.1 3   0.0 999.9 0   1.0 3   0.0 999.9 0

  1990  3  3  12 16 26.9   -22.050   175.350   25.3  6.4  7.5  seed seed.dat                  030390B
AGD       133.5 264.7 109.3   0.1 3   0.0 999.9 0   5.0 3   0.0 229.8 0
BNG       151.5 235.0 129.9   0.1 3   0.0 199.4 0   1.0 3   0.0 279.5 0   5.0 3   0.0  91.5 0
CAY       130.9 103.4 245.2   0.1 3   0.0 999.9 0   5.0 3   0.0 230.4 0
CRZF       94.7 215.3 129.2   1.0 3   0.0 999.9 0
DRV        49.9 197.5  44.6   0.1 3   0.0 999.9 0   1.0 3   0.0 999.9 0   5.0 3   0.0 263.6 0
HYB       102.5 283.7 109.2   0.1 3   0.0 999.9 0   1.0 3   0.0 999.9 0  20.0 3   0.0  45.5 0
INU        67.8 326.7 141.5   1.0 3   0.0 999.9 0  20.0 3   0.0  43.1 0
KIP        50.5  32.9 212.7   0.1 3   0.0 999.9 0   1.0 3   0.0 999.9 0  20.0 3   0.0  34.9 0
MBO       166.0 122.0 235.7   0.1 3   0.0 999.9 0   1.0 3   0.0 999.9 0   5.0 3   0.0 422.5 0
NOU         8.4 268.0  91.4   5.0 3   0.0 700.5 0
PAF        82.8 219.4 115.7   0.1 3   0.0 999.9 0   1.0 3   0.0 999.9 0   5.0 3   0.0  75.5 0
PPT        33.2  88.7 256.4   0.1 3   0.0 999.9 0
RER       107.0 238.0 122.6   0.1 3   0.0 999.9 0   5.0 3   0.0 239.4 0
SCZ        83.5  46.4 236.6   0.1 3   0.0 228.6 0   5.0 3   0.0 103.4 0
SSB       155.6 344.0  20.7   0.1 3   0.0 999.9 0   1.0 3   0.0 999.9 0   5.0 3   0.0 999.9 0  20.0 3   0.0  54.8 0
TAM       170.6 274.8  85.8   0.1 3   0.0 999.9 0
WFM       121.5  52.9 268.4   0.1 3   0.0 999.9 0   5.0 3   0.0 111.4 0
WUS       108.7 307.5 103.0   0.1 3   0.0 999.9 0   1.0 3   0.0 999.9 0  20.0 3   0.0  45.6 0

  1990  3  4  17 21 46.1   -15.680   168.620   33.0  5.5  4.6  seed seed.dat                  030490A
AGD       127.3 272.5 100.8   0.1 3   0.0 999.9 0
CAY       138.4 100.6 252.1   0.1 3   0.0 999.9 0
CRZF       96.0 218.3 120.3   1.0 3   0.0 999.9 0
DRV        54.3 193.6  34.6   0.1 3   0.0 999.9 0   1.0 3   0.0 999.9 0
HYB        94.7 286.6 104.8   0.1 3   0.0 999.9 0   1.0 3   0.0 999.9 0
INU        59.0 330.0 143.8   1.0 3   0.0 999.9 0
KIP        49.4  42.6 224.4   0.1 3   0.0 999.9 0   1.0 3   0.0 310.7 0
MBO       174.5 104.7 257.8   0.1 3   0.0 911.1 0   1.0 3   0.0 941.2 0
NOU         6.8 198.6  19.3   5.0 3   0.0 395.2 0
PAF        83.6 220.6 106.7   0.1 3   0.0 999.9 0   1.0 3   0.0 999.9 0
PPT        40.0  98.8 266.3   0.1 3   0.0 999.9 0
RER       104.6 242.6 113.6   0.1 3   0.0 999.9 0
SSB       147.6 338.7  29.2   0.1 3   0.0 999.9 0   1.0 3   0.0 999.9 0   5.0 3   0.0 999.9 0
TAM       162.5 295.9  68.2   0.1 3   0.0 999.9 0
WFM       122.4  49.4 278.9   0.1 3   0.0 999.9 0
WUS        99.8 310.0 102.0   0.1 3   0.0 999.9 0   1.0 3   0.0 999.9 0

  1990  3  4  19 46 22.1    28.660    66.160   28.0  5.7  6.1  seed seed.dat                  030490B
AGD        27.7 236.8  48.5   0.1 3   0.0 999.9 0
CAY       112.1 289.3  56.5   0.1 3   0.0 999.9 0   5.0 3  40.4 160.4 0
CRZF       76.0 190.2  13.0   1.0 3   0.0 999.9 0
DRV       110.0 155.9 296.0   0.1 3   0.0 999.9 0   1.0 3   0.0 999.9 0   5.0 3  29.6  61.6 0
HYB        16.0 131.8 316.7   0.1 3   0.0 999.9 0   1.0 3   0.0 999.9 0  20.0 3   0.0  36.2 0
INU        59.3  63.8 285.2   1.0 3   0.0 999.9 0  20.0 3   0.0  57.2 0
KIP       114.4  45.3 317.9   0.1 3   0.0 999.9 0   1.0 3   0.0 166.1 0  20.0 3  31.0  91.0 0
MBO        77.3 279.7  63.4   0.1 3   0.0 766.5 0   1.0 3   0.0 796.6 0   5.0 3   4.6 116.6 0
NOU       108.8 105.1 293.8   5.0 3   0.0 250.6 0
PAF        77.9 177.3 356.3   0.1 3   0.0 999.9 0   1.0 3   0.0 999.9 0   5.0 3   1.6  61.6 0
PPT       145.5  78.7 294.8   0.1 3   0.0 999.9 0
RER        50.7 192.6  11.9   0.1 3   0.0 999.9 0
SSB        50.7 306.7  86.9   0.1 3   0.0 999.9 0   1.0 3   0.0 999.9 0   5.0 3   0.0 999.9 0  20.0 3   0.0  56.9 0
TAM        54.4 278.7  70.2   0.1 3   0.0 999.9 0
WFM        98.9 329.9  36.7   0.1 3   0.0 999.9 0
WUS        16.4  37.0 224.6   0.1 3   0.0 999.9 0   1.0 3   0.0 999.9 0  20.0 3   0.0  35.7 0

  1990  3  5  16 38 15.0   -18.350   168.040   36.9  5.6  7.1  seed seed.dat                  030590A
AGD       126.8 270.6 104.2   0.1 3   0.0 999.9 0   5.0 3   0.0  70.2 0
BNG       147.1 248.5 117.2   0.1 3   0.0 659.0 0   1.0 3   0.0 654.1 0   5.0 3   0.0  95.1 0
CAY       138.4 103.9 248.0   0.1 3   0.0 999.9 0   5.0 3   0.0  84.6 0
CRZF       93.6 218.4 121.5   1.0 3   0.0 999.9 0
DRV        51.6 193.8  34.7   0.1 3   0.0 999.9 0   1.0 3   0.0 999.9 0   5.0 3   0.0 217.7 0
HYB        94.9 286.5 107.5   0.1 3   0.0 999.9 0   1.0 3   0.0 999.9 0  20.0 3   0.0  44.3 0
INU        61.1 331.2 145.9   1.0 3   0.0 999.9 0  20.0 3   0.0  41.3 0
KIP        51.7  41.6 222.6   0.1 3   0.0 999.9 0   1.0 3   0.0 999.9 0  20.0 3   0.0  43.1 0
MBO       173.8 130.3 231.3   0.1 3   0.0 999.9 0   1.0 3   0.0 999.9 0   5.0 3   0.0 343.7 0
NOU         4.1 203.3  23.9   5.0 3   0.0 234.7 0
PAF        81.2 220.9 108.0   0.1 3   0.0 999.9 0   1.0 3   0.0 999.9 2   5.0 3   0.0 233.7 0
PPT        40.2  95.8 262.1   0.1 3   0.0 999.9 0
RER       102.9 242.3 115.8   0.1 3   0.0 999.9 0   5.0 3   7.5 127.5 0
SCZ        86.1  49.6 244.0   0.1 3   0.0 999.9 0   5.0 3   0.0 223.4 0
SSB       149.8 336.3  32.1   0.1 3   0.0 999.9 0   1.0 3   0.0 999.9 0   5.0 3   0.0 999.9 0  20.0 3   0.0 113.0 0
TAM       163.0 287.3  77.2   0.1 3   0.0 999.9 0
WFM       124.5  50.7 276.9   0.1 3   0.0 999.9 0   5.0 3   0.0 231.5 0
WUS       101.0 309.7 104.5   0.1 3   0.0 999.9 0   1.0 3   0.0 999.9 0  20.0 3   0.0  45.8 0

  1990  3  5  20 47  3.5    37.040    72.850   17.5  5.8  6.0  seed seed.dat                  030590B
AGD        37.1 234.5  41.6   0.1 3   0.0 999.9 0
BNG        59.3 250.6  49.1   0.1 3   0.0 410.2 0   1.0 3   0.0 405.3 0
CAY       114.0 297.1  45.7   0.1 3   0.0 999.9 0
CRZF       85.4 194.4  16.8   1.0 3   0.0 999.9 0
DRV       115.4 155.9 305.2   0.1 3   0.0 999.9 0   1.0 3   0.0 999.9 0   5.0 3  36.9  64.9 0
HYB        20.2 164.0 346.7   0.1 3   0.0 999.9 0   1.0 3   0.0 999.9 0  20.0 3   0.0  35.5 0
INU        50.9  71.3 292.0   1.0 3   0.0 999.9 0  20.0 3   0.0  40.5 0
KIP       104.5  48.1 320.2   0.1 3   0.0 999.9 0   1.0 3   0.0 999.9 0  20.0 3  26.3  86.3 0
MBO        81.3 281.6  54.0   0.1 3   0.0 999.9 0   1.0 3   0.0 999.9 0   5.0 3   0.0  94.9 0
NOU       105.7 105.8 303.8   5.0 3   5.9 181.9 0
PAF        86.2 181.7   2.1   0.1 3   0.0 999.9 0   1.0 3   0.0 999.9 0   5.0 3  20.9  60.9 0
PPT       138.0  73.7 306.0   0.1 3   0.0 999.9 0
RER        60.2 198.5  15.8   0.1 3   0.0 999.9 0
SCZ       105.4  11.8 348.2   0.1 3   0.0 999.9 0
SSB        50.6 302.1  73.9   0.1 3   0.0 999.9 0   1.0 3   0.0 999.9 0   5.0 3   0.0 999.9 0
TAM        58.9 276.5  59.4   0.1 3   0.0 999.9 0
WFM        94.2 334.5  27.8   0.1 3   0.0 999.9 0
WUS         6.5  48.0 232.1   0.1 3   0.0 999.9 0   1.0 3   0.0 999.9 0  20.0 3   0.0  33.0 0

  1990  3  6  13 30 59.1   -11.520   117.620   33.0  5.6  5.1  seed seed.dat                  030690A
AGD        77.7 284.5 104.5   0.1 3   0.0 629.0 0
BNG        99.8 272.5 100.8   0.1 3   0.0 111.5 0   1.0 3   0.0 171.6 0
CAY       168.1 236.9 123.6   0.1 3   0.0 629.0 0
CRZF       65.1 224.0  80.4   1.0 3   0.0 629.0 0
DRV        57.1 169.6 333.6   0.1 3   0.0 629.0 0   1.0 3   0.0 629.0 0
HYB        48.2 306.1 123.9   0.1 3   0.0 629.0 0   1.0 3   0.0 629.0 0
INU        50.2  20.7 205.2   1.0 3   0.0 628.9 0
KIP        89.0  68.1 257.4   0.1 3   0.0 629.0 0   1.0 3   0.0 628.9 0
MBO       135.7 278.6  91.6   0.1 3   0.0 629.0 0   1.0 3   0.0 629.0 0
NOU        47.6 109.4 274.4   5.0 3   6.0 146.0 0
PAF        54.3 216.3  62.8   0.1 3   0.0 629.0 0   1.0 3   0.0 629.0 0   5.0 3   5.0  33.0 0
PPT        89.2 107.7 258.1   0.1 3   0.0 629.0 0
RER        59.8 252.2  91.4   0.1 3   0.0 629.1 0
SCZ       121.6  54.2 279.8   0.1 3   0.0 629.0 0
SSB       114.3 314.5  81.4   0.1 3   0.0 629.0 0   1.0 3   0.0 526.4 0   5.0 3   0.0 628.2 0
TAM       114.6 289.7  92.4   0.1 3   0.0 511.5 0
WFM       148.0  12.8 343.2   0.1 3   0.0 629.1 0
WUS        63.4 328.3 137.0   0.1 3   0.0 629.0 0   1.0 3   0.0 629.0 0

  1990  3  6  18  7  6.1    37.180    72.840   33.0  5.0  4.8  seed seed.dat                  030690B
AGD        37.2 234.4  41.4   0.1 3   0.0 352.9 0
CAY       113.9 297.2  45.6   0.1 3   0.0 352.9 0
CRZF       85.5 194.4  16.7   1.0 3   0.0 352.9 0
DRV       115.5 155.9 305.3   0.1 3   0.0 352.9 0   1.0 3   0.0 352.9 0
HYB        20.4 164.1 346.8   0.1 3   0.0 352.9 0   1.0 3   0.0 352.9 0  20.0 3   0.0  39.5 0
INU        50.8  71.4 292.2   1.0 3   0.0 352.8 0
KIP       104.4  48.1 320.3   0.1 3   0.0 352.8 0   1.0 3   0.0 352.8 0
MBO        81.2 281.5  53.8   0.1 3   0.0 352.9 0   1.0 3   0.0 352.9 0   5.0 3   0.0  30.9 0
NOU       105.7 105.7 304.0   5.0 3   0.0 169.9 0
PAF        86.4 181.7   2.1   0.1 3   0.0 352.9 0   1.0 3   0.0 352.9 0
PPT       138.0  73.6 306.2   0.1 3   0.0 352.9 0
RER        60.4 198.5  15.7   0.1 3   0.0 353.0 0
SCZ       105.2  11.8 348.3   0.1 3   0.0 352.9 0
SSB        50.5 302.0  73.7   0.1 3   0.0 352.9 0   1.0 3   0.0 250.2 0   5.0 3   0.0 352.1 0
TAM        58.9 276.4  59.3   0.1 3   0.0 235.4 0
WFM        94.0 334.5  27.7   0.1 3   0.0 352.9 0
WUS         6.4  49.0 233.1   0.1 3   0.0 352.9 0   1.0 3   0.0 352.9 0  20.0 3   0.0  33.0 0

  1990  3  6  21 39 51.3    37.200    73.080   17.4  5.2  4.8  seed seed.dat                  030690C
AGD        37.3 234.6  41.6   0.1 3   0.0 140.2 0
CAY       114.1 297.4  45.5   0.1 3   0.0 140.1 0
CRZF       85.6 194.6  16.9   1.0 3   0.0 140.1 0
DRV       115.4 156.0 305.5   0.1 3   0.0 140.1 0   1.0 3   0.0 140.1 0
HYB        20.3 164.8 347.3   0.1 3   0.0 140.1 0   1.0 3   0.0 140.1 0  20.0 3   0.0  40.7 0
INU        50.6  71.6 292.1   1.0 3   0.0 140.1 0
KIP       104.3  48.3 320.2   0.1 3   0.0 140.1 0   1.0 3   0.0 140.1 0
MBO        81.4 281.7  53.8   0.1 3   0.0 140.1 0   1.0 3   0.0 140.1 0   5.0 3   6.1  42.1 0
PAF        86.4 181.9   2.3   0.1 3   0.0 140.1 0   1.0 3   0.0 140.1 0
PPT       137.8  73.7 306.1   0.1 3   0.0 140.1 0
RER        60.5 198.7  15.9   0.1 3   0.0 140.2 0
SCZ       105.2  12.0 348.1   0.1 3   0.0 140.2 0
SSB        50.7 302.0  73.6   0.1 3   0.0 140.1 0   1.0 3   0.0 140.1 1   5.0 3   0.0 139.3 0
TAM        59.1 276.5  59.2   0.1 3   0.0  22.7 0
WFM        94.1 334.7  27.6   0.1 3   0.0 140.2 0
WUS         6.2  48.2 232.0   0.1 3   0.0 140.1 0   1.0 3   0.0 140.1 0  20.0 3   0.0  34.2 0
