  1992  1  2  16 40 40.7    48.530  -129.700   23.2  5.7  6.0  seed seed.dat                  010292B
BNG       120.3  37.3 336.1   0.1 3   0.0 239.2 1   1.0 3   5.2  54.3 0   5.0 3  37.3  69.3 0
CAN       110.5 239.8  44.7   0.1 3   0.0 362.2 1   1.0 3   4.8 347.1 0
CRZF      177.7 336.4  31.0   0.1 3   0.0 999.9 0   1.0 3  10.2 345.9 0   5.0 3  35.3  99.3 0
DRV       133.5 213.5  66.4   0.1 3   0.0 999.9 1   1.0 3   6.2 345.6 0  20.0 3  39.7 159.7 0
ECH        76.5  28.0 332.2   0.1 3   0.0 999.9 1   1.0 3   1.8 342.9 0  20.0 3   0.0  53.9 0
INU        66.4 297.2  46.3   0.1 3   0.0 999.9 1   1.0 3   0.7 346.6 0  20.0 3   1.9  61.9 0
KIP        35.3 230.0  33.1   0.1 3   0.0 999.9 0   1.0 3   0.0 343.2 0  20.0 3   0.0  51.3 0
MBO        93.6  63.4 322.2   0.1 3   0.0 959.1 1   1.0 3   3.2 189.3 0   5.0 3   9.3  93.3 0
PPT        68.3 200.5  14.1   0.1 3   0.0 999.9 1   1.0 3   1.0 342.8 0
RER       152.3 349.1   7.9   0.1 3   0.0 999.9 1   1.0 3  30.2  49.9 0
SEY        43.2 319.3  71.4   0.1 3   0.0 999.9 1   1.0 3   0.0 344.8 0  20.0 3   0.0  50.2 0
SSB        78.2  31.0 331.0   0.1 3   0.0 999.9 1   1.0 3   2.0 342.8 0  20.0 3   6.4  66.4 0
SSB2       78.2  31.0 331.0   0.1 3   0.0 999.9 0
TAM        98.4  40.9 331.8   0.1 3   0.0 999.9 0   1.0 3   3.6 342.8 0  20.0 3  23.9  83.9 0
UNM        38.1 129.0 326.9   0.1 3   0.0 999.9 1   1.0 3   0.0 336.8 0  20.0 3   0.0  41.1 0
WFM        40.2  75.8 299.2   0.1 3   0.0 999.9 1   5.0 3   0.0  98.9 0

  1992  1  2  19 41 45.8     5.960   -74.140  139.5  5.8  0.0  seed seed.dat                  010292C
BNG        92.2  85.3 276.1   0.1 3   0.0  58.1 1   1.0 3   0.0  73.2 1
CAN       130.7 227.6 116.5   0.1 3   0.0 181.2 1   1.0 3   0.0 166.0 0
CRZF      118.6 140.4 246.1   0.1 3   0.0 999.9 0   1.0 3   0.0 164.8 0
DRV       115.0 194.3 142.1   0.1 3   0.0 999.9 1   1.0 3   0.0 164.5 0
ECH        79.8  42.2 267.7   0.1 3   0.0 999.9 1   1.0 3   0.0 161.8 0  20.0 3   9.8  69.8 0
INU       129.4 326.8  41.6   0.1 3   0.0 999.9 1   1.0 3   0.0 165.5 0
KIP        82.2 290.8  86.6   0.1 3   0.0 999.9 0   1.0 3   0.0 162.1 0
MBO        56.8  76.7 267.8   0.1 3   0.0 778.1 1   1.0 3   0.0   8.2 0   5.0 3   4.2  32.2 0
PPT        78.0 250.7  79.9   0.1 3   0.0 999.9 1   1.0 3   0.0 161.7 0
RER       129.2 112.3 259.9   0.1 3   0.0 999.9 1   1.0 3   0.0  35.8 1
SEY       102.7 340.1  47.6   0.1 3   0.0 999.9 1   1.0 3   0.0 163.7 0
SSB        77.8  45.1 266.3   0.1 3   0.0 999.9 1   1.0 3   0.0 161.7 0
SSB2       77.8  45.1 266.3   0.1 3   0.0 999.9 0
TAM        78.2  68.0 271.7   0.1 3   0.0 999.9 0   1.0 3   0.0 161.7 0
UNM        27.8 300.9 115.3   0.1 3   0.0 999.9 1   1.0 3   0.0 155.7 0  20.0 3   0.0  38.1 0
WFM        36.6   3.3 184.4   0.1 3   0.0 999.9 1

  1992  1  3   3 39 24.0   -48.940   124.200   15.0  5.3  5.4  seed seed.dat                  010392B
BNG       103.6 260.8 139.2   0.1 3   0.0 999.9 0
CAN        22.7  62.5 225.6   0.1 3   0.0 999.9 0  20.0 3   0.0  36.2 0
CRZF       47.0 244.1 120.9   0.1 3   0.0 999.9 0   5.0 3   0.6  28.6 0
DRV        19.5 161.1 327.5   0.1 3   0.0 999.9 1  20.0 3   0.0  36.0 0
ECH       139.5 293.2 115.0   0.1 3   0.0 999.9 1
INU        84.9  10.5 188.5   0.1 3   0.0 999.9 1
KIP        98.3  67.1 220.7   0.1 3   0.0 999.9 0
MBO       133.1 236.0 145.4   0.1 3   0.0 300.4 1   5.0 3  38.6  70.6 0
PPT        74.5  99.1 223.0   0.1 3   0.0 999.9 1
RER        60.2 271.3 135.1   0.1 3   0.0 999.9 1
SEY       113.9  13.7 200.0   0.1 3   0.0 999.9 1
SSB       139.8 287.9 117.1   0.1 3   0.0 999.9 1
SSB2      139.8 287.9 117.1   0.1 3   0.0 999.9 0
TAM       125.6 264.1 134.5   0.1 3   0.0 999.9 0
UNM       134.4 115.2 219.5   0.1 3   0.0 999.9 1  20.0 3  35.4  95.4 0
WFM       167.4 115.7 236.0   0.1 3   0.0 999.9 1

  1992  1  4   0 56 57.6    67.110   -94.420   15.0  5.3  4.9  seed seed.dat                  010492A
BNG        94.6  66.9 338.8   0.1 3   0.0 352.9 0
CAN       132.4 279.0  28.4   0.1 3   0.0 999.9 0
CRZF      152.9  56.8 331.2   0.1 3   0.0 999.9 0
DRV       159.3 246.5  64.3   0.1 3   0.0 999.9 1
ECH        50.7  57.6 330.4   0.1 3   0.0 999.9 1  20.0 3   0.0  56.6 0
INU        70.5 317.4  18.9   0.1 3   0.0 999.9 1
KIP        60.2 254.1  23.8   0.1 3   0.0 999.9 0  20.0 3   3.0  63.0 0
MBO        71.9  95.8 336.3   0.1 3   0.0 999.9 0
PPT        93.7 231.8  18.8   0.1 3   0.0 999.9 1
RER       130.3  37.3 345.1   0.1 3   0.0 999.9 1
SEY        41.5 320.7  32.8   0.1 3   0.0 999.9 1  20.0 3   0.0  53.9 0
SSB        52.4  61.5 330.9   0.1 3   0.0 999.9 1  20.0 3   2.1  62.1 0
SSB2       52.4  61.5 330.9   0.1 3   0.0 999.9 0
TAM        72.9  71.8 336.3   0.1 3   0.0 999.9 0
UNM        47.9 186.1   2.5   0.1 3   0.0 999.9 1  20.0 3   0.0  57.9 0
WFM        27.5 141.5 340.8   0.1 3   0.0 999.9 1

  1992  1  4   3 35 21.6    31.660    69.940   29.0  5.1  5.0  seed seed.dat                  010492B
BNG        55.2 251.7  54.2   0.1 3   0.0 194.5 0
CAN        99.8 125.3 301.7   0.1 3   0.0 999.9 0
CRZF       79.6 192.6  15.7   0.1 3   0.0 999.9 0
DRV       111.4 156.2 300.5   0.1 3   0.0 999.9 1
ECH        49.5 308.6  85.4   0.1 3   0.0 999.9 1  20.0 3   0.0  52.2 0
INU        55.0  66.6 286.8   0.1 3   0.0 999.9 1
KIP       109.9  47.3 317.7   0.1 3   0.0 999.9 0
MBO        80.0 280.9  59.8   0.1 3   0.0 999.9 0
PPT       141.7  77.6 298.7   0.1 3   0.0 999.9 1
RER        54.4 196.4  14.9   0.1 3   0.0 999.9 1
SEY        58.9  31.9 279.4   0.1 3   0.0 999.9 1
SSB        51.6 305.1  81.3   0.1 3   0.0 999.9 1
SSB2       51.6 305.1  81.3   0.1 3   0.0 999.9 0
TAM        57.2 278.3  66.1   0.1 3   0.0 999.9 0  20.0 3   9.2  69.2 0
UNM       128.1 347.0  11.8   0.1 3   0.0 999.9 1
WFM        97.9 332.4  32.4   0.1 3   0.0 999.9 1

  1992  1  6  14 28 15.5     1.370   123.080   47.9  5.3  0.0  seed seed.dat                  010692B
BNG       104.4 274.9  87.4   0.1 3   0.0 999.9 0
CAN        43.9 148.9 320.8   0.1 3   0.0 999.9 0
CRZF       78.2 222.0  75.4   0.1 3   0.0 999.9 0
DRV        69.0 172.9 341.8   0.1 3   0.0 999.9 1
ECH       105.9 321.3  69.0   0.1 3   0.0 999.9 1
INU        36.3  19.5 204.1   0.1 3   0.0 999.9 1
KIP        79.2  68.6 267.3   0.1 3   0.0 571.6 0
PPT        87.9 107.5 272.0   0.1 3   0.0 999.9 1
RER        69.5 246.9  80.2   0.1 3   0.0 999.9 1
SEY        65.2  14.3 212.7   0.1 3   0.0 999.9 1
SSB       108.6 319.1  67.7   0.1 3   0.0 999.9 1
SSB2      108.6 319.1  67.7   0.1 3   0.0 999.9 0
TAM       114.7 295.8  77.1   0.1 3   0.0 999.9 0
UNM       133.7  61.4 291.8   0.1 3   0.0 999.9 1
WFM       134.2  15.0 339.6   0.1 3   0.0 571.6 1

  1992  1  6  21 26  1.3    -6.400   146.610  102.2  5.4  0.0  seed seed.dat                  010692E
BNG       128.3 270.5  94.6   0.1 3   0.0 999.9 0
CAN        28.9 176.0 355.1   0.1 3   0.0 999.9 0
CRZF       88.7 223.6  98.0   0.1 3   0.0 999.9 0
DRV        60.4 183.0   7.6   0.1 3   0.0 999.9 1
ECH       125.9 327.5  52.7   0.1 3   0.0 999.9 1
INU        42.6 348.4 165.8   0.1 3   0.0 999.9 1
KIP        61.0  61.3 249.4   0.1 3   0.0 153.8 0
MBO       162.0 297.2  65.0   0.1 3   0.0 999.9 0
PPT        63.1 106.4 271.6   0.1 3   0.0 999.9 1
RER        88.5 249.0  96.4   0.1 3   0.0 999.9 1
SEY        69.4   2.8 186.1   0.1 3   0.0 999.9 1
SSB       129.1 325.9  51.7   0.1 3   0.0 999.9 1
SSB2      129.1 325.9  51.7   0.1 3   0.0 999.9 0
TAM       139.1 297.5  72.2   0.1 3   0.0 999.9 0
UNM       114.9  71.8 272.1   0.1 3   0.0 999.9 1
WFM       130.7  37.0 306.4   0.1 3   0.0 153.9 1

  1992  1  7  17 25 55.3    45.940   151.270   56.7  5.3  4.6  seed seed.dat                  010792C
BNG       114.6 306.5  34.3   0.1 3   0.0 999.9 0
CAN        81.1 181.9   1.6   0.1 3   0.0 999.9 0
CRZF      126.7 238.5  59.4   0.1 3   0.0 999.9 0   5.0 3   0.0  22.1 0
DRV       112.8 184.9   8.5   0.1 3   0.0 999.9 1
ECH        80.9 336.7  24.4   0.1 3   0.0 999.9 1
INU        15.1 230.5  41.2   0.1 3   0.0 999.9 1
MBO       118.9 347.0   9.3   0.1 3   0.0 999.9 0
PPT        82.8 124.2 322.8   0.1 3   0.0 999.9 1
RER       108.7 258.9  47.3   0.1 3   0.0 999.9 1
SEY        17.0   1.7 182.6   0.1 3   0.0 999.9 1
SSB        84.4 337.2  22.6   0.1 3   0.0 999.9 1
SSB2       84.4 337.2  22.6   0.1 3   0.0 999.9 0
TAM       104.7 327.6  23.9   0.1 3   0.0 999.9 0
UNM        89.0  62.7 319.0   0.1 3   0.0 999.9 1
WFM        83.8  30.2 331.6   0.1 3   0.0 999.9 0

  1992  1  9  15 39  5.1    -9.330  -109.420   24.0  5.3  5.6  seed seed.dat                  010992D
BNG       128.2  91.8 261.7   0.1 3   0.0 999.9 0   1.0 3   5.8 135.8 0   5.0 3  43.0  74.9 0
CAN        93.9 233.4 104.4   0.1 3   0.0 999.9 0   1.0 3   3.3 133.3 0
CRZF      121.9 164.9 201.8   0.1 3   0.0 999.9 0   1.0 3   5.4 135.4 0
DRV        89.4 201.9 112.6   0.1 3   0.0 999.9 1   1.0 3   2.9 132.9 0  20.0 3  15.3  75.3 0
ECH       114.5  41.2 284.3   0.1 3   0.0 999.9 1   1.0 3   4.8 134.8 0  20.0 3  26.5  86.5 0
INU       114.5 304.5  83.7   0.1 3   0.0 999.9 1   1.0 3   4.8 134.8 0
KIP        56.7 303.2 117.5   0.1 3   0.0 999.9 0
MBO        94.7  76.3 261.7   0.1 3   0.0 999.9 0   1.0 3   3.3  44.9 0
PAF       121.4 179.7 180.4   0.1 3   0.0 999.9 0   1.0 3   5.4 135.4 0
PPT        39.8 253.8  83.5   0.1 3   0.0 999.9 1   1.0 3   0.0 127.6 0
RER       146.3 154.5 207.0   0.1 3   0.0 999.9 0   1.0 3   9.7 139.7 0
SEY       102.0 332.4  86.8   0.1 3   0.0 999.9 1   1.0 3   3.8 133.8 0
SSB       113.4  44.7 281.0   0.1 3   0.0 999.9 1   1.0 3   4.7 134.7 0
SSB2      113.4  44.7 281.0   0.1 3   0.0 999.9 0
TAM       116.5  69.3 271.0   0.1 3   0.0 999.9 0   1.0 3   4.9 134.9 0
UNM        30.3  19.5 200.4   0.1 3   0.0 999.9 1   1.0 3   0.0 126.2 0  20.0 3   0.0  42.7 0
WFM        62.3  30.9 223.4   0.1 3   0.0 999.9 0

  1992  1 10   0 38  7.8    13.380   121.030  126.7  5.1  0.0  seed seed.dat                  011092A
BNG       101.1 277.4  75.5   0.1 3   0.0 999.9 0
CAN        55.3 152.1 326.2   0.1 3   0.0 999.9 0
CRZF       85.9 220.5  66.0   0.1 3   0.0 999.9 0
DRV        81.2 172.5 341.3   0.1 3   0.0 999.9 1
ECH        95.2 322.2  63.2   0.1 3   0.0 999.9 1
INU        26.2  30.7 217.4   0.1 3   0.0 999.9 1
KIP        76.9  70.8 279.5   0.1 3   0.0 999.9 0
MBO       130.0 302.2  58.2   0.1 3   0.0 999.9 0
PAF        76.9 211.4  50.9   0.1 3   0.0 999.9 0
PPT        93.4 107.1 282.8   0.1 3   0.0 999.9 1
RER        72.7 242.7  67.9   0.1 3   0.0 999.9 0
SEY        54.2  17.0 218.7   0.1 3   0.0 999.9 1
SSB        98.2 320.4  61.5   0.1 3   0.0 861.7 1
SSB2       98.2 320.4  61.5   0.1 3   0.0 999.9 0
TAM       107.3 299.3  66.8   0.1 3   0.0 999.9 0
UNM       128.7  51.3 306.5   0.1 3   0.0 999.9 1
WFM       123.0  11.0 345.5   0.1 3   0.0 999.9 0

  1992  1 10  14 46 18.7     3.240   127.960   26.7  4.9  5.0  seed seed.dat                  011092D
BNG       109.1 275.8  85.0   0.1 3   0.0 999.9 0
CAN        43.2 154.6 328.3   0.1 3   0.0 999.9 0  20.0 3   0.0  59.3 0
CRZF       82.8 222.6  77.8   0.1 3   0.0 999.9 0
DRV        70.4 174.9 347.2   0.1 3   0.0 999.9 1  20.0 3   7.1  67.1 0
ECH       107.4 323.0  63.8   0.1 3   0.0 999.9 1  20.0 3  29.2  89.2 0
INU        33.1  13.7 196.8   0.1 3   0.0 999.9 1  20.0 3   0.0  54.3 0
KIP        74.0  68.7 267.3   0.1 3   0.0 999.9 0
MBO       141.0 297.6  65.7   0.1 3   0.0 999.9 0
PAF        72.2 215.5  62.6   0.1 3   0.0 999.9 0
PPT        83.8 107.9 275.3   0.1 3   0.0 999.9 1
RER        74.7 247.2  80.4   0.1 3   0.0 999.9 0
SEY        62.3  12.3 207.8   0.1 3   0.0 999.9 1  20.0 3   6.6  66.6 0
SSB       110.3 321.1  62.5   0.1 3   0.0 999.9 2  20.0 3  36.6  96.6 0
SSB2      110.3 321.1  62.5   0.1 3   0.0 999.9 0
TAM       118.2 297.9  72.8   0.1 3   0.0 999.9 0
UNM       128.5  62.2 290.9   0.1 3   0.0 999.9 1  20.0 3  31.5  91.5 0
WFM       131.0  19.0 334.0   0.1 3   0.0 999.9 0

  1992  1 11   6 16 57.3     9.450    86.670   17.1  5.6  5.0  seed seed.dat                  011192A
BNG        67.7 271.0  81.6   0.1 3   0.0 999.9 0   1.0 3   0.9 160.9 0   5.0 3  13.1  45.1 1
CAN        73.8 131.0 294.3   0.1 3   0.0 999.9 0   1.0 3   1.5 161.5 0
CRZF       63.8 206.1  39.0   0.1 3   0.0 999.9 0   1.0 3   0.5 160.5 0
DRV        85.2 161.3 307.3   0.1 3   0.0 999.9 1   1.0 3   2.5 162.5 0
ECH        76.0 317.4  91.3   0.1 3   0.0 999.9 1   1.0 3   1.7 161.7 0  20.0 3  17.6  77.6 0
INU        52.5  52.5 253.3   0.1 3   0.0 999.9 1   1.0 3   0.0 159.2 0
KIP       109.5  63.2 289.1   0.1 3   0.0 999.9 0   1.0 3   4.4 164.4 0
MBO       100.6 286.7  77.2   0.1 3   0.0 999.9 0   1.0 3   3.8 163.8 0
PAF        60.4 192.3  18.8   0.1 3   0.0 999.9 0   1.0 3   0.1 160.1 0   5.0 3   0.0  37.0 0
PPT       124.9 104.7 269.2   0.1 3   0.0 999.9 1   1.0 3   5.5 165.5 0
RER        43.1 224.7  48.1   0.1 3   0.0 999.9 0   1.0 3   0.0 158.0 0
SEY        70.7  26.2 252.4   0.1 3   0.0 999.9 1   1.0 3   1.2 161.2 0
SSB        77.8 314.4  88.7   0.1 3   0.0 999.9 0   1.0 3   1.9 161.9 0
SSB2       77.8 314.4  88.7   0.1 3   0.0 999.9 0
TAM        78.3 291.4  84.5   0.1 3   0.0 999.9 0   1.0 3   2.0 162.0 0  20.0 3  15.6  75.6 0
UNM       150.7  11.3 348.2   0.1 3   0.0 999.9 1   1.0 3   9.8 169.8 0
WFM       124.4 340.6  26.3   0.1 3   0.0 999.9 0

  1992  1 12   0 12 26.9    39.710    97.880   15.0  5.6  0.0  seed seed.dat                  011292B
BNG        79.0 266.8  50.5   0.1 3   0.0 999.9 0
CAN        88.4 140.3 323.0   0.1 3   0.0 999.9 0
CRZF       95.3 210.1  34.0   0.1 3   0.0 999.9 0
DRV       111.0 163.3 326.3   0.1 3   0.0 999.9 1
ECH        62.1 311.0  60.6   0.1 3   0.0 999.9 1  20.0 3  11.1  71.1 0
INU        31.1  85.4 289.9   0.1 3   0.0 999.9 1  20.0 3   0.0  50.2 0
KIP        86.7  64.7 311.6   0.1 3   0.0 999.9 0
MBO        98.9 297.3  45.1   0.1 3   0.0 999.9 0
PAF        92.2 197.7  21.1   0.1 3   0.0 999.9 0
PPT       118.3  89.6 305.9   0.1 3   0.0 999.9 1
RER        72.3 221.2  33.0   0.1 3   0.0 999.9 0
SEY        39.5  35.7 260.4   0.1 3   0.0 999.9 1
SSB        65.1 309.2  57.9   0.1 3   0.0 999.9 0
SSB2       65.1 309.2  57.9   0.1 3   0.0 999.9 0
TAM        77.5 289.4  52.0   0.1 3   0.0 999.9 0
UNM       119.0  18.4 345.0   0.1 3   0.0 999.9 1  20.0 3  15.4  75.4 0
WFM        97.3 352.1   8.2   0.1 3   0.0 999.9 0

  1992  1 13   6  8 43.9    49.240  -129.720   15.0  4.7  4.8  seed seed.dat                  011392A
CAN       110.8 240.0  44.0   0.1 3   0.0 999.9 0
CRZF      177.0 341.0  23.0   0.1 3   0.0 999.9 0
DRV       134.1 213.8  65.8   0.1 3   0.0 999.9 1
ECH        75.9  28.0 332.6   0.1 3   0.0 999.9 1  20.0 3  14.8  74.8 0
INU        66.0 296.9  45.6   0.1 3   0.0 999.9 1
KIP        35.7 229.2  32.1   0.1 3   0.0 999.9 0
MBO        93.3  63.3 322.8   0.1 3   0.0 595.1 0
PAF       167.0 263.6  84.6   0.1 3   0.0 999.9 0
PPT        69.0 200.4  13.8   0.1 3   0.0 999.9 1
RER       151.6 349.4   7.6   0.1 3   0.0 999.9 0
SEY        42.6 318.8  70.7   0.1 3   0.0 999.9 1  20.0 3   0.0  56.2 0
SSB        77.6  31.1 331.4   0.1 3   0.0 999.9 0
SSB2       77.6  31.1 331.4   0.1 3   0.0 999.9 0
TAM        97.8  40.9 332.3   0.1 3   0.0 999.9 0
UNM        38.6 129.7 327.8   0.1 3   0.0 999.9 1  20.0 3   0.0  51.1 0
WFM        40.1  76.6 300.3   0.1 3   0.0 999.9 0

  1992  1 13   9 37 43.7   -20.730  -178.530  577.8  5.5  0.0  seed seed.dat                  011392B
BNG       156.8 227.6 135.6   0.1 3   0.0 999.9 0   1.0 3   8.8  42.3 0   5.0 3   3.3  45.3 3
CAN        32.0 236.0  71.7   0.1 3   0.0 999.9 0   1.0 3   0.0 388.3 0
CRZF       99.0 212.6 133.2   0.1 3   0.0 999.9 0   1.0 3   2.6 392.7 0
DRV        53.0 199.3  51.0   0.1 3   0.0 999.9 1   1.0 3   0.0 391.4 0
ECH       152.2 351.8  11.3   0.1 3   0.0 999.9 1   1.0 3   8.7 394.8 0
INU        70.0 322.4 135.7   0.1 3   0.0 999.9 1   1.0 3   0.2 387.3 0
KIP        46.6  26.8 206.9   0.1 3   0.0 999.9 0   1.0 3   0.0 392.2 0
MBO       161.3 107.5 248.2   0.1 3   0.0 386.1 0   1.0 3   8.9 397.2 0
PAF        87.4 217.5 119.3   0.1 3   0.0 999.9 0   1.0 3   1.8 391.7 0
PPT        27.5  88.4 258.7   0.1 3   0.0 999.9 1   1.0 3   0.0 392.9 0
RER       112.5 235.0 124.8   0.1 3   0.0 999.9 0   1.0 3   3.7 392.0 0  20.0 3   0.0  30.6 0
SEY        86.6 347.1 152.8   0.1 3   0.0 999.9 1   1.0 3   1.7 391.0 0
SSB       155.4 354.7   6.8   0.1 3   0.0 999.9 0   1.0 3   8.8 395.0 0
SSB2      155.4 354.7   6.8   0.1 3   0.0 999.9 0
TAM       175.7 296.2  59.1   0.1 3   0.0 999.9 0   1.0 3   9.1 395.6 0
UNM        87.3  68.4 247.2   0.1 3   0.0 999.9 1   1.0 3   1.8 396.5 0  20.0 3   0.0  55.1 0
WFM       116.1  52.0 265.5   0.1 3   0.0 999.9 0

  1992  1 13  11 58 23.4     1.440   127.500  133.3  6.0  0.0  seed seed.dat                  011392D
BNG       108.8 275.2  86.9   0.1 3   0.0 999.9 0   1.0 3   0.0  71.6 0   5.0 3   6.6  69.6 4
CAN        41.8 153.2 326.6   0.1 3   0.0 999.9 0   1.0 3   0.0 247.6 0
CRZF       81.2 222.7  78.7   0.1 3   0.0 999.9 0   1.0 3   0.0 252.0 0   5.0 3  17.6  45.6 0
DRV        68.6 174.7 346.5   0.1 3   0.0 999.9 1   1.0 3   0.0 250.8 0  20.0 3   6.0  66.0 0
ECH       108.6 322.5  65.3   0.1 3   0.0 999.9 1   1.0 3   0.0 254.1 0  20.0 3  25.2  85.2 0
INU        35.0  13.7 196.8   0.1 3   0.0 999.9 1   1.0 3   0.0 246.7 0
KIP        75.0  68.3 265.7   0.1 3   0.0 999.9 0   1.0 3   0.0 251.5 0  20.0 3   0.0  57.0 0
MBO       141.4 295.3  68.6   0.1 3   0.0 245.4 0   1.0 3   0.0 256.6 0
PAF        70.5 215.7  63.3   0.1 3   0.0 999.9 0   1.0 3   0.0 251.0 0   5.0 3  11.6  43.6 0
PPT        83.7 107.7 273.4   0.1 3   0.0 999.9 1   1.0 3   0.0 252.3 0
RER        73.6 247.6  82.0   0.1 3   0.0 999.9 0   1.0 3   0.0 251.3 0  20.0 3   0.0  59.9 0
SEY        64.1  12.4 207.9   0.1 3   0.0 999.9 1   1.0 3   0.0 250.3 0  20.0 3   6.5  66.5 0
SSB       111.4 320.5  64.1   0.1 3   0.0 999.9 0   1.0 3   0.0 254.4 0
SSB2      111.4 320.5  64.1   0.1 3   0.0 999.9 0
TAM       118.6 296.9  74.8   0.1 3   0.0 999.9 0   1.0 3   0.0 254.9 0
UNM       129.7  63.3 289.2   0.1 3   0.0 999.9 1   1.0 3   0.0 255.8 0  20.0 3  32.4  92.4 0
WFM       132.8  19.1 333.8   0.1 3   0.0 999.9 0

  1992  1 15   1 18 12.7    -2.080   -76.920  147.0  5.2  0.0  seed seed.dat                  011592A
BNG        95.6  85.8 268.4   0.1 3   0.0 999.9 0
CAN       123.2 224.6 121.2   0.1 3   0.0 999.9 0
CRZF      114.0 143.8 238.3   0.1 3   0.0 999.9 0
DRV       106.5 194.5 141.3   0.1 3   0.0 999.9 1
ECH        87.6  41.8 264.4   0.1 3   0.0 999.9 1  20.0 3  14.3  74.3 0
INU       134.3 320.3  50.9   0.1 3   0.0 999.9 1
KIP        82.5 291.8  95.1   0.1 3   0.0 999.9 0
MBO        61.6  72.5 259.7   0.1 3   0.0 999.9 0   5.0 3   7.8  35.8 0
PAF       121.4 155.4 219.3   0.1 3   0.0 999.9 0
PPT        72.8 252.3  86.8   0.1 3   0.0 999.9 1
RER       128.2 119.1 249.1   0.1 3   0.0 999.9 0
SEY       109.2 338.4  53.2   0.1 3   0.0 999.9 1
SSB        85.5  44.5 262.7   0.1 3   0.0 999.9 0
SSB2       85.5  44.5 262.7   0.1 3   0.0 999.9 0
TAM        83.8  67.0 265.3   0.1 3   0.0 999.9 0
UNM        30.6 315.2 131.8   0.1 3   0.0 999.9 1  20.0 3   0.0  47.6 0
WFM        44.9   5.7 187.7   0.1 3   0.0 999.9 0

  1992  1 15   5  0 34.1    14.130   120.810  160.6  5.2  0.0  seed seed.dat                  011592B
BNG       100.8 277.5  74.8   0.1 3   0.0 999.9 0
CAN        56.1 152.2 326.4   0.1 3   0.0 999.9 0
CRZF       86.3 220.4  65.3   0.1 3   0.0 999.9 0
DRV        81.9 172.4 341.2   0.1 3   0.0 999.9 1
ECH        94.5 322.1  62.9   0.1 3   0.0 999.9 1
INU        25.7  31.8 218.7   0.1 3   0.0 999.9 1
KIP        76.9  70.9 280.3   0.1 3   0.0 999.9 0
MBO       129.5 302.6  57.5   0.1 3   0.0 999.9 0
PAF        77.4 211.2  50.3   0.1 3   0.0 999.9 0
PPT        93.8 107.0 283.4   0.1 3   0.0 999.9 1
RER        72.9 242.4  67.1   0.1 3   0.0 999.9 0
SEY        53.6  17.3 219.2   0.1 3   0.0 999.9 1
SSB        97.5 320.4  61.2   0.1 3   0.0 999.9 0
SSB2       97.5 320.4  61.2   0.1 3   0.0 999.9 0
TAM       106.7 299.5  66.2   0.1 3   0.0 999.9 0
UNM       128.4  50.7 307.4   0.1 3   0.0 999.9 1
WFM       122.3  10.7 345.9   0.1 3   0.0 999.9 0

  1992  1 15   6 58 32.3    18.200   -70.660   15.0  5.8  5.2  seed seed.dat                  011592C
BNG        87.9  85.9 288.0   0.1 3   0.0 999.9 0   1.0 3   2.8 162.8 0   5.0 3  26.5  54.5 0
CAN       141.0 236.3 105.9   0.1 3   0.0 999.9 0   1.0 3   6.8 166.8 0
CRZF      125.3 134.2 258.7   0.1 3   0.0 999.9 0   1.0 3   5.6 165.6 0
DRV       127.6 194.9 142.4   0.1 3   0.0 999.9 1   1.0 3   5.7 165.7 0
ECH        68.5  44.5 273.7   0.1 3   0.0 999.9 1   1.0 3   1.0 161.0 0  20.0 3   0.0  60.0 0
INU       120.5 333.9  30.7   0.1 3   0.0 999.9 1   1.0 3   5.3 165.3 0
KIP        81.1 289.7  73.8   0.1 3   0.0 999.9 0   1.0 3   2.3 162.3 0
MBO        51.5  85.8 282.0   0.1 3   0.0 999.9 0   1.0 3   0.0 159.1 0   5.0 3   0.0  35.5 0
PAF       135.8 143.5 239.0   0.1 3   0.0 999.9 0   1.0 3   6.4 166.4 0
PPT        85.4 250.0  69.5   0.1 3   0.0 999.9 1   1.0 3   2.6 162.6 0
RER       129.7 102.5 276.2   0.1 3   0.0 999.9 0   1.0 3   6.0 166.0 0
SEY        92.3 341.8  40.4   0.1 3   0.0 999.9 1   1.0 3   3.2 163.2 0  20.0 3  18.4  78.4 0
SSB        66.9  47.8 273.1   0.1 3   0.0 999.9 0   1.0 3   0.9 160.9 0
SSB2       66.9  47.8 273.1   0.1 3   0.0 999.9 0
TAM        70.8  71.5 282.3   0.1 3   0.0 999.9 0   1.0 3   1.3 161.3 0  20.0 3  10.1  70.1 0
UNM        27.0 277.0  87.7   0.1 3   0.0 999.9 1   1.0 3   0.0 155.8 0  20.0 3   0.0  42.3 0
WFM        24.4 358.5 178.1   0.1 3   0.0 999.9 0

  1992  1 16  18 46 49.6    41.320   142.180   70.3  5.0  0.0  seed seed.dat                  011692D
BNG       111.4 297.1  42.3   0.1 3   0.0 999.9 0
CAN        76.7 174.3 354.7   0.1 3   0.0 999.9 0
CRZF      118.7 232.2  59.3   0.1 3   0.0 999.9 0
DRV       107.8 180.9   1.7   0.1 3   0.0 999.9 1
ECH        82.2 331.6  32.4   0.1 3   0.0 999.9 1  20.0 3  14.7  74.7 0
INU         7.2 215.8  32.6   0.1 3   0.0 999.9 1  20.0 3   0.0  33.8 0
KIP        53.7  92.4 306.2   0.1 3   0.0 999.9 0
MBO       121.2 336.3  18.2   0.1 3   0.0 999.9 0
PAF       110.3 221.7  50.0   0.1 3   0.0 999.9 0
PPT        86.1 117.2 315.4   0.1 3   0.0 999.9 1
RER       101.2 251.9  50.1   0.1 3   0.0 999.9 0  20.0 3   0.0  63.5 0
SEY        22.5  12.2 200.4   0.1 3   0.0 999.9 1  20.0 3   0.0  46.1 0
SSB        85.7 331.6  30.5   0.1 3   0.0 999.9 0
TAM       104.5 319.3  32.2   0.1 3   0.0 999.9 0
UNM        97.1  56.5 318.3   0.1 3   0.0 999.9 1  20.0 3  18.0  78.0 0
WFM        90.9  24.1 335.4   0.1 3   0.0 999.9 0

  1992  1 17   0 15 27.3    52.670   160.360   48.8  5.5  4.7  seed seed.dat                  011792A
BNG       114.5 317.5  24.4   0.1 3   0.0 999.9 0   1.0 3   4.7  74.5 0
CAN        88.4 189.3   6.9   0.1 3   0.0 999.9 0   1.0 3   2.8 132.8 0
CRZF      135.0 248.4  55.1   0.1 3   0.0 999.9 0   1.0 3   6.2 136.2 0
DRV       120.2 189.3  14.2   0.1 3   0.0 999.9 1   1.0 3   5.1 135.1 0
ECH        76.8 342.0  16.3   0.1 3   0.0 999.9 1   1.0 3   1.7 131.7 0  20.0 3  16.1  76.1 0
INU        23.9 233.0  36.4   0.1 3   0.0 999.9 1   1.0 3   0.0 125.1 0
KIP        44.6 118.1 324.8   0.1 3   0.0 999.9 0   1.0 3   0.0 128.2 0
MBO       113.0 357.2   1.8   0.1 3   0.0 999.9 0   1.0 3   4.6 134.6 0
PAF       127.1 235.2  49.9   0.1 3   0.0 999.9 0   1.0 3   5.6 135.6 0
PPT        82.4 132.3 331.8   0.1 3   0.0 999.9 1   1.0 3   2.3 132.3 0
RER       115.4 268.3  40.8   0.1 3   0.0 999.9 0   1.0 3   4.8 134.8 0
SEY        11.1 340.8 154.0   0.1 3   0.0 999.9 1   1.0 3   0.0 122.5 0  20.0 3   0.0  37.5 0
SSB        80.1 343.0  14.6   0.1 3   0.0 999.9 0   1.0 3   2.1 132.1 0
TAM       101.6 336.5  15.3   0.1 3   0.0 999.9 0   1.0 3   3.8 133.8 0
UNM        80.9  69.9 322.7   0.1 3   0.0 999.9 1   1.0 3   2.2 132.2 0  20.0 3  12.4  72.4 0
WFM        74.9  36.8 330.4   0.1 3   0.0 999.9 0

  1992  1 20   8 58 20.3    27.370    65.930   15.0  5.2  5.2  seed seed.dat                  012092A
BNG        50.6 251.9  57.9   0.1 3   0.0 999.9 0   5.0 3   6.7  34.7 0
CAN       100.2 124.3 296.1   0.1 3   0.0 999.9 0
CRZF       74.7 190.1  13.0   0.1 3   0.0 999.9 0
DRV       108.9 156.0 295.2   0.1 3   0.0 999.9 1
ECH        49.5 311.4  92.7   0.1 3   0.0 999.9 1  20.0 3   0.0  57.2 0
INU        60.0  63.1 284.0   0.1 3   0.0 999.9 1
KIP       115.4  45.6 317.0   0.1 3   0.0 999.9 0
MBO        77.3 279.8  64.7   0.1 3   0.0 399.5 0   5.0 3  15.7  55.7 0
PAF        76.6 177.1 356.1   0.1 3   0.0 999.9 0
PPT       145.9  80.4 292.6   0.1 3   0.0 999.9 1
RER        49.4 192.6  12.0   0.1 3   0.0 999.9 0
SEY        64.3  30.4 280.3   0.1 3   0.0 999.9 1
SSB        51.3 307.5  88.3  20.0 3   0.0  58.1 0
TAM        54.4 279.6  71.8   0.1 3   0.0 999.9 0  20.0 3   2.3  62.3 0
UNM       131.3 341.2  17.7   0.1 3   0.0 999.9 1  20.0 3  36.5 156.5 0
WFM        99.9 329.6  37.5   0.1 3   0.0 999.9 0

  1992  1 20  13 37  4.1    28.020   139.380  522.8  5.8  0.0  seed seed.dat                  012092C
BNG       114.5 289.9  56.6   0.1 3   0.0 999.9 0   1.0 3   3.9 107.9 1   5.0 3   7.9  71.9 0
CAN        63.8 171.2 350.5   0.1 3   0.0 999.9 0   1.0 3   0.0 159.7 0  20.0 3   0.0  42.6 0
CRZF      108.2 226.8  68.6   0.1 3   0.0 999.9 0   1.0 3   3.4 163.4 0   5.0 3   6.9  50.9 0
DRV        94.5 179.7 359.4   0.1 3   0.0 999.9 1   1.0 3   2.4 162.4 0  20.0 3   0.0 107.3 0
ECH        92.7 330.4  40.8   0.1 3   0.0 999.9 1   1.0 3   2.3 162.3 0  20.0 3   0.0  45.5 0
INU         7.6 345.3 164.0   0.1 3   0.0 999.9 1   1.0 3   0.0 151.9 0  20.0 3   0.0  33.5 0
KIP        56.7  81.6 290.2   0.1 3   0.0 999.9 0   1.0 3   0.0 158.9 0  20.0 3   0.0  58.4 0
MBO       131.9 328.6  28.4   0.1 3   0.0 120.8 0   1.0 3   5.2 165.2 0   5.0 3   1.0 116.9 0
PAF        98.6 218.3  56.9   0.1 3   0.0 999.9 0   1.0 3   2.7 162.7 0   5.0 3   0.0  64.9 0
PPT        82.4 114.3 302.4   0.1 3   0.0 999.9 1   1.0 3   1.5 161.5 0
RER        94.4 248.6  61.9   0.1 3   0.0 999.9 0   1.0 3   2.4 162.4 0
SEY        35.9  10.1 199.8   0.1 3   0.0 999.9 1   1.0 3   0.0 156.2 0  20.0 3   0.0  45.8 0
SSB        96.1 329.8  39.0   1.0 3   2.6   7.1 0
TAM       112.6 314.0  43.6   0.1 3   0.0 999.9 0   1.0 3   3.8 163.8 0  20.0 3   0.0  59.5 0
UNM       106.3  56.9 308.3   0.1 3   0.0 999.9 1   1.0 3   3.4 163.4 0  20.0 3   0.0  46.8 0
WFM       104.0  22.9 332.2   0.1 3   0.0 999.9 0

  1992  1 21  22  7 58.8    26.900    67.490   15.0  5.5  5.3  seed seed.dat                  012192E
BNG        51.7 253.3  59.0   0.1 3   0.0 999.9 0   5.0 3   9.0  37.0 3
CAN        98.8 124.9 296.5   0.1 3   0.0 999.9 0
CRZF       74.5 191.2  14.5   0.1 3   0.0 999.9 0
DRV       107.9 156.4 296.4   0.1 3   0.0 999.9 1
ECH        50.9 311.6  91.9   0.1 3   0.0 999.9 1  20.0 3   0.0  52.6 0
INU        59.0  63.2 282.8   0.1 3   0.0 999.9 1  20.0 3   6.6  66.6 0
KIP       114.7  46.9 315.6   0.1 3   0.0 999.9 0
MBO        78.7 280.6  64.9   0.1 3   0.0 999.9 0   5.0 3   5.0  65.0 0
PAF        76.1 178.2 357.5   0.1 3   0.0 999.9 0
PPT       144.6  82.1 291.5   0.1 3   0.0 999.9 1
RER        49.2 194.6  13.9   0.1 3   0.0 231.9 0
SEY        64.0  30.4 278.7   0.1 3   0.0 999.9 1
SSB        52.7 307.9  87.7   0.1 3   0.0 999.9 0  20.0 3   0.0  53.5 0
TAM        55.9 280.4  72.1   0.1 3   0.0 999.9 0  20.0 3   6.6  66.6 0
UNM       132.1 343.0  16.1   0.1 3   0.0 999.9 1  20.0 3  39.8  99.8 0
WFM       101.0 330.5  36.5   0.1 3   0.0 999.9 0

  1992  1 22   1  6 55.4    38.370   140.480  125.9  5.5  0.0  seed seed.dat                  012292A
BNG       111.5 294.8  45.8   0.1 3   0.0 999.9 0
CAN        73.9 172.7 353.0   0.1 3   0.0 999.9 0   1.0 3   1.4 131.4 0
CRZF      115.8 230.3  61.0   0.1 3   0.0 999.9 0   1.0 3   4.7 134.7 0
DRV       104.9 180.2   0.4   0.1 3   0.0 999.9 1   1.0 3   3.8 133.8 0
ECH        84.2 330.8  35.0   0.1 3   0.0 999.9 1   1.0 3   2.3 132.3 0  20.0 3  12.6  72.6 0
INU         4.1 223.6  41.5   0.1 3   0.0 999.9 1   1.0 3   0.0 121.0 0  20.0 3   0.0  31.7 0
KIP        54.9  89.2 302.5   0.1 3   0.0 999.9 0   1.0 3   0.0 129.3 0
MBO       123.3 333.7  21.1   0.1 3   0.0 999.9 0   1.0 3   5.2 135.2 0
PAF       107.2 220.3  50.9   0.1 3   0.0 999.9 0   1.0 3   4.0 134.0 0
PPT        86.0 115.9 312.2   0.1 3   0.0 999.9 1   1.0 3   2.5 132.5 0
RER        99.0 250.4  52.5   0.1 3   0.0  52.9 0   1.0 3   3.5 133.5 0  20.0 3   0.0  29.4 0
SEY        25.6  12.6 202.0   0.1 3   0.0 999.9 1   1.0 3   0.0 125.3 0  20.0 3   0.0  48.0 0
SSB        87.6 330.7  33.1   0.1 3   0.0 999.9 0   1.0 3  39.3 132.6 0
TAM       105.8 317.4  35.2   0.1 3   0.0 999.9 0   1.0 3   4.0 134.0 0
UNM        99.8  55.6 316.6   0.1 3   0.0 999.9 1   1.0 3   3.6 133.6 0  20.0 3  18.9  78.9 0
WFM        94.1  23.0 335.4   0.1 3   0.0 999.9 0

  1992  1 22   6 24 50.1   -13.800   166.840  208.1  5.2  0.0  seed seed.dat                  012292D
BNG       147.4 256.1 108.6   0.1 3   0.0 980.0 0
CAN        26.8 213.8  41.4   0.1 3   0.0 999.9 0
CRZF       96.4 219.1 117.8   0.1 3   0.0 999.9 0
DRV        55.8 192.6  32.1   0.1 3   0.0 999.9 1
ECH       141.7 337.9  32.7   0.1 3   0.0 999.9 1
INU        56.6 330.8 144.5   0.1 3   0.0 999.9 1
KIP        49.2  45.2 227.7   0.1 3   0.0 999.9 0
MBO       176.3  83.2 281.4   0.1 3   0.0 999.9 0
PAF        83.9 220.7 104.1   0.1 3   0.0 999.9 0
PPT        42.1 101.0 268.7   0.1 3   0.0 999.9 1
SEY        77.4 353.3 165.6   0.1 3   0.0 999.9 1
SSB       145.2 337.8  30.9   0.1 3   0.0 999.9 0
TAM       160.1 299.0  65.7   0.1 3   0.0 999.9 0
UNM        98.2  72.2 258.4   0.1 3   0.0 999.9 1
WFM       122.5  48.2 281.9   0.1 3   0.0 999.9 0

  1992  1 23   4 24 14.8    38.220    19.970   15.0  5.1  5.2  seed seed.dat                  012392A
BNG        33.7 182.6   2.0   0.1 3   0.0 860.6 0   5.0 3   0.0  28.8 5
CAN       139.5 101.6 289.2   0.1 3   0.0 999.9 0
CRZF       89.2 158.5 335.3   0.1 3   0.0 999.9 0
DRV       136.3 149.9 260.0   0.1 3   0.0 999.9 1
ECH        13.7 321.1 132.3   0.1 3   0.0 999.9 1  20.0 3   0.0  35.3 0
INU        86.3  46.7 315.5   0.1 3   0.0 999.9 1
KIP       120.5 357.8   1.8   0.1 3   0.0 999.9 0
MBO        40.3 244.2  47.0   0.1 3   0.0 284.6 0   5.0 3   0.0  36.8 0
PPT       157.4 333.6  22.1   0.1 3   0.0 999.9 1
RER        68.1 143.9 330.2   0.1 3   0.0 999.9 0
SCZ        97.3 329.7  29.6   0.1 3   0.0 999.9 0  20.0 3  25.7  85.7 0
SEY        72.1  20.7 322.4   0.1 3   0.0 999.9 1
SSB        13.5 306.4 116.1   0.1 3   0.0 999.9 0  20.0 3   0.0  38.0 0
TAM        19.8 223.0  35.5   0.1 3   0.0 999.9 0  20.0 3   0.0  36.4 0
UNM        99.1 303.5  44.1   0.1 3   0.0 999.9 1  20.0 3  19.6  79.6 0
WFM        66.3 306.4  59.1   0.1 3   0.0 999.9 0

  1992  1 24   5  4 50.9    35.130    74.450  103.4  5.4  0.0  seed seed.dat                  012492A
CAN        98.8 127.0 306.8   0.1 3   0.0 999.9 0
CRZF       83.9 195.5  18.5   0.1 3   0.0 999.9 0
DRV       113.1 156.7 305.7   0.1 3   0.0 999.9 1
ECH        50.3 306.9  78.8   0.1 3   0.0 999.9 1
INU        50.3  70.5 289.1   0.1 3   0.0 999.9 1
KIP       104.8  49.7 317.8   0.1 3   0.0 999.9 0
PPT       137.2  77.0 302.7   0.1 3   0.0 999.9 1
RER        58.9 200.5  17.9   0.1 3   0.0 999.9 0
SCZ       106.9  13.2 346.5   0.1 3   0.0 999.9 0
SEY        53.9  33.5 277.9   0.1 3   0.0 999.9 1
SSB        52.7 303.7  75.0   0.1 3   0.0 999.9 0
TAM        60.4 278.4  61.4   0.1 3   0.0 999.9 0
UNM       125.4 352.6   6.4   0.1 3   0.0 999.9 1
WFM        96.4 335.5  27.4   0.1 3   0.0 999.9 0

  1992  1 24  12  9 24.1    -9.360   148.700   26.1  5.4  5.0  seed seed.dat                  012492B
BNG       130.3 267.8  98.4   0.1 3   0.0 999.9 0   1.0 3   5.9 135.9 0
CAN        25.9 179.4 359.3   0.1 3   0.0 999.9 0   1.0 3   0.0 125.5 0  20.0 3   0.0  46.2 0
CRZF       87.9 223.4 101.5   0.1 3   0.0 999.9 0   1.0 3   2.8 132.8 0
DRV        57.6 184.1  10.2   0.1 3   0.0 999.9 1   1.0 3   0.0 129.7 0  20.0 3   0.0  60.0 0
ECH       129.5 327.3  52.4   0.1 3   0.0 999.9 1   1.0 3   5.8 135.8 0
INU        45.9 346.7 163.8   0.1 3   0.0 999.9 1   1.0 3   0.0 128.3 0
KIP        60.6  59.1 245.3   0.1 3   0.0 999.9 0   1.0 3   0.1 130.1 0
MBO       165.1 290.5  71.3   0.1 3   0.0 999.9 0   1.0 3  10.0 140.0 0
PAF        75.4 221.4  87.6   0.1 3   0.0 798.4 0   1.0 3   1.7 131.7 0
PPT        60.4 104.9 269.0   0.1 3   0.0 999.9 1   1.0 3   0.1 130.1 0
RER        89.4 248.7  99.9   0.1 3   0.0 999.9 0   1.0 3   2.9 132.9 0
SCZ        95.5  54.0 262.6   0.1 3   0.0 999.9 0   1.0 3   3.3 133.3 0
SEY        72.2   1.8 183.8   0.1 3   0.0 999.9 1   1.0 3   1.3 131.3 0  20.0 3   9.5  69.5 0
SSB       132.8 325.6  51.6   0.1 3   0.0 999.9 0   1.0 3   6.1 136.1 0
TAM       142.3 295.1  74.9   0.1 3   0.0 999.9 0   1.0 3   6.8 136.8 0
UNM       113.8  73.1 268.3   0.1 3   0.0 999.9 1   1.0 3   4.8 134.8 0
WFM       131.7  39.8 301.8   0.1 3   0.0 999.9 0

  1992  1 26   8  9 48.7    29.910   129.370  148.9  5.4  0.0  seed seed.dat                  012692B
BNG       105.6 284.8  57.4   0.1 3   0.0 999.9 0
CAN        67.6 162.7 341.6   0.1 3   0.0 999.9 0
CRZF      103.3 224.1  60.8   0.1 3   0.0 999.9 0
DRV        96.8 175.7 350.7   0.1 3   0.0 999.9 1
ECH        86.5 325.6  47.3   0.1 3   0.0 999.9 1
INU         8.4  48.0 232.1   0.1 3   0.0 999.9 1  20.0 3   0.0  34.8 0
KIP        65.0  78.6 294.0   0.1 3   0.0 999.9 0  20.0 3  37.6  97.6 0
PAF        95.0 214.4  48.6   0.1 3   0.0 999.9 0
PPT        91.2 109.4 300.8   0.1 3   0.0 999.9 1
RER        87.2 243.9  56.6   0.1 3   0.0 999.9 0
SCZ        86.2  49.5 304.9   0.1 3   0.0 999.9 0
SEY        36.2  17.6 215.1   0.1 3   0.0 999.9 1
SSB        89.8 324.7  45.3   0.1 3   0.0 999.9 0
TAM       104.7 307.7  48.1   0.1 3   0.0 999.9 0
UNM       112.2  49.7 315.4   0.1 3   0.0 999.9 1
WFM       105.2  15.8 341.4   0.1 3   0.0 999.9 0

  1992  1 27   6 18 54.0   -12.990   166.340   38.1  5.3  4.9  seed seed.dat                  012792A
BNG       147.1 257.7 107.0   0.1 3   0.0 999.9 0   1.0 3   9.6 169.6 0
CAN        27.2 212.2  39.5   0.1 3   0.0 999.9 0   1.0 3   0.0 155.7 0  20.0 3   0.0  46.7 0
CRZF       96.7 219.3 116.9   0.1 3   0.0 999.9 0   1.0 3   3.4 163.4 0
DRV        56.5 192.2  31.3   0.1 3   0.0 999.9 1   1.0 3   0.0 159.6 0
ECH       140.8 337.8  33.0   0.1 3   0.0 999.9 1   1.0 3   6.7 166.7 0
INU        55.6 330.9 144.6   0.1 3   0.0 999.9 1   1.0 3   0.0 159.6 0
KIP        49.0  46.1 228.9   0.1 3   0.0 999.9 0   1.0 3   0.0 158.7 0
MBO       176.5  68.7 295.8   0.1 3   0.0  29.9 0   1.0 3  10.1  90.1 0
PAF        84.2 220.8 103.2   0.1 3   0.0 999.9 0   1.0 3   2.4 162.4 0
PPT        42.7 101.9 269.7   0.1 3   0.0 999.9 1   1.0 3   0.0 157.9 0
RER       103.8 244.1 110.1   0.1 3   0.0 999.9 0   1.0 3   4.0 164.0 1
SCZ        83.9  50.5 249.2   0.1 3   0.0 999.9 0   1.0 3   2.4 162.4 0
SEY        76.6 353.5 166.0   0.1 3   0.0 999.9 1   1.0 3   1.8 161.8 0  20.0 3  20.0  80.0 0
SSB       144.2 337.7  31.1   0.1 3   0.0 999.9 0   1.0 3   7.0 167.0 0
TAM       159.3 300.4  64.5   0.1 3   0.0 999.9 0   1.0 3   9.9 169.9 0
UNM        98.4  72.2 259.3   0.1 3   0.0 999.9 1   1.0 3   3.6 163.6 0
WFM       122.3  47.8 283.0   0.1 3   0.0 999.9 0

  1992  1 27   9 52 58.5   -21.170   -68.070  145.6  5.0  0.0  seed seed.dat                  012792B
BNG        88.4  84.8 248.8   0.1 3   0.0 999.9 0
CAN       113.6 212.5 142.3   0.1 3   0.0 999.9 0
CRZF       93.5 143.2 234.0   0.1 3   0.0 999.9 0
DRV        89.8 190.8 154.0   0.1 3   0.0 999.9 1
ECH        96.3  40.7 245.4   0.1 3   0.0 999.9 1  20.0 3  18.6  78.6 0
INU       153.9 307.6  63.3   0.1 3   0.0 999.9 1
KIP        97.5 289.9 109.6   0.1 3   0.0 999.9 0
PAF       100.5 153.8 219.0   0.1 3   0.0 999.9 0
PPT        76.1 256.2 108.1   0.1 3   0.0 999.9 1
RER       110.8 124.1 235.9   0.1 3   0.0 999.9 0  20.0 3   0.0  11.2 0
SCZ        76.5 318.3 129.5   0.1 3   0.0 999.9 0
SEY       130.1 337.1  52.1   0.1 3   0.0 999.9 1
SSB        93.4  42.5 243.3   0.1 3   0.0 999.9 0
TAM        84.0  63.0 244.3   0.1 3   0.0 999.9 0  20.0 3  23.6  83.6 0
UNM        50.6 320.7 141.3   0.1 3   0.0 999.9 1  20.0 3   0.0  47.8 0
WFM        63.7 357.2 176.4   0.1 3   0.0 999.9 0

  1992  1 30   4 43 16.9    -1.470   -13.170   15.0  5.0  0.0  seed seed.dat                  013092A
BNG        32.2  79.4 260.2   0.1 3   0.0 999.9 0   1.0 3  37.3 167.3 0   5.0 3   0.0  80.7 1
CAN       139.7 157.2 208.1   0.1 3   0.0 999.9 0   1.0 3  42.5 172.5 0
CRZF       71.9 138.7 287.4   0.1 3   0.0 999.9 0   1.0 3  40.1 170.1 0   5.0 3  36.7  80.7 0
DRV       109.3 169.0 208.5   0.1 3   0.0 999.9 1   1.0 3  43.0 173.0 0  20.0 3   0.0  18.1 0
ECH        52.6  17.0 206.0   0.1 3   0.0 999.9 1   1.0 3  37.5 167.5 0  20.0 3   0.3  60.3 0
INU       136.3  36.1 314.3   0.1 3   0.0 999.9 1   1.0 3  39.2 169.2 0
KIP       140.4 302.6  64.3   0.1 3   0.0 999.9 0   1.0 3  43.8 173.8 0  20.0 3  44.2 104.2 0
MBO        16.2 346.7 166.3   0.1 3   0.0 999.9 0   1.0 3  40.4 170.4 0   5.0 3   0.0  14.7 0
PAF        84.6 139.3 273.9   0.1 3   0.0 999.9 0   1.0 3  40.3 170.3 0   5.0 3  19.7  83.7 0
PPT       133.1 244.2 109.5   0.1 3   0.0 999.9 0
RER        69.8 111.9 276.3   0.1 3   0.0 999.9 0   1.0 3  37.2 167.2 0
SCZ       105.5 307.5  79.9   0.1 3   0.0 999.9 0   1.0 3  43.8 173.8 0
SEY       117.7   7.4 343.7   0.1 3   0.0 999.9 1   1.0 3  39.6 169.6 0
SSB        49.2  16.5 203.7   0.1 3   0.0 999.9 0   1.0 3  37.7 167.7 0  20.0 3  38.0  98.0 0
TAM        30.3  36.0 219.6   0.1 3   0.0 999.9 0   1.0 3  37.9 167.9 0  20.0 3   0.0  77.3 0
UNM        86.7 289.3  92.6   0.1 3   0.0 999.9 1   1.0 3  44.9 174.9 0  20.0 3  12.5 132.5 0
WFM        68.3 317.4 113.6   0.1 3   0.0 999.9 0

  1992  1 30   5 22  1.4    24.250    62.880   15.0  5.6  5.8  seed seed.dat                  013092C
BNG        47.0 252.4  60.8   0.1 3   0.0 968.8 0   1.0 3   0.0 128.5 0   5.0 3   1.0  44.0 1
CAN       100.7 123.7 291.9   0.1 3   0.0 999.9 0   1.0 3   3.8 133.8 0
CRZF       71.2 188.0  10.7   0.1 3   0.0 999.9 0   1.0 3   1.3 131.3 0   5.0 3   0.0  42.0 0
DRV       107.2 155.9 291.2   0.1 3   0.0 999.9 1   1.0 3   4.2 134.2 0  20.0 3  25.4  85.4 0
ECH        49.6 313.6  98.1   0.1 3   0.0 999.9 1   1.0 3   0.0 128.7 0  20.0 3   0.0  21.5 0
INU        63.9  61.0 282.3   0.1 3   0.0 999.9 1   1.0 3   0.5 130.5 0  20.0 3  12.6  72.6 0
KIP       119.5  44.4 316.7   0.1 3   0.0 999.9 0   1.0 3   5.1 135.1 0  20.0 3   5.4  65.4 0
MBO        75.1 279.4  68.3   0.1 3   0.0 999.9 0   1.0 3   1.6 131.6 0   5.0 3  20.0  60.0 0
PAF        73.7 175.0 353.0   0.1 3   0.0 999.9 0   1.0 3   1.6 131.6 0   5.0 3   0.0  45.0 0
PPT       149.0  83.4 287.6   0.1 3   0.0 999.9 0   1.0 3   9.7 139.7 0
RER        45.8 189.3   9.1   0.1 3   0.0 999.9 0   1.0 3   0.0 128.4 0
SCZ       119.2   3.9 355.5   0.1 3   0.0 999.9 0   1.0 3   5.1 135.1 0  20.0 3  37.9  97.9 0
SEY        68.4  29.4 281.2   0.1 3   0.0 999.9 1   1.0 3   0.9 130.9 0  20.0 3  14.9  74.9 0
SSB        51.1 309.5  93.7   0.1 3   0.0 999.9 0   1.0 3   0.0 129.0 0  20.0 3   0.0  59.2 0
TAM        52.3 280.9  76.2   0.1 3   0.0 999.9 0   1.0 3   0.0 129.2 0  20.0 3   0.0  38.6 0
UNM       133.2 336.6  22.6   0.1 3   0.0 999.9 1   1.0 3   6.2 136.2 0  20.0 3   0.0  93.8 0
WFM       101.2 327.5  41.6   0.1 3   0.0 999.9 0

  1992  1 30  22 42 16.3   -58.060   147.810   15.0  5.1  5.7  seed seed.dat                  013092F
BNG       113.6 237.2 153.3   0.1 3   0.0 999.9 0   1.0 3   4.8 186.7 0   5.0 3  32.7  72.7 0
CAN        22.8   2.5 181.6   0.1 3   0.0 999.9 0   1.0 3   0.0 181.5 0  20.0 3   0.0  37.4 0
CRZF       54.9 237.0 139.9   0.1 3   0.0 999.9 0   1.0 3   0.0 185.8 0   5.0 3   0.0  33.7 0
DRV         9.3 199.4  26.4   0.1 3   0.0 999.9 1   1.0 3   0.0 184.5 0  20.0 3   0.0  34.1 0
ECH       154.8 263.5 127.1   0.1 3   0.0 999.9 1   1.0 3   9.9 185.2 0
INU        93.7 351.2 174.3   0.1 3   0.0 999.9 1   1.0 3   3.3 174.8 0  20.0 3  20.3  80.3 0
KIP        91.1  49.2 205.6   0.1 3   0.0 999.9 0   1.0 3   3.1 181.0 0  20.0 3  17.2  77.2 0
MBO       134.9 200.9 168.6   0.1 3   0.0 939.5 0   1.0 3   6.3 188.1 0   5.0 3  19.7 119.7 0
PAF        44.2 246.0 132.1   0.1 3   0.0 999.9 0   1.0 3   0.0 185.0 0   5.0 3   0.0  28.7 0
PPT        60.8  76.0 212.7   0.1 3   0.0 999.9 0   1.0 3   0.2 183.5 0
RER        73.3 256.6 146.4   0.1 3   0.0 999.9 0   1.0 3   1.6 185.0 0
SCZ       120.7  69.5 218.3   0.1 3   0.0 999.9 0   1.0 3   5.3 183.8 0  20.0 3  27.7  87.7 0
SEY       120.9   2.4 182.8   0.1 3   0.0 999.9 1   1.0 3   5.3 179.2 0  20.0 3  32.6  92.6 0
SSB       154.3 255.6 132.4   0.1 3   0.0 999.9 0   1.0 3   9.9 185.5 0
TAM       135.6 233.4 152.2   0.1 3   0.0 999.9 0   1.0 3   6.4 186.7 0  20.0 3  36.3  96.3 0
UNM       118.4  99.3 213.9   0.1 3   0.0 999.9 1   1.0 3   5.1 185.8 0  20.0 3  26.6  86.5 0
WFM       151.1 105.6 224.6   0.1 3   0.0 999.9 0

  1992  2  1  19  4  5.1    35.200   139.700  105.7  5.6  0.0  seed seed.dat                  020192B
BNG       112.2 293.1  49.2   0.1 3   0.0 672.7 0   1.0 3   4.4 134.4 0
CAN        70.9 171.9 351.9   0.1 3   0.0 999.9 0   1.0 3   1.1 131.1 0
CRZF      113.3 228.9  63.1   0.1 3   0.0 999.9 0   1.0 3   4.5 134.5 0
DRV       101.7 179.9 359.7   0.1 3   0.0 226.9 1   1.0 3   3.6 133.6 0
ECH        86.6 330.5  37.1   0.1 3   0.0 999.9 1   1.0 3   2.5 132.5 0  20.0 3  14.5  74.5 0
INU         2.2 274.7  93.1   0.1 3   0.0 999.9 1   1.0 3   0.0 120.6 0  20.0 3   0.0  32.5 0
KIP        55.7  86.5 298.7   0.1 3   0.0 999.9 0   1.0 3   0.0 129.4 0  20.0 3   0.0  59.3 0
PAF       104.4 219.3  52.5   0.1 3   0.0 999.9 0   1.0 3   3.9 133.9 0   5.0 3  30.9  58.9 0
PPT        85.2 115.2 309.0   0.1 3   0.0 999.9 0   1.0 3   2.4 132.4 0
RER        97.3 249.5  55.3   0.1 3   0.0 999.9 0   1.0 3   3.4 133.4 0
SCZ        76.1  54.8 303.7   0.1 3   0.0 999.9 0   1.0 3   1.6 131.6 0  20.0 3   6.9  66.9 0
SEY        28.8  12.0 201.9   0.1 3   0.0 999.9 1   1.0 3   0.0 125.8 0  20.0 3   0.0  48.8 0
SSB        90.1 330.2  35.2   0.1 3   0.0 999.9 0   1.0 3   2.8 132.8 0
TAM       107.7 316.1  38.0   0.1 3   0.0 999.9 0   1.0 3   4.1 134.1 0
UNM       102.1  55.6 314.3   0.1 3   0.0 999.9 1   1.0 3   3.8 133.8 0  20.0 3  19.7  79.7 0
WFM        97.3  22.6 334.8   0.1 3   0.0 999.9 0

  1992  2  2   0 22  4.7   -52.080   139.420   15.0  5.6  5.7  seed seed.dat                  020292A
BNG       112.1 247.2 145.1   0.1 3   0.0 354.8 0   1.0 3   4.7 264.1 0   5.0 3   6.9  91.9 0
CAN        18.1  26.0 199.3   0.1 3   0.0 999.9 0   1.0 3   0.0 253.5 0  20.0 3   0.0  35.6 0
CRZF       54.0 238.5 130.5   0.1 3   0.0 999.9 0   1.0 3   0.0 258.9 0   5.0 3   0.0  57.9 0
ECH       149.7 281.3 114.8   0.1 3   0.0 999.9 1   1.0 3   9.7 269.2 0  20.0 3  15.5  75.5 0
INU        87.3 358.0 178.5   0.1 3   0.0 999.9 1   1.0 3   2.7 262.2 0
KIP        91.3  56.0 213.3   0.1 3   0.0 999.9 0   1.0 3   3.1 262.5 0  20.0 3   0.0  59.4 0
PAF        42.3 245.0 121.2   0.1 3   0.0 999.9 0   1.0 3   0.0 257.4 0   5.0 3   0.0  76.9 0
PPT        64.6  86.4 220.2   0.1 3   0.0 999.9 0   1.0 3   0.7 260.1 0
RER        69.7 261.3 139.2   0.1 3   0.0 999.9 0   1.0 3   1.2 260.7 0  20.0 3   8.4  68.4 0
SCZ       123.2  71.9 226.9   0.1 3   0.0 999.9 0   1.0 3   5.5 264.9 0  20.0 3   9.9  69.9 0
SEY       115.3   6.5 188.8   0.1 3   0.0 999.9 1   1.0 3   4.8 264.2 0  20.0 3  24.8  84.8 0
SSB       149.9 274.4 118.8   0.1 3   0.0 999.9 0   1.0 3   9.8 269.2 0  20.0 3  36.2  96.2 0
TAM       134.3 247.8 141.4   0.1 3   0.0 999.9 0   1.0 3   6.3 265.8 0  20.0 3   4.5  64.5 0
UNM       124.3 103.2 219.7   0.1 3   0.0 999.9 1   1.0 3   5.6 265.0 0  20.0 3  10.7  70.7 0
WFM       157.2 103.1 235.6   0.1 3   0.0 999.9 0

  1992  2  2   0 31 30.2   -51.930   139.500   15.0  5.6  6.3  seed seed.dat                  020292B
BNG       112.2 247.2 145.0   0.1 3   0.0 345.3 0   1.0 3   0.0 254.7 0   5.0 3   0.0  82.5 0
CAN        17.9  26.0 199.4   0.1 3   0.0 999.9 0   1.0 3   0.0 244.1 0  20.0 3   0.0  26.1 0
CRZF       54.1 238.3 130.4   0.1 3   0.0 999.9 0   1.0 3   0.0 249.5 0   5.0 3   0.0  48.5 0
ECH       149.7 281.5 114.5   0.1 3   0.0 999.9 1   1.0 3   0.3 259.7 0  20.0 3   6.0  66.0 0
INU        87.1 358.0 178.5   0.1 3   0.0 999.9 1   1.0 3   0.0 252.7 0
KIP        91.2  55.9 213.4   0.1 3   0.0 999.9 0   1.0 3   0.0 253.1 0  20.0 3   0.0  49.9 0
PAF        42.4 244.8 121.1   0.1 3   0.0 999.9 0   1.0 3   0.0 248.0 0   5.0 3   0.0  67.5 0
PPT        64.6  86.4 220.3   0.1 3   0.0 999.9 0   1.0 3   0.0 250.6 0
RER        69.8 261.1 139.1   0.1 3   0.0 999.9 0   1.0 3   0.0 251.2 0  20.0 3   0.0  59.0 0
SCZ       123.1  71.7 227.1   0.1 3   0.0 999.9 0   1.0 3   0.0 255.5 0  20.0 3   0.4  60.4 0
SEY       115.1   6.5 188.8   0.1 3   0.0 999.9 1   1.0 3   0.0 254.8 0  20.0 3  15.4  75.4 0
SSB       149.9 274.7 118.5   0.1 3   0.0 999.9 0   1.0 3   0.4 259.8 0  20.0 3  26.8  86.8 0
TAM       134.4 247.9 141.2   0.1 3   0.0 999.9 0   1.0 3   0.0 256.3 0  20.0 3   0.0  55.1 0
UNM       124.2 103.0 219.9   0.1 3   0.0 999.9 1   1.0 3   0.0 255.6 0  20.0 3   1.3  61.3 0
WFM       157.2 102.7 236.0   0.1 3   0.0 999.9 0

  1992  2  2  17 43 35.0    45.590   151.120   30.9  5.5  5.6  seed seed.dat                  020292D
BNG       114.7 306.3  34.7   0.1 3   0.0 262.3 0   1.0 3   4.8 134.8 0   5.0 3  42.4  78.4 0
CAN        80.7 181.8   1.5   0.1 3   0.0 999.9 0   1.0 3   2.2 132.2 0  20.0 3  14.1  74.1 0
CRZF      126.4 238.2  59.7   0.1 3   0.0 999.9 0   1.0 3   5.6 135.6 0   5.0 3  40.4  72.4 0
DRV       112.4 184.8   8.4   0.1 3   0.0 999.9 0   1.0 3   4.5 134.5 0
ECH        81.2 336.6  24.6   0.1 3   0.0 999.9 1   1.0 3   2.2 132.2 0  20.0 3   0.0  60.0 0
INU        14.8 231.2  42.0   0.1 3   0.0 999.9 1   1.0 3   0.0 123.4 0  20.0 3   0.0  39.0 0
KIP        47.8 102.7 312.7   0.1 3   0.0 999.9 0   1.0 3   0.0 128.6 0
MBO       119.2 346.8   9.6   0.1 3   0.0 999.9 0   1.0 3   5.1 135.1 0
PAF       117.9 227.1  51.8   0.1 3   0.0 999.9 0   1.0 3   5.0 135.0 0
PPT        82.7 124.1 322.4   0.1 3   0.0 999.9 0   1.0 3   2.4 132.4 0
RER       108.5 258.7  47.6   0.1 3   0.0 999.9 0   1.0 3   4.3 134.3 0
SCZ        63.3  63.9 308.4   0.1 3   0.0 999.9 0   1.0 3   0.5 130.5 0  20.0 3   1.4  61.4 0
SEY        17.4   1.9 182.9   0.1 3   0.0 999.9 1   1.0 3   0.0 124.0 0  20.0 3   0.0  39.3 0
SSB        84.6 337.1  22.8   0.1 3   0.0 999.9 0   1.0 3   2.5 132.5 0  20.0 3  16.7  76.7 0
TAM       105.0 327.4  24.2   0.1 3   0.0 999.9 0   1.0 3   4.1 134.1 0
UNM        89.3  62.6 318.7   0.1 3   0.0 376.3 1   1.0 3   3.0 133.0 0  20.0 3  11.2  71.2 0
WFM        84.2  30.1 331.5   0.1 3   0.0 999.9 0

  1992  2  3   7 13 44.4    -6.110   131.840  100.8  5.2  0.0  seed seed.dat                  020392B
BNG       113.6 272.1  94.7   0.1 3   0.0 999.9 0
CAN        33.1 153.8 327.5   0.1 3   0.0 999.9 0
CRZF       78.7 224.0  87.1   0.1 3   0.0 999.9 0
DRV        60.8 176.3 350.7   0.1 3   0.0 999.9 0
ECH       117.2 321.8  66.5   0.1 3   0.0 999.9 1  20.0 3   0.0  59.8 0
INU        41.6   6.4 187.8   0.1 3   0.0 999.9 1
KIP        74.0  65.8 256.8   0.1 3   0.0 999.9 0
MBO       148.2 287.3  77.9   0.1 3   0.0 999.9 0
PAF        67.1 218.6  71.9   0.1 3   0.0 999.9 0
PPT        77.3 106.6 267.5   0.1 3   0.0 999.9 0
RER        74.9 249.8  90.9   0.1 3   0.0 999.9 0
SCZ       107.1  53.8 275.4   0.1 3   0.0 999.9 0
SEY        70.7   9.8 201.7   0.1 3   0.0 999.9 1
SSB       120.0 319.5  65.7   0.1 3   0.0 999.9 0
TAM       125.7 293.5  80.6   0.1 3   0.0 999.9 0
UNM       128.7  70.3 278.1   0.1 3   0.0 999.9 0
WFM       138.1  26.1 324.1   0.1 3   0.0 999.9 0

  1992  2  4   1 58 38.9    -7.350   109.750   49.0  5.0  4.4  seed seed.dat                  020492A
BNG        91.8 274.2  97.2   0.1 3   0.0 999.9 0
CAN        45.5 133.5 298.3   0.1 3   0.0 999.9 0
CRZF       62.9 221.2  70.9   0.1 3   0.0 999.9 0
DRV        62.8 167.0 325.7   0.1 3   0.0 999.9 0
ECH       103.8 317.7  85.3   0.1 3   0.0 999.9 1
INU        49.7  29.5 216.7   0.1 3   0.0 999.9 1
KIP        94.7  69.1 264.1   0.1 3   0.0 999.9 0
MBO       127.3 282.3  88.1   0.1 3   0.0 983.2 0
PAF        53.4 211.2  51.9   0.1 3   0.0 999.9 0
PPT        97.9 108.9 259.6   0.1 3   0.0 999.9 0
RER        53.9 249.2  83.6   0.1 3   0.0 999.9 0
SCZ       125.2  50.1 289.4   0.1 3   0.0 999.9 0
SEY        77.3  18.5 223.6   0.1 3   0.0 999.9 1
SSB       105.9 314.9  84.1   0.1 3   0.0 999.9 0
TAM       105.9 291.5  91.2   0.1 3   0.0 999.9 0
UNM       149.5  64.3 289.5   0.1 3   0.0 999.9 0
WFM       144.8   1.6 357.9   0.1 3   0.0 999.9 0

  1992  2  4  13  4 45.9   -19.400  -177.940  628.5  5.4  0.0  seed seed.dat                  020492B
BNG       158.1 228.9 134.0   0.1 3   0.0 999.9 0
CAN        33.2 234.6  70.3   0.1 3   0.0 999.9 0
CRZF      100.4 212.4 133.0   0.1 3   0.0 999.9 0
DRV        54.4 199.1  51.1   0.1 3   0.0 999.9 0
ECH       150.9 352.9   9.8   0.1 3   0.0 999.9 1
INU        69.3 321.7 134.3   0.1 3   0.0 999.9 1
KIP        45.1  26.7 207.1   0.1 3   0.0 999.9 0
MBO       161.1 103.1 252.6   0.1 3   0.0 317.1 0
PAF        88.8 217.3 119.0   0.1 3   0.0 999.9 0
PPT        26.9  90.8 261.6   0.1 3   0.0 655.2 0
RER       113.7 235.1 123.9   0.1 3   0.0 999.9 0
SCZ        77.2  43.6 234.0   0.1 3   0.0 999.9 0
SEY        85.5 346.8 152.0   0.1 3   0.0 999.9 1
SSB       154.1 355.9   5.3   0.1 3   0.0 999.9 0
TAM       175.3 314.7  42.2   0.1 3   0.0 999.9 0
UNM        86.3  68.3 248.2   0.1 3   0.0 999.9 0
WFM       114.9  51.4 266.3   0.1 3   0.0 999.9 0

  1992  2  5   5 33 14.9    45.390   151.370   33.0  5.6  0.0  seed seed.dat                  020592A
BNG       115.0 306.4  34.8   0.1 3   0.0 999.9 0   1.0 3   4.8 134.8 0
CAN        80.6 182.0   1.7   0.1 3   0.0 999.9 0   1.0 3   2.1 132.1 0
CRZF      126.5 238.2  60.0   0.1 3   0.0 999.9 0   1.0 3   5.6 135.6 0
DRV       112.2 184.9   8.6   0.1 3   0.0 999.9 0   1.0 3   4.5 134.5 0
ECH        81.5 336.8  24.5   0.1 3   0.0 999.9 1   1.0 3   2.2 132.2 0  20.0 3  14.6  74.6 0
INU        14.8 232.4  43.0   0.1 3   0.0 999.9 1   1.0 3   0.0 123.4 0
KIP        47.6 102.7 312.5   0.1 3   0.0 999.9 0   1.0 3   0.0 128.5 0
PAF       117.9 227.1  52.2   0.1 3   0.0 301.6 0   1.0 3   4.9 134.9 0
PPT        82.5 124.2 322.4   1.0 3   2.3 132.3 0
RER       108.7 258.8  47.9   0.1 3   0.0 999.9 0   1.0 3   4.3 134.3 0  20.0 3  26.1  86.1 0
SCZ        63.2  64.0 308.1   0.1 3   0.0 999.9 0   1.0 3   0.4 130.4 0
SEY        17.6   1.5 182.3   0.1 3   0.0 999.9 1   1.0 3   0.0 124.0 0  20.0 3   0.0  43.7 0
SSB        84.9 337.3  22.7   0.1 3   0.0 999.9 0   1.0 3   2.5 132.5 0
TAM       105.2 327.6  24.1   0.1 3   0.0 999.9 0   1.0 3   4.0 134.0 0
UNM        89.2  62.8 318.4   0.1 3   0.0 999.9 0   1.0 3   2.9 132.9 0
WFM        84.2  30.2 331.3   0.1 3   0.0 999.9 0

  1992  2  5  13 13 42.5    52.190  -170.090   27.0  5.4  5.5  seed seed.dat                  020592B
BNG       123.0 349.8   6.3   0.1 3   0.0 999.9 0   1.0 3   5.4 135.4 0
CAN        94.4 212.6  23.9   0.1 3   0.0 999.9 0   1.0 3   3.3 133.3 0  20.0 3  17.9  77.9 0
CRZF      152.4 265.9  63.2   0.1 3   0.0 999.9 0   1.0 3   9.7 139.7 0
DRV       124.5 201.8  34.9   0.1 3   0.0 999.9 0   1.0 3   5.4 135.4 0  20.0 3  31.0  91.0 0
ECH        79.8   1.9 358.3   0.1 3   0.0 999.9 1   1.0 3   2.0 132.0 0  20.0 3   0.0  44.2 0
INU        40.7 267.1  48.7   0.1 3   0.0 999.9 1   1.0 3   0.0 127.6 0
KIP        32.1 158.5 346.0   0.1 3   0.0 999.9 0   1.0 3   0.0 126.4 0  20.0 3   0.0  49.7 0
MBO       109.6  27.6 342.8   1.0 3   4.4  49.3 0   5.0 3  33.3  69.3 0
PAF       142.8 250.2  62.5   0.1 3  23.3 999.9 0   1.0 3  23.3 136.8 0
RER       133.1 293.9  37.4   0.1 3   0.0 999.9 0   1.0 3   6.2 136.2 0  20.0 3   0.0  15.9 0
SCZ        37.3  95.0 310.4   0.1 3   0.0 999.9 0   1.0 3   0.0 127.2 0  20.0 3   0.0  99.2 0
SEY        22.4 313.2 101.1   0.1 3   0.0 999.9 1   1.0 3   0.0 124.9 0  20.0 3   0.0  39.2 0
SSB        82.6   3.8 356.7   0.1 3   0.0 999.9 0   1.0 3   2.3 132.3 0  20.0 3  22.6  82.6 0
TAM       105.1   4.2 357.2   0.1 3   0.0 999.9 0   1.0 3   4.1 134.1 0
UNM        63.3  92.5 319.4   0.1 3   0.0 999.9 0   1.0 3   0.5 130.5 0  20.0 3   0.0 112.1 0
WFM        62.3  55.4 316.7   0.1 3   0.0 999.9 0

  1992  2  5  14 21 10.7    14.430   -92.710   56.9  4.9  0.0  seed seed.dat                  020592D
BNG       109.3  79.9 286.9   0.1 3   0.0 999.9 0   1.0 3   0.0  67.9 0   5.0 3  32.8  60.8 0
CAN       121.2 237.5  94.5   0.1 3   0.0 999.9 0   1.0 3   0.0  65.8 0  20.0 3   0.0  10.5 0
CRZF      136.4 144.3 234.2   0.1 3   0.0 999.9 0   1.0 3   0.0  72.3 0
DRV       117.5 201.0 119.9   0.1 3   0.0 999.9 0   1.0 3   0.0  68.0 0  20.0 3   0.0  23.5 0
ECH        85.7  41.3 287.0   0.1 3   0.0 999.9 1   1.0 3   0.0  64.5 0  20.0 3  15.7  75.7 0
INU       111.6 317.9  52.5   0.1 3   0.0 999.9 1   1.0 3   0.0  60.1 0
KIP        62.1 286.8  84.5   0.1 3   0.0 999.9 0   1.0 3   0.0  58.9 0
MBO        73.0  79.1 281.0   5.0 3   0.0   1.8 0
PAF       142.4 161.5 207.6   0.1 3   0.0 999.9 0   1.0 3   0.0  69.4 0   5.0 3  23.8  51.8 0
RER       149.3 106.8 262.2   0.1 3   0.0 999.9 0   1.0 3   0.0  68.7 0
SCZ        33.8 316.0 123.2   0.1 3   0.0 999.9 0   1.0 3   0.0  59.7 0  20.0 3   0.0  31.8 0
SEY        88.0 335.5  61.4   0.1 3   0.0 999.9 1   1.0 3   0.0  57.4 0
SSB        84.8  44.6 285.4   0.1 3   0.0 999.9 0   1.0 3   0.0  64.8 0  20.0 3   0.0  15.1 0
TAM        91.8  66.0 286.5   0.1 3   0.0 999.9 0   1.0 3   0.0  66.6 0
UNM         7.9 309.1 127.2   0.1 3   0.0 999.9 0   1.0 3   0.0  63.0 0  20.0 3   0.0  44.6 0
WFM        33.5  28.9 219.5   0.1 3   0.0 999.9 0

  1992  2  5  23 10 50.6    31.420    66.920   15.0  5.1  5.4  seed seed.dat                  020592E
BNG        52.7 249.6  53.4   0.1 3   0.0 965.0 0   5.0 3   7.2  43.2 0
CAN       101.8 124.0 300.0   0.1 3   0.0 999.9 0
CRZF       78.9 190.6  13.1   0.1 3   0.0 999.9 0
DRV       112.2 155.6 297.8   0.1 3   0.0 999.9 0  20.0 3  29.9  89.9 0
ECH        47.6 308.6  87.8   0.1 3   0.0 999.9 1  20.0 3   0.0  55.0 0
INU        57.5  65.5 287.8   0.1 3   0.0 999.9 1  20.0 3   7.8  67.8 0
KIP       111.9  45.1 319.5   0.1 3   0.0 999.9 0
PAF        80.6 177.8 357.1   0.1 3   0.0 626.0 0   5.0 3  18.2  46.2 0
RER        53.5 193.0  11.9   0.1 3   0.0 999.9 0  20.0 3   0.0  29.0 0
SCZ       111.7   7.2 352.4   0.1 3   0.0 999.9 0  20.0 3  31.1 151.1 0
SEY        60.4  31.5 281.8   0.1 3   0.0 999.9 1  20.0 3   8.1  68.1 0
SSB        49.6 304.9  83.5   0.1 3   0.0 999.9 0
TAM        54.7 277.1  66.8   0.1 3   0.0 999.9 0  20.0 3   3.8  63.8 0
UNM       127.7 343.4  15.0   0.1 3   0.0 999.9 0  20.0 3  37.0 157.0 0
WFM        96.9 330.5  34.7   0.1 3   0.0 999.9 0

  1992  2  6   1 12 39.3    -6.310   103.210   36.4  5.9  6.4  seed seed.dat                  020692A
BNG        85.2 274.9  96.7   0.1 3   0.0 843.2 0   1.0 3   2.5 183.3 0   5.0 3   1.3  93.3 0
CAN        51.0 131.0 293.4   0.1 3   0.0 999.9 0   1.0 3   0.0 339.0 0  20.0 3   0.0  41.0 0
CRZF       59.5 218.8  64.4   0.1 3   0.0 999.9 0   1.0 3   0.0 340.0 0   5.0 3   0.0  91.3 0
DRV        65.4 164.8 319.0   0.1 3   0.0 999.9 0   1.0 3   0.6 340.6 0  20.0 3   0.0 103.1 0
ECH        98.7 317.7  89.5   0.1 3   0.0 999.9 1   1.0 3   3.5 343.5 0  20.0 3   0.0  45.2 0
INU        52.3  35.1 224.5   0.1 3   0.0 999.9 1   1.0 3   0.0 339.1 0  20.0 3   0.0  39.9 0
KIP       100.4  69.5 267.4   0.1 3   0.0 999.9 0   1.0 3   3.7 343.7 0
PAF        51.2 207.2  44.1   0.1 3   0.0 504.2 0   1.0 3   0.0 339.0 0   5.0 3   0.0  88.3 0
PPT       104.3 109.9 258.4   0.1 3   0.0 999.9 0
RER        48.2 247.3  79.3   0.1 3   0.0 999.9 0   1.0 3   0.0 338.7 0  20.0 3   0.0  29.2 0
SCZ       129.3  47.0 295.8   0.1 3   0.0 999.9 0   1.0 3   5.8 345.8 0  20.0 3   0.0  29.3 0
SEY        78.5  20.7 230.2   0.1 3   0.0 999.9 1   1.0 3   1.9 341.9 0  20.0 3   0.0  46.3 0
SSB       100.6 314.7  88.1   0.1 3   0.0 999.9 0   1.0 3   3.7 343.7 0  20.0 3   0.0  49.6 0
TAM        99.5 291.9  92.7   0.1 3   0.0 999.9 0   1.0 3   3.6 343.6 0  20.0 3  20.0  80.0 0
UNM       154.7  57.4 298.2   0.1 3   0.0 999.9 0   1.0 3   9.9 349.9 0  20.0 3   0.0  35.2 0
WFM       143.5 353.4   8.8   0.1 3   0.0 999.9 0

  1992  2  6   3 54 38.4    -6.360   103.420   34.7  5.4  5.4  seed seed.dat                  020692E
BNG        85.4 274.9  96.7   0.1 3   0.0 681.2 0   1.0 3   0.0 180.5 1
CAN        50.8 131.1 293.5   0.1 3   0.0 999.9 0   1.0 3   0.0 177.0 0  20.0 3   0.0 119.0 0
CRZF       59.6 218.9  64.7   0.1 3   0.0 999.9 0   1.0 3   0.0 178.0 0   5.0 3   0.0  37.4 0
DRV        65.3 164.8 319.2   0.1 3   0.0 999.9 0   1.0 3   0.0 178.7 0  20.0 3   0.0  97.1 0
ECH        98.9 317.7  89.4   0.1 3   0.0 999.9 1   1.0 3   0.0 181.5 0  20.0 3   0.0 109.2 0
INU        52.3  35.0 224.2   0.1 3   0.0 999.9 1   1.0 3   0.0 177.1 0  20.0 3   0.0  34.0 0
KIP       100.3  69.5 267.3   0.1 3   0.0 999.9 0   1.0 3   0.0 181.7 0
PAF        51.2 207.4  44.4   0.1 3   0.0 342.2 0   1.0 3   0.0 177.0 0   5.0 3   0.0  74.4 1
PPT       104.1 109.9 258.4   0.1 3   0.0 999.9 0
RER        48.4 247.4  79.5   0.1 3   0.0 999.9 0   1.0 3   0.0 176.7 0
SCZ       129.2  47.2 295.6   0.1 3   0.0 999.9 0   1.0 3   0.0 183.8 0  20.0 3   0.0  94.3 1
SEY        78.5  20.6 230.0   0.1 3   0.0 999.9 1   1.0 3   0.0 179.9 0
SSB       100.7 314.7  88.0   0.1 3   0.0 999.9 0   1.0 3   0.0 181.7 0
TAM        99.7 291.9  92.7   0.1 3   0.0 999.9 0   1.0 3   0.0 181.6 0
UNM       154.5  57.7 297.9   0.1 3   0.0 999.9 0   1.0 3   0.0 187.9 0
WFM       143.5 353.6   8.5   0.1 3   0.0 999.9 0

  1992  2  7   6 35 26.0    52.840   159.910   59.4  5.4  4.4  seed seed.dat                  020792C
BNG       114.2 317.1  24.5   0.1 3   0.0 898.4 0
CAN        88.5 188.9   6.6   0.1 3   0.0 999.9 0
CRZF      134.9 248.3  54.7   0.1 3   0.0 999.9 0
DRV       120.3 189.1  13.9   0.1 3   0.0 999.9 0
ECH        76.5 341.7  16.5   0.1 3   0.0 999.9 1
INU        23.8 231.9  35.7   0.1 3   0.0 999.9 1
KIP        44.9 117.8 324.9   0.1 3   0.0 999.9 0
MBO       112.9 356.7   2.1   0.1 3   0.0 999.9 0
PAF       126.9 235.1  49.6   0.1 3   0.0 999.9 0
PPT        82.7 131.9 331.8   0.1 3   0.0 804.5 0
RER       115.1 268.0  40.6   0.1 3   0.0 999.9 0
SCZ        55.3  73.4 313.8   0.1 3   0.0 999.9 0
SEY        10.9 341.5 155.1   0.1 3   0.0 999.9 1  20.0 3   0.0  39.5 0
SSB        79.8 342.7  14.8   0.1 3   0.0 999.9 0
TAM       101.3 336.1  15.5   0.1 3   0.0 999.9 0
UNM        81.1  69.6 323.0   0.1 3   0.0 999.9 0
WFM        75.0  36.6 330.7   0.1 3   0.0 999.9 0

  1992  2  7   9 48 40.0    55.400   161.450  146.5  5.0  0.0  seed seed.dat                  020792D
BNG       112.9 319.4  21.9   0.1 3   0.0 705.2 0
CAN        91.2 190.2   7.1   0.1 3   0.0 999.9 0
CRZF      136.6 251.7  51.7   0.1 3   0.0 999.9 0
DRV       123.0 190.0  14.4   0.1 3   0.0 999.9 0
ECH        74.3 342.5  14.8   0.1 3   0.0 999.9 1
INU        26.1 230.1  32.3   0.1 3   0.0 999.9 1
KIP        45.4 121.7 328.6   0.1 3   0.0 999.9 0
MBO       110.3 358.4   1.0   0.1 3   0.0 999.9 0
PAF       129.1 237.6  47.5   0.1 3   0.0 999.9 0
PPT        83.8 133.5 334.3   0.1 3   0.0 611.3 0
RER       116.1 270.5  37.8   0.1 3   0.0 999.9 0
SCZ        53.8  76.2 316.5   0.1 3   0.0 999.9 0
SEY         8.9 332.1 144.3   0.1 3   0.0 999.9 1
SSB        77.6 343.6  13.2   0.1 3   0.0 999.9 0
TAM        99.3 337.6  13.6   0.1 3   0.0 999.9 0
UNM        79.4  71.2 325.1   0.1 3   0.0 999.9 0
WFM        72.4  38.1 331.6   0.1 3   0.0 999.9 0

  1992  2  7  16 18 14.4   -26.080  -176.740   67.1  5.1  0.0  seed seed.dat                  020792E
BNG       153.9 216.4 147.2   0.1 3   0.0 315.6 0   5.0 3   0.0  48.8 1
CAN        30.7 244.2  82.1   0.1 3   0.0 999.9 0
CRZF       95.3 211.3 137.5   0.1 3   0.0 999.9 0
DRV        48.5 201.3  55.4   0.1 3   0.0 999.9 0
ECH       157.7 353.0   9.1   0.1 3   0.0 999.9 1
INU        75.3 322.3 137.7   0.1 3   0.0 999.9 1
KIP        50.7  22.8 202.0   0.1 3   0.0 999.9 0  20.0 3   0.0   1.2 0
MBO       157.8 118.3 235.7   0.1 3   0.0 999.9 0
PAF        84.1 217.1 123.9   0.1 3   0.0 999.9 0
PPT        26.6  76.9 246.7   0.1 3   0.0 221.7 0
RER       110.7 232.2 130.4   0.1 3   0.0 999.9 0
SCZ        81.4  42.1 228.6   0.1 3   0.0 999.9 0
SEY        92.2 346.4 152.4   0.1 3   0.0 999.9 1
SSB       160.8 357.2   3.4   0.1 3   0.0 999.9 0
TAM       176.1 210.4 145.9   0.1 3   0.0 999.9 0
UNM        87.8  67.5 241.6   0.1 3   0.0 999.9 0  20.0 3  12.6  72.6 0
WFM       118.1  54.0 259.7   0.1 3   0.0 999.9 0

  1992  2  8   8 22 34.1     7.140   -78.540   15.0  5.1  4.3  seed seed.dat                  020892A
BNG        96.5  84.7 277.7   0.1 3   0.0 999.9 0
CAN       128.2 230.3 111.6   0.1 3   0.0 999.9 0
CRZF      122.3 141.4 243.0   0.1 3   0.0 999.9 0
DRV       115.0 195.9 137.1   0.1 3   0.0 999.9 0
ECH        81.8  42.3 271.7   0.1 3   0.0 999.9 1
INU       126.0 324.0  45.3   0.1 3   0.0 999.9 1
KIP        77.6 290.4  87.0   0.1 3   0.0 999.9 0
MBO        60.8  77.5 270.3   0.1 3   0.0 999.9 0
PAF       130.4 153.5 222.3   0.1 3   0.0 999.9 0
PPT        74.3 249.6  77.2   0.1 3   0.0 337.4 0
RER       133.7 112.3 259.1   0.1 3   0.0 999.9 0
SCZ        48.8 313.3 116.1   0.1 3   0.0 999.9 0
SEY       100.1 338.9  51.3   0.1 3   0.0 999.9 1
SSB        80.1  45.3 270.3   0.1 3   0.0 999.9 0
TAM        81.8  68.0 274.4   0.1 3   0.0 999.9 0
UNM        23.4 303.2 118.4   0.1 3   0.0 999.9 0  20.0 3   0.0  43.8 0
WFM        35.9   8.9 192.0   0.1 3   0.0 999.9 0

  1992  2  8  10  3 48.4    45.220   150.930   51.0  5.1  0.0  seed seed.dat                  020892B
BNG       114.8 306.0  35.1   0.1 3   0.0 999.9 0
CAN        80.4 181.6   1.4   0.1 3   0.0 999.9 0
CRZF      126.1 237.9  60.0   0.1 3   0.0 999.9 0
DRV       112.0 184.7   8.3   0.1 3   0.0 999.9 0
ECH        81.5 336.5  24.9   0.1 3   0.0 999.9 1
INU        14.5 231.9  42.8   0.1 3   0.0 999.9 1
KIP        47.8 102.2 312.2   0.1 3   0.0 999.9 0
MBO       119.5 346.5   9.8   0.1 3   0.0 999.9 0
PAF       117.6 226.9  52.0   0.1 3   0.0 999.9 0
PPT        82.6 123.9 322.0   0.1 3   0.0 236.1 0
RER       108.3 258.5  48.0   0.1 3   0.0 999.9 0
SCZ        63.6  63.7 308.1   0.1 3   0.0 999.9 0
SEY        17.8   2.2 183.3   0.1 3   0.0 999.9 1
SSB        84.9 337.0  23.1   0.1 3   0.0 999.9 0
TAM       105.2 327.2  24.5   0.1 3   0.0 999.9 0
UNM        89.6  62.5 318.4   0.1 3   0.0 999.9 0
WFM        84.6  29.9 331.5   0.1 3   0.0 999.9 0

  1992  2  9   7 49 18.1    51.800  -177.790   34.2  5.1  4.3  seed seed.dat                  020992B
BNG       122.2 340.7  11.9   0.1 3   0.0 999.9 0
CAN        91.7 206.7  20.0   0.1 3   0.0 999.9 0
CRZF      147.6 260.2  62.6   0.1 3   0.0 999.9 0
DRV       122.5 198.6  29.7   0.1 3   0.0 999.9 0
ECH        80.1 356.7   3.1   0.1 3   0.0 999.9 1
INU        35.9 260.9  48.5   0.1 3   0.0 999.9 1  20.0 3   0.0  21.3 0
KIP        34.0 145.6 337.9   0.1 3   0.0 999.9 0
MBO       111.9  20.0 347.3   0.1 3   0.0 999.9 0
PPT        73.5 151.8 342.1   0.1 3   0.0 999.9 0
RER       128.8 286.1  40.0   0.1 3   0.0 999.9 0
SCZ        42.0  88.3 309.6   0.1 3   0.0 999.9 0  20.0 3   0.0  51.6 0
SEY        19.3 316.7 111.3   0.1 3   0.0 970.5 1
SSB        83.1 358.3   1.5   0.1 3   0.0 999.9 0
TAM       105.5 356.8   2.1   0.1 3   0.0 999.9 0
UNM        68.0  86.3 319.0   0.1 3   0.0 999.9 0
WFM        66.3  50.5 319.5   0.1 3   0.0 999.9 0

  1992  2 10   2 50  8.6    31.040   139.630   15.0  4.9  4.8  seed seed.dat                  021092A
BNG       113.7 291.4  53.4   0.1 3   0.0 999.9 0
CAN        66.8 171.6 351.2   0.1 3   0.0 999.9 0
CRZF      110.4 227.7  66.4   0.1 3   0.0 999.9 0
DRV        97.5 179.8 359.7   0.1 3   0.0 999.9 0
ECH        90.2 330.5  39.2   0.1 3   0.0 999.9 1  20.0 3  31.7  91.7 0
INU         4.8 333.8 152.4   0.1 3   0.0 999.9 1  20.0 3   0.0  34.5 0
KIP        56.1  83.7 293.7   0.1 3   0.0 999.9 0  20.0 3   0.0  59.8 0
MBO       129.4 330.2  26.2   0.1 3   0.0 859.7 0
PAF       101.1 218.7  55.1   0.1 3   0.0 999.9 0
PPT        83.4 114.8 305.2   0.1 3   0.0 999.9 0
RER        95.7 249.0  59.2   0.1 3   0.0 999.9 0  20.0 3   0.0  48.7 0
SCZ        78.5  54.1 300.3   0.1 3   0.0 999.9 0  20.0 3   7.8  67.8 0
SEY        32.9  10.7 200.4   0.1 3   0.0 999.9 0  20.0 3   0.0  50.8 1
SSB        93.6 330.1  37.3   0.1 3   0.0 999.9 0
TAM       110.6 315.1  41.1   0.1 3   0.0 999.9 0
UNM       104.4  56.4 310.8   0.1 3   0.0 999.9 0  20.0 3  21.2  81.2 0
WFM       101.2  22.8 333.2   0.1 3   0.0 999.9 0

  1992  2 10   3 18 43.0    29.230   142.540   19.6  5.1  5.2  seed seed.dat                  021092B
BNG       116.7 292.5  54.2   0.1 3   0.0 999.9 0
CAN        64.7 174.1 353.7   0.1 3   0.0 999.9 0
CRZF      111.1 228.0  69.7   0.1 3   0.0 999.9 0
DRV        95.8 181.0   2.2   0.1 3   0.0 999.9 0
ECH        93.0 332.0  37.8   0.1 3   0.0 999.9 1  20.0 3   3.2  63.2 0
INU         7.7 324.0 141.1   0.1 3   0.0 999.9 1  20.0 3   0.0   5.9 0
KIP        53.8  83.7 291.2   0.1 3   0.0 999.9 0  20.0 3   0.0  31.2 0
MBO       132.2 332.8  24.4   0.1 3   0.0 831.1 0
PAF       101.3 219.6  58.3   0.1 3   0.0 999.9 0
PPT        80.4 116.2 304.7   0.1 3   0.0 999.9 0
RER        97.5 250.2  61.8   0.1 3   0.0 999.9 0  20.0 3   0.0  20.1 0
SCZ        77.5  54.9 297.3   0.1 3   0.0 999.9 0  20.0 3   0.0  39.2 0
SEY        34.3   8.0 195.4   0.1 3   0.0 999.9 0  20.0 3   0.0  22.2 0
SSB        96.4 331.7  35.9   0.1 3   0.0 999.9 0
TAM       113.7 316.7  40.5   0.1 3   0.0 999.9 0
UNM       103.3  58.6 307.8   0.1 3   0.0 999.9 0  20.0 3   0.0  52.6 0
WFM       101.8  24.9 330.1   0.1 3   0.0 999.9 0

  1992  2 10  12 38 58.7    21.300   121.970   28.8  5.0  5.2  seed seed.dat                  021092C
BNG       100.8 279.2  67.4   0.1 3   0.0 999.9 0
CAN        62.0 155.0 331.2   0.1 3   0.0 680.9 0
CRZF       92.5 220.7  61.5   0.1 3   0.0 999.9 0
DRV        88.9 172.9 343.2   0.1 3   0.0 999.9 0
ECH        89.5 322.7  57.7   0.1 3   0.0 999.9 1  20.0 3  18.9  78.9 0
INU        19.3  40.1 227.3   0.1 3   0.0 999.9 1
KIP        73.6  72.9 286.9   0.1 3   0.0 999.9 0
MBO       126.2 308.0  49.3   0.1 3   0.0 270.8 0
PAF        84.1 211.2  47.6   0.1 3   0.0 832.9 0
PPT        94.9 106.7 290.6   0.1 3   0.0 999.9 0
RER        77.3 241.2  61.1   0.1 3   0.0 999.9 0
SCZ        96.9  46.3 303.0   0.1 3   0.0 999.9 0
SEY        46.4  18.6 220.7   0.1 3   0.0 999.9 0  20.0 3   0.0  57.9 0
SSB        92.6 321.2  55.8   0.1 3   0.0 999.9 0
TAM       104.1 301.7  59.3   0.1 3   0.0 999.9 0
UNM       122.9  47.6 313.2   0.1 3   0.0 999.9 0
WFM       115.1  10.9 346.2   0.1 3   0.0 999.9 0

  1992  2 11  10 25 39.5    -9.640   125.240   19.0  5.7  5.3  seed seed.dat                  021192A
BNG       107.2 271.6  98.6   0.1 3   0.0 708.2 0   1.0 3   4.2 164.2 0   5.0 3  32.3 102.3 0
CAN        33.5 143.4 313.9   0.1 3   0.0 999.9 0   1.0 3   0.0 156.7 0  20.0 3   0.0  48.9 0
CRZF       71.6 224.3  84.8   0.1 3   0.0 999.9 0   1.0 3   1.3 161.3 0
DRV        57.9 173.1 342.7   0.1 3   0.0 999.9 0   1.0 3   0.0 159.9 0  20.0 3   0.0  50.1 0
ECH       115.7 319.0  74.7   0.1 3   0.0 999.9 1   1.0 3   4.8 164.8 0  20.0 3   1.2 121.2 0
INU        46.2  13.4 196.3   0.1 3   0.0 999.9 1   1.0 3   0.0 158.4 0  20.0 3   0.0  56.9 0
KIP        81.4  66.6 256.2   0.1 3   0.0 999.9 0   1.0 3   2.3 162.3 0
PAF        60.3 218.1  68.6   0.1 3   0.0 999.9 0   1.0 3   0.1 160.1 0   5.0 3   6.3  38.3 0
PPT        82.6 106.6 262.1   0.1 3   0.0 999.9 0   1.0 3   2.4 162.4 0
RER        67.5 251.1  92.0   0.1 3   0.0 999.9 0   1.0 3   0.9 160.9 0  20.0 3   7.2  67.2 0
SCZ       114.4  54.3 276.5   0.1 3   0.0 999.9 0   1.0 3   4.8 164.8 0  20.0 3  28.3  88.3 0
SEY        75.4  12.5 207.8   0.1 3   0.0 999.9 0   1.0 3   1.6 161.6 0  20.0 3  13.2  73.2 0
SSB       118.2 316.4  73.9   0.1 3   0.0 999.9 0   1.0 3   5.0 165.0 0
TAM       121.0 290.6  87.4   0.1 3   0.0 999.9 0   1.0 3   5.3 165.3 0
UNM       136.0  72.3 276.5   0.1 3   0.0 999.9 0   1.0 3   6.5 166.5 0  20.0 3  39.0 159.0 0
WFM       144.0  21.3 331.4   0.1 3   0.0 999.9 0

  1992  2 11  22 11 24.5    51.300  -174.230   54.0  5.1  0.0  seed seed.dat                  021192C
BNG       123.3 344.8   9.6   0.1 3   0.0   2.4 0
CAN        92.3 209.4  22.2   0.1 3   0.0 999.9 0
CRZF      149.7 261.6  64.3   0.1 3   0.0 999.9 0
DRV       122.8 199.9  32.4   0.1 3   0.0 999.9 0
ECH        80.7 359.1   0.9   0.1 3   0.0 999.9 1
INU        38.1 264.7  49.8   0.1 3   0.0 999.9 1
KIP        32.4 150.9 340.9   0.1 3   0.0 999.9 0
PAF       140.1 247.1  62.2   0.1 3   0.0 999.9 0
PPT        72.0 155.2 344.0   0.1 3   0.0 999.9 0
RER       131.0 289.1  39.8   0.1 3   0.0 999.9 0
SCZ        39.8  90.5 308.8   0.1 3   0.0 999.9 0
SEY        21.2 316.0 107.6   0.1 3   0.0 999.9 0
SSB        83.6   0.9 359.2   0.1 3   0.0 999.9 0
TAM       106.1   0.2 359.8   0.1 3   0.0 999.9 0
UNM        65.8  88.8 318.4   0.1 3   0.0 999.9 0
WFM        64.9  52.5 317.6   0.1 3   0.0 999.9 0

  1992  2 12   1  2  4.0    51.480   178.040   15.0  5.0  4.6  seed seed.dat                  021292A
BNG       121.5 335.9  14.9   0.1 3  31.9 999.9 0
CAN        90.3 203.5  17.7   0.1 3   0.0 999.9 0
CRZF      145.0 257.2  62.1   0.1 3   0.0 999.9 0
DRV       121.5 196.8  26.9   0.1 3   0.0 999.9 0
ECH        80.2 353.8   5.8   0.1 3   0.0 999.9 1
INU        33.3 257.3  48.2   0.1 3   0.0 999.9 1
KIP        35.3 139.1 334.0   0.1 3   0.0 999.9 0
PAF       135.8 243.4  58.9   0.1 3   0.0 999.9 0
PPT        74.5 147.9 339.6   0.1 3   0.0 999.9 0
RER       126.3 282.2  41.2   0.1 3   0.0 999.9 0
SCZ        44.7  84.8 309.3   0.1 3   0.0 999.9 0
SEY        17.8 319.8 118.0   0.1 3   0.0 999.9 0
SSB        83.3 355.4   4.1   0.1 3   0.0 999.9 0
TAM       105.6 352.9   4.8   0.1 3   0.0 999.9 0
UNM        70.6  83.0 319.0   0.1 3   0.0 999.9 0
WFM        68.5  47.9 321.1   0.1 3   0.0 999.9 0

  1992  2 12  11 56 53.9    17.780  -101.140   33.9  5.1  4.6  seed seed.dat                  021292B
BNG       116.5  75.4 292.3   0.1 3   0.0 576.9 0
CAN       116.1 239.0  86.3   0.1 3   0.0 999.9 0
CRZF      143.7 147.7 226.6   0.1 3   0.0 999.9 0
DRV       117.5 203.2 110.0   0.1 3   0.0 999.9 0
ECH        88.5  39.4 295.4   0.1 3   0.0 999.9 1
INU       103.6 314.5  56.2   0.1 3   0.0 999.9 1
KIP        53.4 283.8  83.2   0.1 3   0.0 999.9 0
MBO        80.3  77.9 286.0   0.1 3   0.0 999.9 0
PAF       147.7 169.3 195.4   0.1 3   0.0 999.9 0
PPT        59.3 236.2  56.1   0.1 3   0.0 999.9 0
RER       158.0 102.0 264.6   0.1 3   0.0 999.9 0
SCZ        25.9 320.4 130.9   0.1 3   0.0 999.9 0  20.0 3   0.0  46.0 0
SEY        81.5 333.7  67.3   0.1 3   0.0 999.9 0
SSB        88.0  42.8 293.6   0.1 3   0.0 999.9 0
TAM        97.7  63.0 293.0   0.1 3   0.0 999.9 0
UNM         2.4  50.1 230.7   0.1 3   0.0 999.9 0  20.0 3   0.0  32.8 0
WFM        35.3  39.2 234.7   0.1 3   0.0 999.9 0

  1992  2 12  17  6 23.0   -16.100  -172.570   15.0  5.1  5.2  seed seed.dat                  021292D
BNG       164.0 224.0 137.4   0.1 3   0.0 267.5 0
CAN        39.2 233.4  70.9   0.1 3   0.0 999.9 0
CRZF      105.9 210.2 135.7   0.1 3   0.0 999.9 0
DRV        59.2 199.9  55.5   0.1 3   0.0 999.9 0
ECH       147.9   0.3 359.5   0.1 3   0.0 999.9 1
INU        70.1 317.9 127.9   0.1 3   0.0 999.9 1
KIP        40.0  21.4 202.1   0.1 3   0.0 999.9 0  20.0 3   0.0  52.7 0
MBO       156.4  91.3 263.1   0.1 3   0.0 999.9 0
PAF        94.4 215.6 121.1   0.1 3   0.0 999.9 0
PPT        22.1  97.1 270.4   0.1 3   0.0 999.9 0
RER       119.8 233.3 124.3   0.1 3   0.0 999.9 0
SCZ        71.3  41.5 232.4   0.1 3   0.0 999.9 0  20.0 3   4.6  64.6 0
SEY        83.5 344.6 146.2   0.1 3   0.0 999.9 0
SSB       150.8   4.2 354.4   0.1 3   0.0 999.9 0
TAM       173.1  15.2 345.2   0.1 3   0.0 999.9 0
UNM        80.3  66.7 249.3   0.1 3   0.0 999.9 0  20.0 3  10.3  70.3 0
WFM       108.8  50.0 265.5   0.1 3   0.0 999.9 0

  1992  2 13   1 29 15.5   -16.140   166.360   15.0  6.1  6.8  seed seed.dat                  021392A
BNG       146.3 253.0 112.5   0.1 3   0.0 999.9 0   1.0 3   9.6 439.6 0   5.0 3   4.7 172.7 2
CAN        24.6 215.9  43.5   0.1 3   0.0 999.9 0   1.0 3   0.0 425.3 0  20.0 3   0.0  37.3 0
CRZF       94.3 219.1 118.9   0.1 3   0.0 999.9 0   1.0 3   3.3 433.3 0   5.0 3   0.0 158.7 0
DRV        53.4 192.7  32.1   0.1 3   0.0 999.9 0   1.0 3   0.0 429.3 0  20.0 3   0.0 221.5 0
ECH       143.7 336.2  34.9   0.1 3   0.0 999.9 1   1.0 3   6.9 436.9 0  20.0 3   0.0  51.6 0
INU        58.4 331.9 146.3   0.1 3   0.0 999.9 1   1.0 3   0.0 429.9 0  20.0 3   0.0  41.3 0
KIP        51.2  44.2 226.0   0.1 3   0.0 999.9 0   1.0 3   0.0 429.0 0  20.0 3   0.0  43.8 0
MBO       176.4 120.9 243.7   0.1 3   0.0 999.9 0   1.0 3  10.1 440.1 0   5.0 3   0.0 198.7 0
PAF        81.8 221.0 105.3   0.1 3   0.0 999.9 0   1.0 3   2.3 432.3 0   5.0 3   0.0 182.7 0
PPT        42.1  98.5 265.1   0.1 3   0.0 999.9 0   1.0 3   0.0 427.9 0  20.0 3   0.0  51.8 0
RER       102.5 243.4 113.0   0.1 3   0.0 999.9 0   1.0 3   3.9 433.9 0  20.0 3   0.0  77.4 0
SCZ        85.9  50.3 246.7   0.1 3   0.0 999.9 0   1.0 3   2.6 432.6 0  20.0 3   0.0  44.7 0
SEY        79.7 353.5 166.3   0.1 3   0.0 999.9 0   1.0 3   2.0 432.0 0  20.0 3   0.0  47.6 0
SSB       147.1 335.9  33.2   0.1 3   0.0 999.9 0   1.0 3   9.7 439.7 0  20.0 3   0.0  51.0 0
TAM       160.8 292.6  72.5   0.1 3   0.0 999.9 0   1.0 3  10.0 440.0 0  20.0 3   0.0  51.2 0
UNM        99.3  72.7 256.3   0.1 3   0.0 999.9 0   1.0 3   3.7 433.7 0  20.0 3   0.0  45.4 0
WFM       124.3  49.3 280.2   0.1 3   0.0 999.9 0   5.0 3   0.0 239.8 0

  1992  2 13   2 38 18.4    53.400  -165.580   15.0  5.4  5.7  seed seed.dat                  021392B
BNG       122.2 355.2   2.9   0.1 3   0.0 999.9 0   1.0 3   0.0 370.6 0   5.0 3   0.0 103.7 0
CAN        96.9 216.0  25.5   0.1 3   0.0 999.9 0   1.0 3   0.0 356.3 0
CRZF      155.2 271.8  60.7   0.1 3   0.0 999.9 0   1.0 3   0.0 364.2 0   5.0 3   0.0  89.7 0
DRV       126.7 203.9  37.5   0.1 3   0.0 999.9 0   1.0 3   0.0 360.2 0  20.0 3   0.0 152.4 0
ECH        78.4   4.9 355.6   0.1 3   0.0 999.9 1   1.0 3   0.0 367.8 0
INU        43.5 269.4  47.0   0.1 3   0.0 999.9 1   1.0 3   0.0 360.8 0
KIP        32.5 166.8 351.6   0.1 3   0.0 999.9 0   1.0 3   0.0 360.0 0
MBO       107.2  31.8 341.0   0.1 3   0.0 999.9 0   1.0 3   0.0 371.1 0   5.0 3   0.0 129.7 0
PAF       145.8 254.2  62.0   0.1 3   0.0 999.9 0   1.0 3   0.0 363.2 0   5.0 3   0.0 113.7 0
PPT        72.2 163.9 350.0   0.1 3   0.0 999.9 0   1.0 3   0.0 358.8 0
RER       135.0 299.7  34.2   0.1 3   0.0 999.9 0   1.0 3   0.0 364.9 0  20.0 3   0.0   8.3 0
SCZ        34.8 100.7 313.1   0.1 3   0.0 999.9 0   1.0 3   0.0 363.6 0
SEY        23.7 310.4  94.1   0.1 3   0.0 999.9 0   1.0 3   0.0 363.0 0  20.0 3   0.0  46.6 0
SSB        81.1   7.0 354.1   0.1 3   0.0 999.9 0   1.0 3   0.0 370.6 0
TAM       103.6   8.4 354.5   0.1 3   0.0 999.9 0   1.0 3   0.0 370.9 0  20.0 3   0.0  52.1 0
UNM        60.6  96.9 321.0   0.1 3   0.0 999.9 0   1.0 3   0.0 364.7 0
WFM        59.3  58.7 316.1   0.1 3   0.0 999.9 0   5.0 3   0.0 170.7 0

  1992  2 14   8 18 25.6    53.880   108.870   20.0  5.3  5.3  seed seed.dat                  021492A
BNG        86.6 273.0  36.4   0.1 3   0.0 999.9 0
CAN        95.5 147.9 337.4   0.1 3   0.0 999.9 0
CRZF      111.2 218.6  32.3   0.1 3   0.0 999.9 0
DRV       122.7 165.8 338.6   0.1 3   0.0 999.9 0
ECH        58.6 310.1  42.6   0.1 3   0.0 999.9 1
INU        27.0 121.8 322.1   0.1 3   0.0 999.9 1  20.0 3   0.0  48.2 0
KIP        74.7  74.5 322.3   0.1 3   0.0 999.9 0
PAF       108.1 205.5  23.0   0.1 3   0.0 999.9 0
PPT       110.8  91.2 321.5   0.1 3   0.0 999.9 0
RER        87.7 228.5  28.4   0.1 3   0.0 999.9 0
SCZ        79.8  38.8 332.5   0.1 3   0.0 999.9 0  20.0 3  20.5  80.5 0
SEY        24.0  50.5 268.2   0.1 3   0.0 999.9 0  20.0 3   0.0  48.5 0
SSB        62.0 309.4  40.4   0.1 3   0.0 999.9 0  20.0 3  11.8  71.8 0
TAM        79.3 294.1  35.8   0.1 3   0.0 999.9 0
UNM       103.1  27.0 343.4   0.1 3   0.0 999.9 0  20.0 3  32.2  92.2 0
WFM        83.7   0.3 359.8   0.1 3   0.0 999.9 0

  1992  2 14  12  2  3.0    -4.320   146.610   25.4  5.2  5.2  seed seed.dat                  021492C
BNG       128.2 272.2  91.9   0.1 3   0.0 999.9 0
CAN        31.0 176.2 355.4   0.1 3   0.0 999.9 0  20.0 3   0.0  50.6 0
CRZF       90.2 223.6  96.6   0.1 3   0.0 877.8 0   5.0 3  22.0  53.9 0
DRV        62.5 183.0   7.4   0.1 3   0.0 999.9 0  20.0 3   5.5  65.5 0
ECH       124.2 328.2  51.3   0.1 3   0.0 999.9 1  20.0 3  32.8  92.8 0
INU        40.6 347.9 165.2   0.1 3   0.0 999.9 1  20.0 3   0.0  50.5 0
KIP        60.0  62.4 251.5   0.1 3   0.0 999.9 0  20.0 3   0.0  19.0 0
PAF        77.9 220.5  82.6   0.1 3   0.0 999.9 0   5.0 3  14.0  45.9 0
PPT        63.8 107.4 273.8   0.1 3   0.0 999.9 0
RER        89.3 248.9  94.4   0.1 3   0.0 999.9 0
SCZ        94.2  53.8 267.9   0.1 3   0.0 999.9 0  20.0 3  14.4  74.4 0
SEY        67.3   2.9 186.2   0.1 3   0.0 999.9 0  20.0 3   6.9  66.9 0
SSB       127.4 326.8  50.3   0.1 3   0.0 999.9 0
TAM       138.1 299.6  69.5   0.1 3   0.0 999.9 0
UNM       114.3  70.9 274.2   0.1 3   0.0 999.9 0  20.0 3  26.6  86.6 0
WFM       129.0  35.9 307.9   0.1 3   0.0 999.9 0

  1992  2 14  16 10 38.9   -15.870   166.400   31.8  5.2  0.0  seed seed.dat                  021492D
BNG       146.4 253.3 112.1   0.1 3   0.0 999.9 0
CAN        24.9 215.6  43.2   0.1 3   0.0 999.9 0  20.0 3  12.0  72.0 0
CRZF       94.5 219.1 118.7   0.1 3   0.0 629.2 0
DRV        53.7 192.7  32.1   0.1 3   0.0 999.9 0
ECH       143.5 336.4  34.7   0.1 3   0.0 999.9 1
INU        58.2 331.8 146.1   0.1 3   0.0 999.9 1
KIP        51.0  44.3 226.2   0.1 3   0.0 999.9 0
PAF        82.0 221.0 105.1   0.1 3   0.0 999.9 0
PPT        42.1  98.8 265.5   0.1 3   0.0 999.9 0
RER       102.6 243.4 112.8   0.1 3   0.0 999.9 0
SCZ        85.7  50.3 246.9   0.1 3   0.0 999.9 0
SEY        79.4 353.5 166.2   0.1 3   0.0 999.9 0
SSB       146.9 336.1  33.0   0.1 3   0.0 999.9 0
TAM       160.7 293.3  71.7   0.1 3   0.0 999.9 0
UNM        99.2  72.6 256.5   0.1 3   0.0 999.9 0
WFM       124.1  49.2 280.4   0.1 3   0.0 999.9 0

  1992  2 14  16 32 38.6    -7.700   146.940   26.7  5.2  0.0  seed seed.dat                  021492E
BNG       128.6 269.4  96.2   0.1 3   0.0 999.9 0
CAN        27.6 176.4 355.6   0.1 3   0.0 999.9 0  20.0 3   0.0  50.0 0
CRZF       87.9 223.5  99.1   0.1 3   0.0 607.2 0
DRV        59.1 183.2   8.0   0.1 3   0.0 999.9 0
ECH       127.2 327.1  53.2   0.1 3   0.0 999.9 1
INU        43.9 348.3 165.7   0.1 3   0.0 999.9 1
KIP        61.3  60.6 247.9   0.1 3   0.0 999.9 0
PAF        75.5 221.1  85.1   0.1 3   0.0 999.9 0
PPT        62.5 105.8 270.3   0.1 3   0.0 999.9 0
RER        88.3 249.0  97.7   0.1 3   0.0 999.9 0
SCZ        95.9  54.0 265.0   0.1 3   0.0 999.9 0
SEY        70.7   2.6 185.7   0.1 3   0.0 999.9 0
SSB       130.4 325.5  52.3   0.1 3   0.0 999.9 0
TAM       140.0 296.3  73.8   0.1 3   0.0 999.9 0
UNM       115.0  72.4 270.6   0.1 3   0.0 999.9 0
WFM       131.5  37.9 305.0   0.1 3   0.0 999.9 0

  1992  2 17   0  1 56.5    79.250   124.100   15.0  6.0  5.5  seed seed.dat                  021792A
BNG        88.5 286.2  10.4   0.1 3   0.0 999.9 0   1.0 3   2.9 128.0 1   5.0 3  41.1  57.1 0
CAN       115.3 157.6 355.0   0.1 3   0.0 999.9 0   1.0 3   4.9 164.9 0
CRZF      132.2 242.6  14.0   0.1 3   0.0 999.9 0   1.0 3   6.1 166.1 0   5.0 3  42.1  78.1 0
DRV       146.1 168.7 354.7   0.1 3   0.0 999.9 0   1.0 3   9.6 169.6 0
ECH        47.6 306.3  13.1   0.1 3   0.0 999.9 1   1.0 3   0.0 158.6 0  20.0 3   0.0  40.9 0
INU        44.3 164.8 356.6   0.1 3   0.0 999.9 1   1.0 3   0.0 158.2 0  20.0 3   0.7  60.7 0
KIP        66.8  97.7 348.5   0.1 3   0.0 999.9 0   1.0 3   0.9 160.9 0  20.0 3   7.2  67.2 0
PPT       106.5  96.9 348.7   0.1 3   0.0 999.9 0   1.0 3   4.3 164.3 0
RER       106.8 245.0  10.5   0.1 3   0.0 999.9 0   1.0 3   4.3 164.3 0
SCZ        58.5  59.0 348.5   0.1 3   0.0 999.9 0   1.0 3   0.0 160.0 0  20.0 3   0.0 101.5 0
SEY        18.3 136.5 343.6   0.1 3   0.0 999.9 0   1.0 3   0.0 154.2 0  20.0 3   0.0  39.0 0
SSB        50.8 307.7  12.1   0.1 3   0.0 999.9 0   1.0 3   0.0 159.0 0  20.0 3   0.0  56.2 0
TAM        72.7 302.0   9.9   0.1 3   0.0 999.9 0   1.0 3   1.5 161.5 0  20.0 3  18.8  78.8 0
UNM        78.7  41.3 352.5   0.1 3   0.0 999.9 0   1.0 3   2.1 162.1 0  20.0 3   0.0  53.7 0
WFM        57.9  13.5 356.6   0.1 3   0.0 999.9 0

  1992  2 17   4 37 31.5   -56.060   157.840   15.0  5.5  5.7  seed seed.dat                  021792C
BNG       119.1 227.9 155.2   0.1 3   0.0 999.9 0   1.0 3   5.1 144.0 0   5.0 3  17.5  85.5 0
CAN        21.6 340.0 166.5   0.1 3   0.0 999.9 0   1.0 3   0.0 129.5 0  20.0 3   0.0  37.1 0
CRZF       60.5 229.7 141.8   0.1 3   0.0 999.9 0   1.0 3   0.1 137.5 0   5.0 3   0.0  54.5 0
DRV        13.5 211.3  47.0   0.1 3   0.0 999.9 0   1.0 3   0.0 133.1 0  20.0 3   0.0  35.1 0
ECH       160.5 257.6 123.8   0.1 3   0.0 999.9 1   1.0 3   9.9 144.1 0  20.0 3  12.4  72.4 0
INU        92.9 343.0 168.5   0.1 3   0.0 999.9 1   1.0 3   3.2 135.0 0
KIP        85.9  40.7 203.1   0.1 3   0.0 999.9 0   1.0 3   2.6 133.6 0
PAF        50.0 238.3 133.1   0.1 3   0.0 999.9 0   1.0 3   0.0 136.5 0   5.0 3   0.0  51.5 0
PPT        55.0  67.7 212.9   0.1 3   0.0 999.9 0   1.0 3   0.0 131.7 0
RER        79.1 248.2 146.1   0.1 3   0.0 999.9 0   1.0 3   2.1 138.4 0  20.0 3   0.0  56.5 0
SCZ       114.9  61.3 217.7   0.1 3   0.0 999.9 0   1.0 3   4.8 137.1 0  20.0 3   0.9  60.9 0
SEY       118.9 357.1 176.5   0.1 3   0.0 999.9 0   1.0 3   5.0 137.0 0  20.0 3   0.0  81.4 0
SSB       160.1 247.6 131.5   0.1 3   0.0 999.9 0   1.0 3  10.0 144.2 0  20.0 3  36.7  96.7 0
TAM       141.0 222.6 155.4   0.1 3   0.0 999.9 0   1.0 3   6.7 144.5 0  20.0 3  43.3 103.2 0
UNM       113.1  89.7 216.5   0.1 3   0.0 999.9 0   1.0 3   4.7 138.0 0  20.0 3   7.1  67.1 0
WFM       146.0  92.6 229.9   0.1 3   0.0 999.9 0

  1992  2 17   4 42  8.2   -21.890   170.250  148.2  5.5  0.0  seed seed.dat                  021792D
BNG       147.5 241.3 124.8   0.1 3   0.0 999.9 0   1.0 3   0.5 139.4 0   5.0 3  12.9  80.9 0
CAN        22.9 229.6  59.9   0.1 3   0.0 999.9 0   1.0 3   0.0 124.9 0  20.0 3   0.0  32.5 0
CRZF       92.1 217.4 125.3   0.1 3   0.0 999.9 0   1.0 3   0.0 132.9 0   5.0 3   0.0  49.9 0
DRV        48.7 195.5  38.5   0.1 3   0.0 999.9 0   1.0 3   0.0 128.5 0  20.0 3   0.0  30.5 0
ECH       150.4 336.6  32.8   0.1 3   0.0 999.9 1   1.0 3   5.3 139.5 0  20.0 3   7.7  67.7 0
INU        65.2 330.4 145.8   0.1 3   0.0 999.9 1   1.0 3   0.0 130.4 0
KIP        53.1  37.9 217.7   0.1 3   0.0 999.9 0   1.0 3   0.0 129.0 0
PAF        79.9 220.8 111.9   0.1 3   0.0 999.9 0   1.0 3   0.0 131.9 0   5.0 3   0.0  46.9 0
PPT        38.0  90.8 256.7   0.1 3   0.0 999.9 0   1.0 3   0.0 127.1 0
RER       103.0 240.5 120.0   0.1 3   0.0 999.9 0   1.0 3   0.0 133.8 0  20.0 3   0.0  51.8 0
SCZ        86.9  48.6 240.0   0.1 3   0.0 999.9 0   1.0 3   0.2 132.5 0  20.0 3   0.0  56.3 0
SEY        85.9 351.9 163.3   0.1 3   0.0 999.9 0   1.0 3   0.4 132.3 0  20.0 3   0.0  76.8 0
SSB       153.9 336.4  31.0   0.1 3   0.0 999.9 0   1.0 3   5.3 139.6 0  20.0 3  32.0  92.0 0
TAM       165.8 275.4  88.2   0.1 3   0.0 999.9 0   1.0 3   2.1 139.8 0  20.0 3  38.6  98.6 0
UNM        97.6  72.4 249.6   0.1 3   0.0 999.9 0   1.0 3   0.1 133.3 0  20.0 3   2.5  62.5 0
WFM       125.1  52.8 272.0   0.1 3   0.0 999.9 0

  1992  2 19   3 18 34.5    -9.970   154.940   16.3  5.1  4.8  seed seed.dat                  021992A
BNG       136.4 265.8  99.7   0.1 3   0.0 999.9 0
CAN        25.9 191.2  13.6   0.1 3   0.0 999.9 0  20.0 3   0.0  46.0 0
CRZF       91.7 222.3 106.5   0.1 3   0.0 999.9 0
DRV        57.6 187.0  17.5   0.1 3   0.0 999.9 0
ECH       133.2 330.6  45.8   0.1 3   0.0 999.9 1
INU        48.3 340.3 156.0   0.1 3   0.0 999.9 1
KIP        55.8  55.6 240.8   0.1 3   0.0 999.9 0
MBO       170.9 299.1  60.9   0.1 3   0.0 999.9 0
PAF        79.1 221.5  92.7   0.1 3   0.0 999.9 0
PPT        54.3 104.5 270.2   0.1 3   0.0 999.9 0
RER        94.9 247.6 102.7   0.1 3   0.0 999.9 0
SCZ        90.9  53.2 258.5   0.1 3   0.0 999.9 0
SEY        72.8 358.8 177.3   0.1 3   0.0 999.9 0
SSB       136.6 329.4  44.7   0.1 3   0.0 999.9 0
TAM       148.1 297.1  71.0   0.1 3   0.0 999.9 0
UNM       108.1  73.0 265.7   0.1 3   0.0 999.9 0
WFM       128.1  42.9 295.2   0.1 3   0.0 999.9 0

  1992  2 19  11 36 56.4    27.820   142.640   26.2  5.4  5.1  seed seed.dat                  021992B
BNG       117.3 291.9  55.6   0.1 3   0.0 637.9 0
CAN        63.3 174.2 353.7   0.1 3   0.0 999.9 0
CRZF      110.2 227.6  70.8   0.1 3   0.0 999.9 0
DRV        94.4 181.1   2.3   0.1 3   0.0 999.9 0
ECH        94.3 332.0  38.4   0.1 3   0.0 999.9 1  20.0 3  30.9  90.9 0
INU         8.9 328.9 146.0   0.1 3   0.0 999.9 1  20.0 3   0.0  35.7 0
KIP        53.9  82.7 289.5   0.1 3   0.0 999.9 0
MBO       133.5 332.4  25.2   0.1 3   0.0 999.9 0
PAF       100.3 219.4  59.3   0.1 3   0.0 999.9 0   5.0 3   0.0  68.1 0
PPT        79.7 116.0 303.5   0.1 3   0.0 999.9 0
RER        97.1 250.1  63.1   0.1 3   0.0 999.9 0
SCZ        78.3  54.7 296.1   0.1 3   0.0 999.9 0
SEY        35.7   7.6 194.9   0.1 3   0.0 999.9 0  20.0 3   0.0  52.0 0
SSB        97.7 331.7  36.5   0.1 3   0.0 999.9 0
TAM       114.7 316.4  41.5   0.1 3   0.0 999.9 0
UNM       103.9  58.9 306.5   0.1 3   0.0 999.9 0  20.0 3  20.7  80.7 0
WFM       103.0  25.1 329.4   0.1 3   0.0 999.9 0

  1992  2 20  15 44 43.0   -15.000  -177.200  379.5  5.4  0.0  seed seed.dat                  022092E
BNG       161.3 237.0 125.1   0.1 3   0.0 350.1 0
CAN        36.4 230.0  65.0   0.1 3   0.0 999.9 0
CRZF      104.5 212.6 131.2   0.1 3   0.0 999.9 0
DRV        58.8 198.4  50.2   0.1 3   0.0 999.9 0
ECH       146.6 354.7   7.6   0.1 3   0.0 999.9 1
INU        66.3 320.2 130.7   0.1 3   0.0 999.9 1
KIP        40.9  28.0 209.1   0.1 3   0.0 999.9 0
MBO       160.9  89.9 266.2   0.1 3   0.0 208.1 0
PAF        92.7 217.1 116.9   0.1 3   0.0 999.9 0
PPT        26.6  99.3 271.4   0.1 3   0.0 999.9 0
RER       116.8 236.5 120.4   0.1 3   0.0 999.9 0
SCZ        73.6  44.0 236.6   0.1 3   0.0 999.9 0  20.0 3   2.7  62.7 0
SEY        81.3 346.4 150.3   0.1 3   0.0 999.9 0
SSB       149.7 357.5   3.3   0.1 3   0.0 999.9 0
TAM       171.8 341.6  18.3   0.1 3   0.0 999.9 0
UNM        84.0  68.3 252.0   0.1 3   0.0 999.9 0  20.0 3   5.9  65.9 0
WFM       111.5  49.9 269.5   0.1 3   0.0 999.9 0

  1992  2 20  17 47 20.3    12.910   145.260   45.0  5.5  5.6  seed seed.dat                  022092F
BNG       124.3 284.7  71.1   0.1 3   0.0 227.5 0   1.0 3   5.5 135.5 0   5.0 3   0.0   3.7 0
CAN        48.2 175.9 355.1   0.1 3   0.0 999.9 0   1.0 3   0.0 128.6 0
CRZF      101.6 224.9  83.7   0.1 3   0.0 999.9 0   1.0 3   3.8 133.8 0
DRV        79.6 182.1   5.2   0.1 3   0.0 999.9 0   1.0 3   2.0 132.0 0  20.0 3  15.4  75.4 0
ECH       108.6 331.9  43.2   0.1 3   0.0 999.9 1   1.0 3   4.3 134.3 0  20.0 3  26.5  86.5 0
INU        23.6 343.0 159.5   0.1 3   0.0 999.9 1   1.0 3   0.0 125.1 0  20.0 3   0.0  37.3 0
KIP        54.6  72.8 271.0   0.1 3   0.0 999.9 0   1.0 3   0.0 129.4 0
MBO       147.6 326.6  33.7   0.1 3   0.0  85.5 0   1.0 3   9.6 139.6 0
PAF        90.3 219.2  70.6   0.1 3   0.0 999.9 0   1.0 3   2.9 132.9 0
PPT        71.1 113.7 290.6   0.1 3   0.0 999.9 0   1.0 3   1.3 131.3 0
RER        94.2 249.4  78.0   0.1 3   0.0 999.9 0   1.0 3   3.3 133.3 0
SCZ        85.0  53.7 282.5   0.1 3   0.0 999.9 0   1.0 3   2.5 132.5 0  20.0 3  12.1  72.1 0
SEY        50.2   4.2 189.1   0.1 3   0.0 999.9 0   1.0 3   0.0 128.8 0  20.0 3   0.0  59.6 0
SSB       112.0 331.2  41.6   0.1 3   0.0 999.9 0   1.0 3   4.6 134.6 0
TAM       126.9 311.8  51.8   0.1 3   0.0 999.9 0   1.0 3   5.7 135.7 0
UNM       108.9  64.1 291.7   0.1 3   0.0 999.9 0   1.0 3   4.4 134.4 0  20.0 3  22.3  82.3 0
WFM       115.2  29.2 320.0   0.1 3   0.0 999.9 0

  1992  2 20  20 35 24.5   -33.580  -179.160   58.9  5.5  5.1  seed seed.dat                  022092G
BNG       146.6 213.1 152.5   0.1 3   0.0  59.4 0   1.0 3   9.6 104.6 0
CAN        26.2 257.2  95.5   0.1 3   0.0 999.9 0   1.0 3   0.0 125.5 0  20.0 3   0.0  45.2 0
CRZF       87.9 212.5 139.6   0.1 3   0.0 999.9 0   1.0 3   2.7 132.7 0
DRV        40.8 203.4  56.6   0.1 3   0.0 999.9 0   1.0 3   0.0 127.6 0  20.0 3   0.0  51.4 0
ECH       164.6 343.5  19.8   0.1 3   0.0 999.9 1   1.0 3  10.0 140.0 0
INU        80.0 324.8 144.0   0.1 3   0.0 999.9 1   1.0 3   2.0 132.1 0
KIP        58.4  23.3 200.8   0.1 3   0.0 999.9 0   1.0 3   0.0 129.8 0
MBO       155.0 136.1 217.4   1.0 3   9.8  57.6 0
PAF        76.9 218.8 126.8   0.1 3   0.0 999.9 0   1.0 3   1.8 131.8 0   5.0 3  13.6  45.6 0
PPT        30.9  66.4 233.3   0.1 3   0.0 999.9 0   1.0 3   0.0 126.3 0
RER       104.4 231.9 135.2   0.1 3   0.0 999.9 0   1.0 3   4.0 134.0 0
SCZ        88.3  43.0 225.1   0.1 3   0.0 999.9 0   1.0 3   2.8 132.8 0  20.0 3  12.0  72.0 0
SEY        99.0 347.2 156.2   0.1 3   0.0 999.9 0   1.0 3   3.5 133.5 0
SSB       168.0 347.0  14.5   0.1 3   0.0 999.9 0   1.0 3  10.0 140.0 0
TAM       168.5 201.5 159.5   0.1 3   0.0 999.9 0   1.0 3  10.1 140.1 0
UNM        92.6  68.7 235.5   0.1 3   0.0 999.9 0   1.0 3   3.2 133.2 0  20.0 3   0.0  58.3 0
WFM       124.0  58.3 253.9   0.1 3   0.0 999.9 0

  1992  2 21  14 42 28.9    -6.510   148.010   31.8  5.5  5.8  seed seed.dat                  022192A
BNG       129.7 270.3  94.7   0.1 3   0.0 557.5 0   1.0 3   5.8 112.5 0   5.0 3  40.5  74.5 2
CAN        28.8 178.3 358.0   0.1 3   0.0 557.5 0   1.0 3   0.0 278.6 0  20.0 3   0.0  38.1 0
CRZF       89.5 223.4  99.1   0.1 3   0.0 557.5 0   1.0 3   2.9 283.1 0   5.0 3   9.5  53.5 0
DRV        60.4 183.7   9.2   0.1 3   0.0 557.5 0   1.0 3   0.1 281.8 0  20.0 3   0.0  50.3 0
ECH       126.8 328.1  51.3   0.1 3   0.0 557.5 1   1.0 3   5.6 285.0 0  20.0 3   0.0  52.4 0
INU        43.0 346.8 163.8   0.1 3   0.0 557.2 1   1.0 3   0.0 277.5 0  20.0 3   0.0  54.1 0
KIP        59.8  60.7 248.5   0.1 3   0.0 557.5 0   1.0 3   0.0 282.3 0  20.0 3   2.4  62.4 0
PAF        77.1 220.9  85.1   0.1 3   0.0 557.5 0   1.0 3   1.8 282.1 0   5.0 3   2.5  54.5 0
PPT        61.8 106.4 271.9   0.1 3   0.0 557.6 0   1.0 3   0.3 283.2 0
RER        89.8 248.8  97.0   0.1 3   0.0 557.6 0   1.0 3   2.9 282.4 0  20.0 3  44.8 104.8 0
SCZ        94.3  53.8 265.3   0.1 3   0.0 557.5 0   1.0 3   3.3 284.8 0  20.0 3   0.0  58.0 0
SEY        69.4   2.1 184.6   0.1 3   0.0 557.5 0   1.0 3   1.0 281.2 0  20.0 3   0.0  56.4 0
SSB       130.0 326.6  50.3   0.1 3   0.0 557.5 0   1.0 3   5.8 285.3 0  20.0 3  36.5  96.5 0
TAM       140.4 298.0  71.4   0.1 3   0.0 557.5 0   1.0 3   6.6 285.9 0
UNM       113.6  71.9 271.5   0.1 3   0.0 557.6 0   1.0 3   4.7 286.6 0  20.0 3   1.2  61.2 0
WFM       129.9  37.8 304.8   0.1 3   0.0 557.5 0

  1992  2 21  17 13 19.9     2.140   128.440   86.7  5.4  0.0  seed seed.dat                  022192B
BNG       109.6 275.5  86.1   0.1 3   0.0 406.7 0   1.0 3   0.0 134.3 0
CAN        42.0 154.6 328.3   0.1 3   0.0 406.7 0   1.0 3   0.0 127.7 0
CRZF       82.3 222.8  78.9   0.1 3   0.0 406.7 0   1.0 3   0.0 132.2 0
DRV        69.2 175.1 347.6   0.1 3   0.0 406.7 0   1.0 3   0.0 131.0 0
ECH       108.6 322.9  64.1   0.1 3   0.0 406.6 1   1.0 3   0.0 134.2 0  20.0 3  25.5  85.5 0
INU        34.1  12.6 195.5   0.1 3   0.0 406.3 1   1.0 3   0.0 126.6 0
KIP        73.9  68.4 266.0   0.1 3   0.0 406.7 0   1.0 3   0.0 131.4 0
PAF        71.6 215.9  63.7   0.1 3   0.0 406.7 0   1.0 3   0.0 131.2 0
PPT        83.0 107.9 274.4   0.1 3   0.0 406.7 0   1.0 3   0.0 132.3 0
RER        74.7 247.5  81.7   0.1 3   0.0 406.7 0   1.0 3   0.0 131.6 0  20.0 3   0.0  36.0 0
SCZ       104.8  51.4 284.3   0.1 3   0.0 406.7 0   1.0 3   0.0 134.0 0  20.0 3   0.0  21.1 0
SEY        63.3  12.0 207.1   0.1 3   0.0 406.6 0   1.0 3   0.0 130.3 0  20.0 3   5.6  65.6 0
SSB       111.5 321.0  62.8   0.1 3   0.0 406.7 0   1.0 3   0.0 134.5 0
TAM       119.1 297.5  73.6   0.1 3   0.0 406.7 0   1.0 3   0.0 135.0 0
UNM       128.6  63.2 289.4   0.1 3   0.0 406.7 0   1.0 3   0.0 135.8 0
WFM       131.9  19.8 332.9   0.1 3   0.0 406.7 0

  1992  2 21  18 30 46.1     2.430   126.880   31.4  5.5  4.4  seed seed.dat                  022192C
BNG       108.1 275.5  86.0   0.1 3   0.0 329.2 0   1.0 3   0.0  56.9 0
CAN        43.0 153.1 326.4   0.1 3   0.0 329.2 0   1.0 3   0.0  50.3 0
CRZF       81.5 222.5  77.6   0.1 3   0.0 329.2 0   1.0 3   0.0  54.8 0
DRV        69.7 174.5 346.0   0.1 3   0.0 329.2 0   1.0 3   0.0  53.5 0
ECH       107.4 322.5  65.2   0.1 3   0.0 329.2 1   1.0 3   0.0  56.8 0  20.0 3   0.0   8.1 0
INU        34.2  14.9 198.3   0.1 3   0.0 328.9 1   1.0 3   0.0  49.2 0
KIP        75.3  68.6 266.9   0.1 3   0.0 329.2 0   1.0 3   0.0  54.0 0
PAF        71.0 215.3  62.2   0.1 3   0.0 329.2 0   1.0 3   0.0  53.8 0
PPT        84.6 107.8 274.2   0.1 3   0.0 329.3 0   1.0 3   0.0  54.9 0
RER        73.4 247.2  80.8   0.1 3   0.0 329.3 0   1.0 3   0.0  54.1 0  20.0 3   8.5  68.5 0
SCZ       105.8  51.0 285.5   0.1 3   0.0 329.2 0   1.0 3   0.0  56.5 0
SEY        63.3  12.7 208.8   0.1 3   0.0 329.2 0   1.0 3   0.0  52.9 0
SSB       110.3 320.5  63.9   0.1 3   0.0 329.2 0   1.0 3   0.0  57.0 0
TAM       117.6 297.2  74.1   0.1 3   0.0 329.2 0   1.0 3   0.0  57.6 0
UNM       129.8  62.3 290.7   0.1 3   0.0 329.3 0   1.0 3   0.0  58.3 0
WFM       132.1  18.3 335.0   0.1 3   0.0 329.2 0

  1992  2 21  22  9 52.7    13.570   -92.490   16.3  5.0  5.6  seed seed.dat                  022192D
BNG       109.3  80.2 286.0   0.1 3   0.0 110.1 0   5.0 3  29.1  61.1 0
CAN       120.9 237.0  95.4   0.1 3   0.0 110.1 0
CRZF      135.6 144.7 233.8   0.1 3   0.0 110.1 0
DRV       116.7 200.8 120.5   0.1 3   0.0 110.1 0
ECH        86.3  41.3 286.3   0.1 3   0.0 110.1 1  20.0 3   0.0  45.0 0
INU       112.4 317.8  52.9   0.1 3   0.0 109.8 1
KIP        62.6 287.3  85.3   0.1 3   0.0 110.1 0  20.0 3   0.0  91.1 1
PAF       141.5 161.7 207.5   0.1 3   0.0 110.1 0
PPT        64.3 242.8  65.0   0.1 3   0.0 110.2 0
RER       148.8 108.2 260.8   0.1 3   0.0 110.2 0
SCZ        34.6 316.7 124.0   0.1 3   0.0 110.1 0  20.0 3   0.0  38.6 0
SEY        88.9 335.6  61.6   0.1 3   0.0 110.1 0  20.0 3  23.0  83.0 0
SSB        85.3  44.6 284.6   0.1 3   0.0 110.1 0  20.0 3  11.9  71.9 0
TAM        92.0  66.0 285.7   0.1 3   0.0 110.1 0  20.0 3  20.9  80.9 0
UNM         8.6 312.6 130.7   0.1 3   0.0 110.2 0  20.0 3   0.0  33.8 0
WFM        34.2  28.1 218.4   0.1 3   0.0 110.1 0
