  1991  9 16  17 47 18.4    -5.830   147.450  210.1  5.0  0.0  seed seed.dat                  091691B
CAN        29.5 177.4 356.9   0.1 3   0.0 999.9 0
CAY       160.3  91.8 266.7   0.1 3   0.0 372.7 0
CRZF       89.6 223.5  98.2   0.1 3   0.0 784.5 0
DRV        61.0 183.4   8.5   0.1 3   0.0 999.9 0
ECH       125.9 328.1  51.4   0.1 3   0.0 999.9 0
INU        42.2 347.3 164.4   0.1 3   0.0 999.9 0
KIP        60.0  61.3 249.5   0.1 3   0.0 999.9 0
MBO       162.4 300.0  62.0   0.1 3   0.0 999.9 0
NOUC       24.4 133.4 308.8   0.1 3   0.0 178.5 0
PAF        77.3 220.8  84.3   0.1 3   0.0 999.9 0
PPT        62.5 106.7 272.5   0.1 3   0.0 999.9 0
RER        89.5 248.9  96.1   0.1 3   0.0 372.6 0
SEY        68.8   2.4 185.3   0.1 3   0.0 999.9 0
SSB       129.1 326.6  50.4   0.1 3   0.0 999.9 0
TAM       139.6 298.5  70.9   0.1 3   0.0 999.9 0
UNM       114.0  71.6 272.4   0.1 3   0.0 999.9 0
WFM       129.7  37.2 305.9   0.1 3   0.0 999.9 0

  1991  9 16  22 19  8.1   -13.220   166.910  166.8  5.3  0.0  seed seed.dat                  091691C
CAN        27.3 213.2  40.8   0.1 3   0.0 999.9 0
CAY       140.4  98.5 255.4   0.1 3   0.0 100.9 0   5.0 3   1.4 101.4 0
CRZF       96.9 219.1 117.5   0.1 3   0.0 512.7 0
DRV        56.3 192.5  32.0   0.1 3   0.0 999.9 0
ECH       141.2 338.2  32.3   0.1 3   0.0 999.9 0
INU        56.1 330.6 144.1   0.1 3   0.0 999.9 0
KIP        48.8  45.5 228.2   0.1 3   0.0 999.9 0
MBO       176.1  74.7 289.3   0.1 3   0.0 999.9 0
NOUC        8.9 183.7   3.8   0.1 3   0.0 106.7 0   5.0 3   0.0  10.9 0
PAF        84.3 220.7 103.8   0.1 3   0.0 999.9 0
PPT        42.1 101.6 269.5   0.1 3   0.0 999.9 0
RER       104.2 243.8 110.6   0.1 3   0.0 100.7 0
SEY        76.9 353.2 165.4   0.1 3   0.0 999.9 0
SSB       144.7 338.2  30.4   0.1 3   0.0 999.9 0
TAM       159.9 300.5  64.2   0.1 3   0.0 999.9 0
UNM        97.9  72.1 258.9   0.1 3   0.0 999.9 0
WFM       122.0  48.0 282.3   0.1 3   0.0 999.9 0

  1991  9 17  14 45 15.7   -24.840   178.400  592.4  5.1  0.0  seed seed.dat                  091791C
CAN        27.4 240.7  75.7   0.1 3   0.0 999.9 0
CAY       127.5 103.8 242.5   0.1 3   0.0 999.9 0
CRZF       94.0 213.8 133.1   0.1 3   0.0 926.6 0
DRV        48.2 199.4  49.3   0.1 3   0.0 999.9 0
ECH       155.6 345.5  19.3   0.1 3   0.0 999.9 0
INU        71.7 325.2 140.6   0.1 3   0.0 999.9 0  20.0 3   4.2 124.2 0
KIP        51.5  28.5 207.8   0.1 3   0.0 999.9 0
MBO       162.2 123.7 232.4   0.1 3   0.0 999.9 0
NOUC       11.4 281.3 106.2   0.1 3   0.0 999.9 0   5.0 3   0.0  12.8 0
PAF        82.4 218.7 119.6   0.1 3   0.0 999.9 0
PPT        30.7  82.7 250.8   0.1 3   0.0 999.9 0
RER       107.8 235.5 126.6   0.1 3   0.0 999.9 0
SEY        90.0 348.4 156.4   0.1 3   0.0 999.9 0
SSB       159.0 347.7  15.5   0.1 3   0.0 999.9 0
TAM       173.2 251.8 106.6   0.1 3   0.0 999.9 0
UNM        91.4  69.6 244.4   0.1 3   0.0 999.9 0
WFM       120.9  54.0 263.8   0.1 3   0.0 999.9 0

  1991  9 18   9 48 13.0    14.790   -91.010   15.0  5.7  6.1  seed seed.dat                  091891A
CAN       122.8 237.5  95.2   0.1 3   0.0 999.9 0   1.0 3   5.5 255.5 0  20.0 3  28.8  88.8 0
CAY        39.3 100.4 287.3   0.1 3   0.0 999.9 0   5.0 3   0.0  62.3 0
CRZF      135.8 143.1 236.4   0.1 3   0.0 999.9 0   1.0 3   6.4 256.4 0   5.0 3  41.8  85.8 0
DRV       118.4 200.7 121.5   0.1 3   0.0 999.9 0   1.0 3   5.1 255.1 0  20.0 3  28.7 148.7 0
ECH        84.4  41.6 286.0   0.1 3   0.0 999.9 0   1.0 3   2.5 252.5 0  20.0 3   0.0  56.0 0
INU       112.4 319.0  50.9   0.1 3   0.0 999.9 0   1.0 3   4.7 254.7 0
KIP        63.6 286.9  83.6   0.1 3   0.0 999.9 0   1.0 3   0.5 250.5 0  20.0 3   3.7  63.7 0
MBO        71.3  79.5 281.0   0.1 3   0.0 244.6 0   1.0 3   1.3 251.3 0   5.0 3   0.8  80.8 0
NOUC      107.0 251.2  80.8   0.1 3   0.0 999.9 0   1.0 3   4.3 254.3 0   5.0 3   5.8  73.8 0
PAF       142.2 159.8 210.3   0.1 3   0.0 999.9 0   1.0 3   6.9 256.9 0   5.0 3  30.8 130.8 0
PPT        66.1 243.0  64.6   0.1 3   0.0 999.9 0
RER       147.8 105.9 263.8   0.1 3   0.0 999.9 0   1.0 3   9.8 259.8 0
SEY        88.4 335.9  59.8   0.1 3   0.0 999.9 0   1.0 3   2.9 252.9 0  20.0 3  19.0  79.0 0
SSB        83.4  45.0 284.5   0.1 3   0.0 999.9 0   1.0 3   2.5 252.5 0  20.0 3  12.7  72.7 0
TAM        90.2  66.4 286.2   0.1 3   0.0 999.9 0   1.0 3   3.1 253.1 0  20.0 3   0.0  56.3 0
UNM         9.0 301.2 118.8   0.1 3   0.0 999.9 0   1.0 3   0.0 242.2 0  20.0 3   0.0  34.4 0
WFM        32.5  27.4 217.1   0.1 3   0.0 999.9 0   5.0 3   0.0 103.6 0

  1991  9 19   1 41 48.1    48.680   155.250   44.7  5.5  4.8  seed seed.dat                  091991B
CAN        84.0 185.2   4.2   0.1 3   0.0 999.9 0   1.0 3   2.5 132.5 0
CAY       121.3  32.5 339.0   0.1 3   0.0 999.9 0
CRZF      130.4 242.3  58.1   0.1 3   0.0 999.9 0   1.0 3   5.9 135.9 0
DRV       115.8 186.7  11.2   0.1 3   0.0 999.9 0   1.0 3   4.8 134.8 0
ECH        79.4 339.0  20.8   0.1 3   0.0 999.9 0   1.0 3   2.0 132.0 0  20.0 3  19.4  79.4 0
INU        18.9 232.0  39.7   0.1 3   0.0 999.9 0   1.0 3   0.0 124.3 0
KIP        45.9 109.2 317.9   0.1 3   0.0 999.9 0   1.0 3   0.0 128.3 0
MBO       116.7 351.6   5.8   0.1 3   0.0 999.9 0   1.0 3   4.9 134.9 0
NOUC       71.3 169.1 352.3   0.1 3   0.0  74.1 0   1.0 3   1.3 131.3 0
PAF       122.1 230.4  51.4   0.1 3   0.0 999.9 0   1.0 3   5.3 135.3 0
PPT        82.3 127.6 326.6   0.1 3   0.0 999.9 0
RER       111.8 262.7  44.9   0.1 3   0.0 999.9 0   1.0 3   4.6 134.6 0
SEY        14.4 354.7 172.3   0.1 3   0.0 999.9 0   1.0 3   0.0 123.3 0
SSB        82.8 339.7  19.0   0.1 3   0.0 999.9 0   1.0 3   2.3 132.3 0
TAM       103.7 331.5  20.1   0.1 3   0.0 999.9 0   1.0 3   4.0 134.0 0
UNM        85.4  65.7 320.2   0.1 3   0.0 999.9 0   1.0 3   2.6 132.6 0
WFM        80.1  33.0 330.8   0.1 3   0.0 999.9 0

  1991  9 20  14 47 44.9    -6.500   129.870  177.5  5.4  0.0  seed seed.dat                  092091C
CAN        33.7 151.1 324.0   0.1 3   0.0 999.9 0
CAY       177.3 126.7 235.8   0.1 3   0.0 999.9 0   5.0 3   0.0  88.8 0
CRZF       77.0 223.9  86.0   0.1 3   0.0 999.9 0
DRV        60.5 175.4 348.4   0.1 3   0.0 999.9 0
ECH       116.3 321.1  68.5   0.1 3   0.0 999.9 0
INU        42.3   8.7 190.6   0.1 3   0.0 999.9 0
KIP        75.9  66.1 257.3   0.1 3   0.0 999.9 0
MBO       146.5 286.1  79.6   0.1 3   0.0 994.1 0
NOUC       38.4 117.6 288.2   0.1 3   0.0 999.9 0
PAF        65.6 218.3  70.5   0.1 3   0.0 999.9 0
PPT        79.1 106.6 266.5   0.1 3   0.0 999.9 0
RER        72.9 249.9  90.5   0.1 3   0.0 999.9 0
SEY        71.4  10.7 203.7   0.1 3   0.0 999.9 0
SSB       119.0 318.7  67.7   0.1 3   0.0 999.9 0
TAM       124.1 293.0  82.0   0.1 3   0.0 999.9 0
UNM       130.7  70.2 278.5   0.1 3   0.0 999.9 0
WFM       139.3  24.4 326.5   0.1 3   0.0 999.9 0

  1991  9 21  15 19 50.6   -16.480  -172.610   15.0  5.9  5.7  seed seed.dat                  092191C
CAN        39.0 233.8  71.3   0.1 3   0.0 520.1 0   1.0 3   0.0 157.5 0  20.0 3   0.0  51.2 0
CAY       120.4  94.1 253.9   0.1 3   0.0 999.9 0
CRZF      105.5 210.1 135.9   0.1 3   0.0 999.9 0   1.0 3   4.1 164.1 0   5.0 3  30.2  58.2 0
DRV        58.8 200.0  55.7   0.1 3   0.0 999.9 0   1.0 3   0.0 159.9 0  20.0 3   0.1  60.1 0
ECH       148.3   0.3 359.6   0.1 3   0.0 999.9 0   1.0 3   9.6 169.6 0  20.0 3   0.0 111.4 0
INU        70.3 318.0 128.2   0.1 3   0.0 999.9 0   1.0 3   1.1 161.1 0
KIP        40.4  21.3 202.0   0.1 3   0.0 999.9 0   1.0 3   0.0 157.5 0
NOUC       20.7 251.0  78.0   0.1 3   0.0  76.0 0   1.0 3   0.0 146.2 0   5.0 3   0.0  22.2 0
PAF        94.1 215.6 121.3   0.1 3   0.0 999.9 0   1.0 3   3.3 163.3 0   5.0 3  23.2  55.2 0
PPT        22.0  96.2 269.4   0.1 3   0.0 999.9 0   5.0 3   0.0  96.7 0
RER       119.5 233.2 124.6   0.1 3   0.0 999.9 0   1.0 3   5.2 165.2 0
SEY        83.9 344.7 146.3   0.1 3   0.0 999.9 0   1.0 3   2.4 162.4 0  20.0 3   0.0  47.4 0
SSB       151.1   4.2 354.4   0.1 3   0.0 999.9 0   1.0 3   9.7 169.7 0
TAM       173.5  15.8 344.7   0.1 3   0.0 999.9 0   1.0 3  10.2 170.2 0  20.0 3   0.0  56.6 0
UNM        80.5  66.7 248.9   0.1 3   0.0 999.9 0   1.0 3   2.2 162.2 0  20.0 3   0.0  44.8 0
WFM       109.1  50.1 265.2   0.1 3   0.0 999.9 0

  1991  9 21  19  1 32.9    11.180   -60.570   50.2  4.7  0.0  seed seed.dat                  092191E
CAN       144.0 223.5 125.0   0.1 3   0.0 298.4 0
CAY        10.3 126.5 307.7   0.1 3   0.0 999.9 0
CRZF      113.5 135.7 261.1   0.1 3   0.0 960.3 0
DRV       122.8 189.6 155.9   0.1 3   0.0 999.9 0
ECH        66.9  42.2 260.9   0.1 3   0.0 999.9 0
INU       130.7 341.0  22.9   0.1 3   0.0 999.9 0
KIP        92.8 292.4  76.8   0.1 3   0.0 999.9 0
NOUC      134.0 250.3  96.1   0.1 3   0.0 999.9 0
PAF       124.4 143.0 243.9   0.1 3   0.0 999.9 0
PPT        92.4 252.7  79.2   0.1 3   0.0 999.9 0
RER       118.4 107.9 271.3   0.1 3   0.0 999.9 0
SEY       101.8 345.3  32.9   0.1 3   0.0 999.9 0
SSB        64.7  45.1 260.2   0.1 3   0.0 999.9 0
TAM        63.8  70.0 271.7   0.1 3   0.0 999.9 0
UNM        38.0 287.1  96.5   0.1 3   0.0 999.9 0  20.0 3   0.0  51.1 0
WFM        32.8 345.0 159.9   0.1 3   0.0 999.9 0

  1991  9 22   6 32 37.6    49.590   156.830   32.4  5.5  4.9  seed seed.dat                  092291C
CAN        85.0 186.4   5.1   0.1 3   0.0 999.9 0   1.0 3   2.6 132.6 0
CAY       120.0  33.9 338.5   0.1 3   0.0 999.9 0
CRZF      131.7 243.8  57.7   0.1 3   0.0 269.2 0   1.0 3   6.0 136.0 0
DRV       116.8 187.4  12.2   0.1 3   0.0 999.9 0   1.0 3   4.9 134.9 0
ECH        78.9 339.9  19.5   0.1 3   0.0 999.9 0   1.0 3   2.0 132.0 0  20.0 3  18.6  78.6 0
INU        20.3 233.0  39.4   0.1 3   0.0 999.9 0   1.0 3   0.0 124.5 0
KIP        45.3 111.6 319.6   0.1 3   0.0 999.9 0   1.0 3   0.0 128.2 0
NOUC       72.0 170.7 353.5   0.1 3   0.0 999.9 0   1.0 3   1.3 131.3 0
PAF       123.4 231.7  51.3   0.1 3   0.0 999.9 0   1.0 3   5.4 135.4 0
PPT        82.0 129.0 328.0   0.1 3   0.0 999.9 0
RER       113.0 264.2  44.0   0.1 3   0.0 999.9 0   1.0 3   4.7 134.7 0
SEY        13.6 351.3 167.6   0.1 3   0.0 999.9 0   1.0 3   0.0 123.2 0
SSB        82.3 340.7  17.7   0.1 3   0.0 999.9 0   1.0 3   2.3 132.3 0
TAM       103.4 333.0  18.7   0.1 3   0.0 999.9 0   1.0 3   4.0 134.0 0
UNM        84.1  66.9 320.7   0.1 3   0.0 999.9 0   1.0 3   2.5 132.5 0
WFM        78.7  34.1 330.4   0.1 3   0.0 999.9 0

  1991  9 25  17 43 17.6   -23.340  -178.760  433.2  5.3  0.0  seed seed.dat                  092591C
CAN        30.4 239.5  75.7   0.1 3   0.0 999.9 0
CAY       125.3 101.2 245.0   0.1 3   0.0 999.9 0   5.0 3   0.0  51.2 0
CRZF       96.7 212.5 134.5   0.1 3   0.0 999.9 0
DRV        50.4 199.9  51.8   0.1 3   0.0 999.9 0
ECH       154.7 350.6  12.6   0.1 3   0.0 999.9 0
INU        72.0 323.1 137.5   0.1 3   0.0 999.9 0
KIP        49.0  26.0 205.6   0.1 3   0.0 999.9 0
MBO       160.6 114.9 240.4   0.1 3   0.0 999.9 0
NOUC       13.8 272.2  98.0   0.1 3   0.0 172.6 0   5.0 3   0.0  14.8 0
PAF        85.2 217.7 120.7   0.1 3   0.0 653.5 0
PPT        27.9  83.6 253.2   0.1 3   0.0 999.9 0
RER       110.8 234.3 126.9   0.1 3   0.0 376.6 0
SEY        89.1 347.2 153.6   0.1 3   0.0 999.9 0
SSB       157.9 353.7   8.0   0.1 3   0.0 999.9 0
TAM       176.0 259.0  94.8   0.1 3   0.0 999.9 0
UNM        88.5  68.4 244.8   0.1 3   0.0 999.9 0
WFM       117.9  53.1 263.4   0.1 3   0.0 999.9 0

  1991  9 25  20 46 22.9   -56.460   147.460   15.0  5.1  5.1  seed seed.dat                  092591D
CAN        21.2   3.5 182.4   0.1 3   0.0 999.9 0  20.0 3   0.0  42.7 0
CAY       126.2 155.4 193.5   0.1 3   0.0 999.9 0
CRZF       55.6 236.3 138.1   0.1 3   0.0 999.9 0   5.0 3   2.6  34.6 0
DRV        10.8 196.0  22.5   0.1 3   0.0 999.9 0  20.0 3   0.0  34.5 0
ECH       154.7 267.1 123.2   0.1 3   0.0 999.9 0
INU        92.1 351.5 174.2   0.1 3   0.0 999.9 0
KIP        90.2  49.5 206.9   0.1 3   0.0 999.9 0
MBO       136.3 202.0 167.5   0.1 3   0.0 999.9 0   5.0 3  41.6  77.6 0
NOUC       37.0  29.9 197.3   0.1 3   6.6 999.9 0   5.0 3   6.6  26.6 0
PAF        44.7 244.8 129.9   0.1 3   0.0 470.5 0   5.0 3   0.6  28.6 0
PPT        60.6  77.2 214.5   0.1 3   0.0 999.9 0
RER        73.5 256.5 144.7   0.1 3   0.0 193.5 0
SEY       119.3   2.6 183.1   0.1 3   0.0 999.9 0
SSB       154.4 259.2 128.6   0.1 3   0.0 999.9 0
TAM       136.4 235.2 150.1   0.1 3   0.0 999.9 0
UNM       118.8  98.8 215.7   0.1 3   0.0 999.9 0
WFM       151.7 103.2 227.8   0.1 3   0.0 999.9 0

  1991  9 26   5 59 18.7    16.060   -98.040   15.0  5.3  4.7  seed seed.dat                  092691B
CAN       117.7 238.4  89.7   0.1 3   0.0 999.9 0
CAY        46.2  98.6 287.5   0.1 3   0.0 999.9 0
CRZF      140.7 146.6 229.2   0.1 3   0.0 999.9 0
DRV       117.1 202.4 113.9   0.1 3   0.0 999.9 0
ECH        87.9  40.2 292.0   0.1 3   0.0 999.9 0
INU       106.9 315.6  55.3   0.1 3   0.0 999.9 0
KIP        56.7 285.4  84.3   0.1 3   0.0 999.9 0
MBO        77.7  78.3 283.7   0.1 3   0.0 999.9 0
NOUC      101.0 250.2  77.2   0.1 3   0.0 853.5 0
PAF       145.4 166.3 200.0   0.1 3  43.7 999.9 0
PPT        60.8 238.9  59.7   0.1 3   0.0 999.9 0
RER       154.7 105.1 262.3   0.1 3   0.0 999.9 0
SEY        84.4 334.4  65.4   0.1 3   0.0 999.9 0
SSB        87.2  43.6 290.2   0.1 3   0.0 999.9 0
TAM        95.8  64.3 290.2   0.1 3   0.0 999.9 0
UNM         3.4 341.7 161.4   0.1 3   0.0 999.9 0  20.0 3   0.0  32.3 0
WFM        34.9  35.2 228.8   0.1 3   0.0 999.9 0

  1991  9 26   9 14 51.5    -9.630   159.010   15.3  5.2  5.2  seed seed.dat                  092691C
CAN        27.2 198.1  22.1   0.1 3   0.0 999.9 0  20.0 3   0.0  46.2 0
CAY       148.6  96.5 259.8   0.1 3   0.0 999.9 0
CRZF       94.6 221.5 109.2   0.1 3   0.0 999.9 0
DRV        58.4 188.8  22.2   0.1 3   0.0 999.9 0
ECH       134.8 333.5  40.7   0.1 3   0.0 999.9 0
INU        49.4 336.2 150.8   0.1 3   0.0 999.9 0
KIP        52.3  53.4 238.3   0.1 3   0.0 999.9 0
MBO       173.8 319.8  39.2   0.1 3   0.0 999.9 0
NOUC       14.3 151.4 329.4   0.1 3   0.0 658.0 0   5.0 3   0.0  14.1 0
PAF        82.0 221.3  95.6   0.1 3   0.0 999.9 0
PPT        50.5 104.8 271.9   0.1 3   0.0 999.9 0
RER        98.7 246.7 104.0   0.1 3   0.0 999.9 0
SEY        72.6 356.8 173.1   0.1 3   0.0 999.9 0
SSB       138.2 332.7  39.3   0.1 3   0.0 999.9 0
TAM       151.4 300.3  66.5   0.1 3   0.0 999.9 0
UNM       104.2  72.5 264.8   0.1 3   0.0 999.9 0  20.0 3   0.0   4.8 0
WFM       125.1  44.2 291.9   0.1 3   0.0 999.9 0

  1991  9 26  22 16 24.6   -16.250  -172.980   19.9  5.2  5.4  seed seed.dat                  092691E
CAN        38.8 233.4  70.7   0.1 3   0.0 999.9 0  20.0 3   0.0  50.6 0
CAY       120.8  94.1 254.2   0.1 3   0.0 999.9 0
CRZF      105.6 210.4 135.5   0.1 3   0.0 999.9 0
DRV        58.9 199.9  55.2   0.1 3   0.0 999.9 0
ECH       148.1 359.8   0.2   0.1 3   0.0 999.9 0
INU        69.9 318.1 128.3   0.1 3   0.0 999.9 0
KIP        40.3  21.9 202.6   0.1 3   0.0 999.9 0
MBO       156.8  91.8 262.8   0.1 3   0.0 999.9 0
NOUC       20.4 250.2  77.1   0.1 3   0.0 999.9 0   5.0 3   0.0  20.6 0
PAF        94.1 215.8 120.9   0.1 3   0.0 999.9 0   5.0 3  22.6  54.6 0
PPT        22.4  96.8 269.9   0.1 3   0.0 999.9 0   5.0 3   0.0 102.1 0
RER       119.4 233.5 124.2   0.1 3   0.0 999.9 0
SEY        83.6 344.8 146.6   0.1 3   0.0 999.9 0
SSB       150.9   3.6 355.2   0.1 3   0.0 999.9 0
TAM       173.3  12.4 348.0   0.1 3   0.0 999.9 0
UNM        80.7  66.8 249.3   0.1 3   0.0 999.9 0  20.0 3   0.0  55.2 0
WFM       109.2  50.1 265.6   0.1 3   0.0 999.9 0

  1991  9 27  23  1 24.6    -2.750   137.700   84.3  5.5  6.4  seed seed.dat                  092791C
CAN        34.1 163.4 339.5   0.1 3   0.0 999.9 0   1.0 3   0.0 126.7 0
CAY       169.8  77.6 282.3   0.1 3   0.0 999.9 0
CRZF       85.1 223.8  89.1   0.1 3   0.0 999.9 0   1.0 3   2.5 132.5 0   5.0 3  31.6  59.6 0
DRV        63.9 179.0 357.4   0.1 3   0.0 999.9 0   1.0 3   0.4 130.4 0
ECH       118.0 324.8  59.0   0.1 3   0.0 999.9 0   1.0 3   4.9 134.9 0
INU        38.0 359.1 178.9   0.1 3   0.0 999.9 0   1.0 3   0.0 127.3 0
KIP        67.3  65.5 257.4   0.1 3   0.0 999.9 0   1.0 3   0.8 130.8 0
MBO       152.4 296.2  67.2   0.1 3   0.0 999.9 0   1.0 3   9.7 139.7 0   5.0 3  38.6  66.6 0
NOUC       33.8 127.0 300.7   0.1 3   0.0 999.9 0   1.0 3   0.0 126.6 0
PAF        73.4 219.1  74.5   0.1 3   0.0 999.9 0   1.0 3   1.4 131.4 0
PPT        72.7 107.5 272.5   0.1 3   0.0 999.9 0
RER        81.5 249.1  89.8   0.1 3   0.0 999.9 0   1.0 3   2.2 132.2 0
SEY        66.5   7.3 196.1   0.1 3   0.0 999.9 0   1.0 3   0.8 130.8 0
SSB       121.0 323.0  58.0   0.1 3   0.0 999.9 0
TAM       129.6 297.4  73.6   0.1 3   0.0 999.9 0   1.0 3   5.9 135.9 0  20.0 3  37.1  97.1 0
UNM       122.1  69.0 279.4   0.1 3   0.0 999.9 0   1.0 3   5.3 135.3 0
WFM       132.5  29.3 318.9   0.1 3   0.0 999.9 0

  1991  9 28  20 26 56.8    -6.030   151.210   35.8  5.8  6.7  seed seed.dat                  092891E
CAN        29.3 183.7   4.5   0.1 3   0.0 999.9 0   1.0 3   0.0 336.1 0  20.0 3   0.0  38.1 0
CAY       156.6  91.7 266.4   0.1 3   0.0 213.0 0
CRZF       92.1 223.0 101.1   0.1 3   0.0 999.9 0   1.0 3   3.1 343.1 0   5.0 3   0.0  94.1 0
DRV        61.1 185.1  12.8   0.1 3   0.0 999.9 0   1.0 3   0.2 340.2 0  20.0 3   0.0 222.0 0
ECH       128.0 330.1  47.5   0.1 3   0.0 999.9 0   1.0 3   5.7 345.7 0  20.0 3   0.0  53.3 0
INU        43.4 343.0 159.2   0.1 3   0.0 999.9 0   1.0 3   0.0 337.9 0  20.0 3   0.0  46.5 0
KIP        56.8  59.7 247.2   0.1 3   0.0 999.9 0   1.0 3   0.0 339.6 0  20.0 3   0.0  44.9 0
MBO       165.7 306.2  55.1   0.1 3   0.0 999.9 0   1.0 3  10.0  81.0 0   5.0 3   0.0 165.1 0
NOUC       21.7 139.1 315.4   0.1 3   0.0 999.9 0   1.0 3   0.0 334.8 0   5.0 3   0.0 130.1 0
PAF        79.6 221.0  87.3   0.1 3   0.0 999.9 0   1.0 3   2.1 342.1 0   5.0 3   0.0  96.1 0
PPT        58.9 106.8 273.5   0.1 3   0.0 999.9 0   5.0 3   0.0  95.6 0
RER        92.9 248.5  97.7   0.1 3   0.0 999.9 0   1.0 3   3.2 343.2 0  20.0 3   0.0  48.0 0
SCZ        91.5  53.6 263.8   0.1 3   0.0 999.9 0   1.0 3   3.1 343.1 0  20.0 3  13.0  73.0 0
SEY        68.9   0.6 181.2   0.1 3   0.0 999.9 0   1.0 3   1.0 341.0 0  20.0 3   0.0  44.3 0
SSB       131.3 328.8  46.4   0.1 3   0.0 999.9 0   1.0 3   6.0 346.0 0
TAM       142.9 300.2  68.2   0.1 3   0.0 999.9 0   1.0 3   6.9 346.9 0  20.0 3   0.0  51.5 0
UNM       110.5  71.8 270.9   0.1 3   0.0 999.9 0   1.0 3   4.5 344.5 0  20.0 3   0.0  46.7 0
WFM       127.6  39.2 302.0   0.1 3   0.0 999.9 0

  1991  9 30   0 21 47.5   -20.670  -178.520  589.7  6.0  0.0  seed seed.dat                  093091A
CAN        32.0 235.9  71.6   0.1 3   0.0 999.9 0   1.0 3   0.0 245.7 0  20.0 3   0.0  39.2 0
CRZF       99.1 212.6 133.2   0.1 3   0.0 999.9 0   1.0 3   2.6 252.6 0   5.0 3   0.0 111.2 0
DRV        53.0 199.3  51.0   0.1 3   0.0 999.9 0   1.0 3   0.0 248.4 0  20.0 3   0.0 160.1 0
ECH       152.1 351.8  11.3   0.1 3   0.0 999.9 0   1.0 3   8.7 258.7 0  20.0 3   0.0  50.6 0
INU        70.0 322.4 135.6   0.1 3   0.0 999.9 0   1.0 3   0.2  95.4 0  20.0 3   0.0  41.6 0
KIP        46.5  26.8 207.0   0.1 3   0.0 999.9 0   1.0 3   0.0 247.5 0  20.0 3   0.0  42.1 0
MBO       161.4 107.3 248.4   0.1 3   0.0 999.9 0   1.0 3   8.9 258.9 0   5.0 3   0.0 214.2 0
NOUC       14.2 261.5  87.1   0.1 3   0.0 999.9 0   1.0 3   0.0 243.0 0   5.0 3   0.0 187.2 0
PAF        87.4 217.5 119.3   0.1 3   0.0 999.9 0   1.0 3   1.8 251.8 0   5.0 3   0.0 137.2 0
PPT        27.5  88.5 258.9   0.1 3   0.0 999.9 0   5.0 3   0.0  96.8 0
RER       112.5 235.0 124.7   0.1 3   0.0 155.3 0   1.0 3   3.7 159.3 0  20.0 3   5.2  65.2 0
SCZ        78.5  43.7 233.5   0.1 3   0.0 999.9 0   1.0 3   1.0 251.0 0  20.0 3   0.0  46.1 0
SEY        86.6 347.1 152.8   0.1 3   0.0 999.9 0   1.0 3   1.7 251.7 0  20.0 3   0.0  45.5 0
SSB       155.3 354.8   6.8   0.1 3   0.0 999.9 0   1.0 3   8.8 258.8 0  20.0 3   0.0  53.3 0
TAM       175.7 297.0  58.4   0.1 3   0.0 999.9 0   1.0 3   9.1 259.1 0  20.0 3   0.0  50.7 0
UNM        87.3  68.4 247.2   0.1 3   0.0 999.9 0   1.0 3   1.8 251.8 0  20.0 3   0.0  43.8 0
WFM       116.1  51.9 265.6   0.1 3   0.0 999.9 0   5.0 3   0.0 119.7 0

  1991  9 30   9 44 43.4    22.790   121.820   18.8  5.6  5.2  seed seed.dat                  093091C
CAN        63.4 155.2 331.8   0.1 3   0.0 999.9 0   1.0 3   0.5 130.5 0
CRZF       93.5 220.7  60.5   0.1 3   0.0 999.9 0   1.0 3   3.2 133.2 0
DRV        90.4 172.8 343.2   0.1 3   0.0 999.9 0   1.0 3   2.9 132.9 0
ECH        88.2 322.6  56.9   0.1 3   0.0 855.1 0   1.0 3   2.7 132.7 0  20.0 3  26.6  86.6 0
INU        18.2  43.3 230.7   0.1 3   0.0 999.9 0   1.0 3   0.0 124.2 0  20.0 3   0.0  42.7 0
KIP        73.3  73.3 288.4   0.1 3   0.0 999.9 0   1.0 3   1.5 131.5 0
MBO       125.2 308.7  48.0   0.1 3   0.0 999.9 0   1.0 3   5.5 135.5 0
NOUC       62.3 132.7 313.0   0.1 3   0.0 868.1 0   1.0 3   0.3 130.3 0
PAF        85.3 211.0  46.7   0.1 3   0.0 999.9 0   1.0 3   2.5 132.5 0
PPT        95.4 106.5 292.0   0.1 3   0.0 999.9 0
SCZ        96.0  46.2 304.2   0.1 3   0.0 999.9 0   1.0 3   3.4 133.4 0
SEY        45.1  19.2 221.5   0.1 3   0.0 999.9 0   1.0 3   0.0 128.2 0
SSB        91.4 321.2  55.0   0.1 3   0.0 999.9 0   1.0 3   3.0 133.0 0
TAM       103.2 301.9  58.1   0.1 3   0.0 999.9 0   1.0 3   4.0 134.0 0
UNM       122.0  46.8 314.6   0.1 3   0.0 999.9 0   1.0 3   5.4 135.4 0
WFM       113.6  10.7 346.6   0.1 3   0.0 999.9 0

  1991 10  2  14 32 55.3   -10.340   161.510  119.2  5.4  0.0  seed seed.dat                  100291A
CAN        27.4 202.7  27.7   0.1 3   0.0 999.9 0
CRZF       95.7 220.8 111.6   0.1 3   0.0 999.9 0
DRV        58.1 189.9  25.2   0.1 3   0.0 999.9 0
INU        51.1 334.1 148.3   0.1 3   0.0 999.9 0
KIP        50.8  51.4 235.6   0.1 3   0.0 999.9 0
MBO       175.7 339.1  19.8   0.1 3   0.0 999.9 0
NOUC       12.6 159.1 337.8   0.1 3   0.0 499.9 0   5.0 3   0.0  16.1 0
PAF        83.0 221.2  97.9   0.1 3   0.0 999.9 0
PPT        47.9 104.3 271.8   0.1 3   0.0 999.9 0
SCZ        86.0  51.9 254.2   0.1 3   0.0 999.9 0
SEY        73.5 355.6 170.6   0.1 3   0.0 999.9 0
SSB       139.9 334.5  36.4   0.1 3   0.0 566.9 0
TAM       153.9 301.1  65.1   0.1 3   0.0 999.9 0
UNM       102.1  72.4 263.3   0.1 3   0.0 999.9 0

  1991 10  2  17 49 10.2   -10.240   161.090   67.3  5.3  0.0  seed seed.dat                  100291C
CAN        27.3 201.9  26.7   0.1 3   0.0 999.9 0  20.0 3   0.0  45.9 0
CRZF       95.5 221.0 111.2   0.1 3   0.0 999.9 0   5.0 3  23.8  55.8 0
DRV        58.2 189.7  24.7   0.1 3   0.0 999.9 0  20.0 3   0.0  58.7 0
INU        50.8 334.5 148.7   0.1 3   0.0 999.9 0
KIP        51.1  51.7 236.0   0.1 3   0.0 999.9 0
MBO       175.4 334.6  24.1   0.1 3   0.0 999.9 0
NOUC       12.8 157.7 336.2   0.1 3   0.0 303.7 0   5.0 3   0.0  15.8 0
PAF        82.9 221.2  97.5   0.1 3   0.0 999.9 0   5.0 3  17.8  49.8 0
PPT        48.3 104.4 271.8   0.1 3   0.0 999.9 0
SCZ        86.2  52.0 254.6   0.1 3   0.0 999.9 0
SEY        73.4 355.8 171.0   0.1 3   0.0 999.9 0  20.0 3  10.1  70.1 0
SSB       139.6 334.2  37.0   0.1 3   0.0 370.7 0
TAM       153.5 300.9  65.4   0.1 3   0.0 999.9 0
UNM       102.4  72.5 263.6   0.1 3   0.0 999.9 0

  1991 10  3  20 20 13.1   -16.480   168.430   30.8  5.0  5.7  seed seed.dat                  100391C
CAN        25.6 219.1  47.8   0.1 3   0.0 999.9 0   1.0 3   0.0 155.4 0  20.0 3   0.0  42.8 0
CRZF       95.3 218.3 120.7   0.1 3   0.0 656.6 0   1.0 3   3.3 163.3 0   5.0 3  24.8  52.8 0
DRV        53.5 193.6  34.7   0.1 3   0.0 999.9 0   1.0 3   0.0 159.2 0  20.0 3   0.0  56.7 0
ECH       144.8 338.0  32.0   0.1 3   0.0 999.9 0   1.0 3   9.6 169.6 0  20.0 3  36.4  96.4 0
INU        59.7 330.4 144.5   0.1 3   0.0 999.9 0   1.0 3   0.0 160.0 0  20.0 3   0.0  59.2 0
KIP        50.1  42.3 223.8   0.1 3   0.0 999.9 0   1.0 3   0.0 158.9 0  20.0 3   0.0  57.7 0
MBO       174.4 113.0 249.3   0.1 3   0.0 999.9 0   1.0 3  10.1 170.1 0   5.0 3  36.8 128.8 0
NOUC        6.0 199.4  20.1   0.1 3   0.0 999.9 1   1.0 3   0.0  12.8 0   5.0 3   0.0  32.8 0
PPT        40.1  97.9 265.1   0.1 3   0.0 219.7 0
RER       104.1 242.5 114.2   0.1 3   0.0 999.9 0   1.0 3   4.0  47.9 0
SCZ        84.6  49.6 245.2   0.1 3   0.0 999.9 0   1.0 3   2.6 162.6 0
SEY        80.3 352.6 164.3   0.1 3   0.0 999.9 0   1.0 3   2.2 162.2 0  20.0 3  13.0  73.0 0
TAM       162.7 293.4  70.9   0.1 3   0.0 999.9 0   1.0 3  10.1 170.1 0
UNM        97.5  72.2 255.3   0.1 3   0.0 999.9 0   1.0 3   3.6 163.6 0  20.0 3  16.4  76.4 0
WFM       123.1  49.8 278.3   0.1 3   0.0 999.9 0

  1991 10  6   1 46 46.9    41.290    43.850   16.5  5.1  4.4  seed seed.dat                  100691B
CAN       122.7 110.1 300.0   0.1 3   0.0 999.9 0
CRZF       87.8 174.4 353.9   0.1 3   0.0 999.9 0
DRV       129.5 148.9 283.8   0.1 3   0.0 999.9 0  20.0 3  39.1  99.1 0
ECH        26.7 297.5  91.2   0.1 3   0.0 999.9 0  20.0 3   0.0  46.8 0
INU        69.7  60.3 306.8   0.1 3   0.0 999.9 0  20.0 3  14.7  74.7 0
KIP       114.2  22.3 342.1   0.1 3   0.0 999.9 0
MBO        58.8 261.7  50.3   0.1 3   0.0 999.9 0   5.0 3  14.2  42.2 0
NOUC      128.4  86.3 305.6   0.1 3   0.0 999.9 0
PAF        93.4 163.0 340.4   0.1 3   0.0 999.9 0
RER        63.3 167.5 350.0   0.1 3   0.0 999.9 0
SCZ       101.1 348.0  11.2   0.1 3   0.0 999.9 0
SEY        61.5  29.5 305.8   0.1 3   0.0 999.9 0
SSB        28.6 291.4  83.8   0.1 3   0.0 999.9 0
TAM        37.0 252.1  50.9   0.1 3   0.0 999.9 0
UNM       110.5 322.8  28.9   0.1 3   0.0 999.9 0
WFM        78.0 317.1  44.0   0.1 3   0.0 999.9 0

  1991 10  6   2 46 24.5   -64.770   178.050   15.0  5.3  4.9  seed seed.dat                  100691C
CAN        34.2 315.1 158.3   0.1 3   0.0 999.9 0
CRZF       61.3 219.4 156.9   0.1 3   0.0 999.9 0   5.0 3   8.6  40.6 0
DRV        15.6 245.9 100.8   0.1 3   0.0 999.9 0  20.0 3   0.0  39.5 0
ECH       162.7 200.5 166.5   0.1 3   0.0 999.9 0
INU       105.0 326.2 163.0   0.1 3   0.0 999.9 0  20.0 3   0.0  15.0 0
KIP        88.0  22.3 190.0   0.1 3   0.0 999.9 0
MBO       128.6 161.4 188.2   0.1 3   0.0 999.9 0
NOUC       43.4 344.0 172.7   0.1 3   0.0 999.9 0   5.0 3   0.0  30.6 0
PAF        53.2 230.9 149.5   0.1 3   0.0 999.9 0   5.0 3   3.6  35.6 0
RER        83.6 232.4 158.7   0.1 3   0.0 999.9 0
SCZ       111.6  49.0 203.8   0.1 3   0.0 999.9 0
SEY       129.0 345.2 166.1   0.1 3   0.0 999.9 0  20.0 3  34.8  94.8 0
SSB       160.2 193.4 171.6   0.1 3   0.0 999.9 0
TAM       137.7 190.2 175.2   0.1 3   0.0 999.9 0
UNM       104.3  75.3 206.1   0.1 3   0.0 999.9 0
WFM       136.1  85.7 215.6   0.1 3   0.0 999.9 0

  1991 10  6   7 51 35.0   -17.030   168.570   15.2  4.9  5.3  seed seed.dat                  100691D
CAN        25.2 220.0  48.8   0.1 3   0.0 999.9 0  20.0 3   0.0  43.5 0
CRZF       94.9 218.3 121.1   0.1 3   0.0 999.9 0
DRV        53.0 193.8  35.0   0.1 3   0.0 999.9 0
ECH       145.3 337.8  32.1   0.1 3   0.0 999.9 0
INU        60.2 330.4 144.7   0.1 3   0.0 999.9 0
KIP        50.4  41.8 223.2   0.1 3   0.0 999.9 0
MBO       174.1 117.3 244.6   0.1 3   0.0 999.9 0
NOUC        5.5 202.6  23.4   0.1 3   0.0 999.9 0   5.0 3   0.0   9.4 0
PAF        82.5 220.7 107.5   0.1 3   0.0 999.9 0   5.0 3  18.4  46.4 0
RER       103.9 242.3 114.8   0.1 3   0.0 999.9 0
SCZ        84.9  49.5 244.7   0.1 3   0.0 999.9 0
SEY        80.8 352.6 164.3   0.1 3   0.0 999.9 0
SSB       148.8 337.8  30.2   0.1 3   0.0 999.9 0
TAM       163.1 291.8  72.4   0.1 3   0.0 999.9 0
UNM        97.6  72.3 254.8   0.1 3   0.0 999.9 0  20.0 3  17.0  77.0 0
WFM       123.3  50.1 277.7   0.1 3   0.0 999.9 0

  1991 10  6  16 48 21.2    -7.300   -74.620  145.0  5.4  0.0  seed seed.dat                  100691H
BNG        93.7  86.1 263.0   0.1 3   0.0 999.9 0
CAN       120.9 221.1 127.3   0.1 3   0.0 999.9 0
CRZF      108.4 144.1 237.0   0.1 3   0.0 999.9 0
DRV       102.0 193.4 144.9   0.1 3   0.0 999.9 0
ECH        90.0  41.5 259.2   0.1 3   0.0 999.9 0
INU       139.7 318.3  53.2   0.1 3   0.0 999.9 0
KIP        86.6 291.9  99.0   0.1 3   0.0 999.9 0
MBO        61.1  69.3 253.2   0.1 3   0.0 999.9 0
NOUC      113.5 242.1 109.1   0.1 3   0.0 999.9 0
PAF       115.7 155.3 219.2   0.1 3   0.0 999.9 0
RER       123.6 121.4 245.0   0.1 3   0.0 999.9 0
SCZ        61.9 318.3 124.8   0.1 3   0.0 999.9 0
SEY       114.9 338.3  52.9   0.1 3   0.0 999.9 0
SSB        87.6  44.0 257.4   0.1 3   0.0 999.9 0
TAM        83.8  66.2 259.6   0.1 3   0.0 999.9 0
UNM        35.9 317.9 135.2   0.1 3   0.0 999.9 0
WFM        49.9   3.0 184.1   0.1 3   0.0 999.9 0

  1991 10  7  19 56 21.1   -10.740   117.490   20.3  5.1  4.9  seed seed.dat                  100791C
BNG        99.6 272.6 100.1   0.1 3   0.0 999.9 0
CAN        37.7 135.6 302.7   0.1 3   0.0 999.9 0  20.0 3   0.7  60.7 0
CRZF       65.5 223.8  79.7   0.1 3   0.0 999.9 0
DRV        57.9 169.6 333.6   0.1 3   0.0 999.9 0
ECH       111.5 317.6  81.7   0.1 3   0.0 999.9 0
INU        49.5  21.1 205.7   0.1 3   0.0 999.9 0
KIP        88.8  68.1 258.2   0.1 3   0.0 999.9 0
MBO       135.4 279.4  90.5   0.1 3   0.0 999.9 0
NOUC       48.0 110.1 275.4   0.1 3   0.0 226.5 0   5.0 3   4.7  32.7 1
PAF        54.8 216.0  62.1   0.1 3   0.0 999.9 0   5.0 3   0.0  33.6 0
RER        59.9 251.7  90.5   0.1 3   0.0 999.9 0
SCZ       121.2  53.8 280.6   0.1 3   0.0 999.9 0
SEY        78.3  15.5 215.1   0.1 3   0.0 999.9 0
SSB       113.7 314.7  80.9   0.1 3   0.0 999.9 0
TAM       114.3 290.1  91.6   0.1 3   0.0 999.9 0
UNM       143.6  72.2 278.6   0.1 3   0.0 999.9 0
WFM       147.2  12.4 343.7   0.1 3   0.0 999.9 0

  1991 10  8   3 31 15.6    45.640   149.030  144.5  6.0  0.0  seed seed.dat                  100891A
BNG       113.5 304.4  35.6   0.1 3   0.0 999.9 0   1.0 3   4.5  98.7 0   5.0 3   8.7  46.7 0
CAN        80.8 180.0   0.0   0.1 3   0.0 999.9 0   1.0 3   2.1 252.1 0
CRZF      125.2 237.3  58.6   0.1 3   0.0 999.9 0   1.0 3   5.3 255.3 0
DRV       112.4 183.9   6.8   0.1 3   0.0 999.9 0   1.0 3   4.3 254.3 0  20.0 3  25.7  85.7 0
ECH        80.6 335.3  26.0   0.1 3   0.0 999.9 0   1.0 3   2.0 252.0 0  20.0 3   0.0  43.3 0
INU        13.7 225.7  37.9   0.1 3   0.0 999.9 0   1.0 3   0.0 243.1 0  20.0 3   0.0  36.2 0
KIP        49.2 101.0 312.4   0.1 3   0.0 999.9 0   1.0 3   0.0 248.5 0
MBO       118.8 344.5  11.2   0.1 3   0.0 999.9 0   1.0 3   4.9 254.9 0   5.0 3  37.8  77.8 0
NOUC       69.4 162.8 347.1   0.1 3   0.0 999.9 0   1.0 3   0.8 250.8 0   5.0 3   0.0  37.8 0
PAF       116.9 226.2  50.7   0.1 3   0.0 999.9 0   1.0 3   4.7 254.7 0
RER       107.1 257.3  47.2   0.1 3   0.0 999.9 0   1.0 3   4.0 254.0 0
SCZ        64.6  62.8 309.2   0.1 3   0.0 999.9 0   1.0 3   0.4 250.4 0
SEY        17.4   5.1 187.9   0.1 3   0.0 999.9 0   1.0 3   0.0 243.9 0  20.0 3   0.0  38.0 0
SSB        84.0 335.7  24.1   0.1 3   0.0 999.9 0   1.0 3   2.2 252.2 0
TAM       104.1 325.6  25.4   0.1 3   0.0 999.9 0   1.0 3   3.8 253.8 0
UNM        90.6  61.1 319.4   0.1 3   0.0 999.9 0   1.0 3   2.8 252.8 0  20.0 3  15.4  75.4 0
WFM        84.8  28.7 332.9   0.1 3   0.0 999.9 0

  1991 10  9  12 19 18.2     0.770   -87.420   15.0  5.0  5.0  seed seed.dat                  100991A
BNG       105.9  85.2 272.1   0.1 3   0.0 999.9 0
CAN       117.4 230.1 110.5   0.1 3   0.0 999.9 0
CRZF      122.2 147.7 230.2   0.1 3   0.0 999.9 0
DRV       106.3 197.8 130.0   0.1 3   0.0 999.9 0
ECH        92.5  41.9 274.1   0.1 3   0.0 999.9 0
INU       125.1 315.6  58.6   0.1 3   0.0 999.9 0
KIP        71.7 292.2  96.5   0.1 3   0.0 999.9 0
MBO        70.9  75.1 265.8   0.1 3   0.0 999.9 0   5.0 3  13.7  41.7 0
NOUC      105.4 247.4  95.7   0.1 3   0.0 953.6 0
PAF       127.9 161.6 208.7   0.1 3   0.0 999.9 0
PPT        63.8 250.1  80.3   0.1 3   0.0 999.9 0
RER       138.7 121.9 245.1   0.1 3   0.0 999.9 0
SCZ        47.6 322.4 130.7   0.1 3   0.0 999.9 0
SSB        90.8  44.9 272.1   0.1 3   0.0 999.9 0
TAM        92.4  67.3 272.0   0.1 3   0.0 999.9 0
UNM        21.8 328.7 146.6   0.1 3   0.0 999.9 0  20.0 3   0.0  41.3 0
WFM        44.1  16.9 203.3   0.1 3   0.0 999.9 0

  1991 10  9  15 39 26.7    53.320  -165.500   53.0  5.0  0.0  seed seed.dat                  100991B
BNG       122.3 355.2   2.9   0.1 3   0.0 999.9 0
CAN        96.9 216.1  25.6   0.1 3   0.0 999.9 0
CRZF      155.2 271.7  60.9   0.1 3   0.0 999.9 0
DRV       126.7 203.9  37.6   0.1 3   0.0 999.9 0
ECH        78.5   5.0 355.5   0.1 3   0.0 999.9 0
INU        43.5 269.6  47.2   0.1 3   0.0 999.9 0
KIP        32.4 166.9 351.6   0.1 3   0.0 999.9 0
MBO       107.2  31.9 340.9   0.1 3   0.0 999.9 0
NOUC       79.1 206.6  16.8   0.1 3   0.0 753.4 0
PAF       145.8 254.2  62.2   0.1 3   0.0 999.9 0
PPT        72.1 164.0 350.0   0.1 3   0.0 999.9 0
RER       135.1 299.7  34.2   0.1 3   0.0 999.9 0
SCZ        34.7 100.7 313.0   0.1 3   0.0 999.9 0  20.0 3   0.0  48.5 0
SSB        81.2   7.1 354.0   0.1 3   0.0 999.9 0
TAM       103.7   8.5 354.5   0.1 3   0.0 999.9 0
UNM        60.6  96.9 321.0   0.1 3   0.0 999.9 0  20.0 3   2.2  62.2 0
WFM        59.3  58.7 316.0   0.1 3   0.0 999.9 0

  1991 10  9  17 22  2.4     2.210    31.180   15.0  5.7  5.4  seed seed.dat                  100991D
BNG        12.8 280.3  99.5   0.1 3   0.0 985.8 0   1.0 3   0.0 153.1 0   5.0 3   0.0  13.0 0
CAN       113.8 127.8 254.7   0.1 3   0.0 999.9 0   1.0 3   4.9 164.9 0
CRZF       51.9 161.9 333.3   0.1 3   0.0 999.9 0   1.0 3   0.0 159.1 0   5.0 3   1.0  33.0 0
DRV        99.4 157.5 253.3   0.1 3   0.0 999.9 0   1.0 3   3.7 163.7 0
ECH        50.4 339.3 148.0   0.1 3   0.0 999.9 0   1.0 3   0.0 159.0 0  20.0 3   0.0  56.6 0
INU       101.6  53.4 281.3   0.1 3   0.0 999.9 0   1.0 3   3.9 163.9 0
KIP       154.8  20.5 338.2   0.1 3   0.0 999.9 0   1.0 3   9.8 169.8 0
MBO        49.0 287.1  99.7   0.1 3   0.0 999.9 0   1.0 3   0.0 158.8 0   5.0 3   0.0  59.0 0
NOUC      132.1 118.0 251.7   0.1 3   0.0 650.8 0   1.0 3   6.1 166.1 0
PAF        61.5 152.0 314.1   0.1 3   0.0 999.9 0   1.0 3   0.2 160.2 0   5.0 3   8.0  40.0 0
PPT       164.7 177.3 182.8   0.1 3   0.0 999.9 0   1.0 3  10.1 170.1 0
RER        33.5 135.2 311.0   0.1 3   0.0 999.9 0   1.0 3   0.0 156.6 0  20.0 3   0.0  51.4 0
SCZ       133.6 329.2  39.3   0.1 3   0.0 999.9 0   1.0 3   6.3 166.3 0
SEY       101.6  23.5 299.4   0.1 3  38.0 999.9 0   1.0 3   3.9  54.3 0  20.0 3  31.2  91.2 0
SSB        48.9 335.2 143.4   0.1 3   0.0 999.9 0  20.0 3   5.6  65.6 0
TAM        32.3 311.5 125.7   0.1 3   0.0 999.9 0   1.0 3   0.0 156.6 0  20.0 3   0.0  46.4 0
UNM       126.7 296.1  71.7   0.1 3   0.0 999.9 0   1.0 3   5.8 165.8 0  20.0 3  38.6  98.6 0
WFM        97.8 313.4  79.5   0.1 3   0.0 999.9 0

  1991 10 10   1 32 29.3   -17.440  -174.250  158.7  5.3  0.0  seed seed.dat                  101091A
BNG       162.0 225.1 136.7   0.1 3   0.0 495.3 0
CAN        37.2 234.1  71.1   0.1 3   0.0 999.9 0
CRZF      103.9 210.8 135.0   0.1 3   0.0 999.9 0
DRV        57.4 199.8  54.3   0.1 3   0.0 999.9 0
ECH       149.2 358.1   2.6   0.1 3   0.0 999.9 0
INU        70.0 319.1 130.1   0.1 3   0.0 999.9 0
KIP        41.9  23.0 203.6   0.1 3   0.0 999.9 0
MBO       158.0  95.2 259.5   0.1 3   0.0 999.9 0
NOUC       18.9 252.6  79.2   0.1 3   0.0 160.4 0   5.0 3   0.0  16.5 0
PAF        92.4 216.1 120.6   0.1 3   0.0 999.9 0
PPT        23.5  94.1 266.5   0.1 3   0.0 999.9 0
RER       117.7 233.8 124.4   0.1 3   0.0 999.9 0
SCZ        73.4  42.1 232.7   0.1 3   0.0 999.9 0
SEY        84.4 345.3 148.1   0.1 3   0.0 999.9 0  20.0 3   0.0  58.8 0
SSB       152.2   1.8 357.6   0.1 3   0.0 999.9 0
TAM       174.7   2.3 357.8   0.1 3   0.0 999.9 0
UNM        82.3  67.1 248.7   0.1 3   0.0 999.9 0
WFM       110.9  50.5 265.5   0.1 3   0.0 999.9 0

  1991 10 11   3  1 51.8    -2.770   153.270   15.0  5.3  5.0  seed seed.dat                  101191B
BNG       134.8 273.4  89.4   0.1 3   0.0  34.0 0   5.0 3  14.1  42.1 1
CAN        32.7 186.5   7.9   0.1 3   0.0 999.9 0  20.0 3   0.0  53.2 0
CRZF       95.8 223.0 100.4   0.1 3   0.0 999.9 0
DRV        64.5 185.8  14.7   0.1 3   0.0 999.9 0
ECH       126.1 332.5  43.4   0.1 3   0.0 999.9 0
INU        41.0 339.5 154.7   0.1 3   0.0 999.9 0
KIP        53.4  60.8 249.3   0.1 3   0.0 999.9 0  20.0 3   0.0  60.0 0
MBO       164.9 320.6  40.3   0.1 3   0.0 355.0 0
NOUC       23.1 147.7 324.8   0.1 3   0.0 999.9 0   5.0 3   0.0  19.2 0
PAF        83.4 220.8  86.7   0.1 3   0.0 999.9 0   5.0 3   0.0 116.1 1
PPT        57.9 108.9 277.9   0.1 3   0.0 999.9 0
RER        96.0 248.5  95.4   0.1 3   0.0 999.9 0
SCZ        87.9  53.4 265.2   0.1 3   0.0 999.9 0  20.0 3  16.1  76.1 0
SEY        65.6 359.5 179.0   0.1 3   0.0 999.9 0  20.0 3  25.4  85.4 0
SSB       129.5 331.6  42.0   0.1 3   0.0 999.9 0
TAM       142.9 305.1  61.8   0.1 3   0.0 999.9 0  20.0 3  12.6  72.6 0
UNM       107.5  70.7 273.4   0.1 3   0.0 999.9 0  20.0 3  21.8  81.8 0
WFM       123.7  38.7 302.5   0.1 3   0.0 999.9 0

  1991 10 12  16 26 25.7   -13.740   166.360   34.9  5.9  6.2  seed seed.dat                  101291B
BNG       146.9 256.5 108.3   0.1 3   0.0 999.9 0   1.0 3   9.6 259.6 0   5.0 3   0.0  55.6 2
CAN        26.6 213.0  40.4   0.1 3   0.0 999.9 0   1.0 3   0.0 245.7 0  20.0 3   0.0  36.6 0
CRZF       96.1 219.2 117.4   0.1 3   0.0 999.9 0   1.0 3   3.4 253.4 0   5.0 3   8.6  64.6 0
DRV        55.7 192.3  31.5   0.1 3   0.0 999.9 0   1.0 3   0.0 249.5 0  20.0 3   0.0 101.5 0
ECH       141.5 337.5  33.4   0.1 3   0.0 999.9 0   1.0 3   6.7 256.7 0  20.0 3   0.0  51.2 0
INU        56.3 331.2 145.0   0.1 3   0.0 999.9 0   1.0 3   0.0 249.6 0
KIP        49.5  45.6 228.2   0.1 3   0.0 999.9 0   1.0 3   0.0 248.7 0  20.0 3   0.0  43.5 0
MBO       176.7  81.3 284.1   0.1 3   0.0 999.9 0   1.0 3  10.1 260.1 0   5.0 3   0.0 137.6 0
NOUC        8.3 180.4   0.4   0.1 3   0.0 999.9 0   1.0 3   0.0 241.9 0   5.0 3   0.0 106.6 0
PAF        83.6 220.8 103.7   0.1 3   0.0 999.9 0   1.0 3   2.4 252.4 0   5.0 3   0.0  67.6 0
PPT        42.5 101.1 268.6   0.1 3   0.0 999.9 0   1.0 3   0.0 247.8 0
RER       103.5 243.9 110.8   0.1 3   0.0 999.9 0   1.0 3   4.0 254.0 0  20.0 3   8.7  68.7 0
SCZ        84.4  50.4 248.6   0.1 3   0.0 999.9 0   1.0 3   2.4 252.4 0  20.0 3   9.5  69.5 0
SEY        77.3 353.5 166.0   0.1 3   0.0 453.4 0   1.0 3   1.8 251.8 0  20.0 3  10.8  70.8 0
SSB       144.9 337.3  31.6   0.1 3   0.0 999.9 0   1.0 3   9.5 259.5 0  20.0 3   0.0 110.8 0
TAM       159.7 298.6  66.3   0.1 3   0.0 999.9 0   1.0 3  10.0 260.0 0  20.0 3   0.0 112.1 0
UNM        98.6  72.3 258.6   0.1 3   0.0 999.9 0   1.0 3   3.6 253.6 0  20.0 3   0.0  45.2 0
WFM       122.8  48.1 282.3   0.1 3   0.0 999.9 0

  1991 10 13   0 57 53.9     3.040   127.820   15.0  5.5  5.6  seed seed.dat                  101391B
BNG       108.9 275.7  85.2   0.1 3   0.0 999.9 0   1.0 3   4.4 134.4 0   5.0 3  33.1  81.1 0
CAN        43.1 154.3 328.0   0.1 3   0.0 999.9 0   1.0 3   0.0 128.0 0  20.0 3   0.0  59.2 0
CRZF       82.6 222.6  77.9   0.1 3   0.0 999.9 0   1.0 3   2.3 132.3 0   5.0 3  17.1  49.1 0
DRV        70.2 174.9 347.0   0.1 3   0.0 999.9 0   1.0 3   1.1 131.1 0  20.0 3   0.0  60.0 0
ECH       107.5 322.9  64.0   0.1 3   0.0 999.9 0   1.0 3   4.3 134.3 0  20.0 3   0.0  59.7 0
INU        33.3  13.8 197.0   0.1 3   0.0 999.9 0   1.0 3   0.0 126.7 0  20.0 3   0.0  51.5 0
KIP        74.2  68.7 267.1   0.1 3   0.0 999.9 0   1.0 3   1.5 131.5 0  20.0 3   0.0  56.0 0
MBO       141.0 297.3  66.1   0.1 3   0.0 999.9 0   1.0 3   6.7 136.7 0   5.0 3  18.1 122.1 0
NOUC       45.2 125.5 298.7   0.1 3   0.0 999.9 0   1.0 3   0.0 128.2 0   5.0 3   0.0  39.1 0
PAF        72.0 215.5  62.6   0.1 3   0.0 999.9 0   1.0 3   1.3 131.3 0   5.0 3   4.1  56.1 0
PPT        83.9 107.9 275.0   0.1 3   0.0 999.9 0   1.0 3   2.4 132.4 0
RER        74.5 247.2  80.6   0.1 3   0.0 999.9 0   1.0 3   1.6 131.6 0  20.0 3   1.3  61.3 0
SCZ       104.7  51.0 285.4   0.1 3   0.0 999.9 0   1.0 3   4.1 134.1 0
SEY        62.5  12.4 207.9   0.1 3   0.0 999.9 0   1.0 3   0.4 130.4 0  20.0 3   1.4  61.4 0
SSB       110.4 321.0  62.8   0.1 3   0.0 999.9 0   1.0 3   4.5 134.5 0
TAM       118.1 297.8  73.0   0.1 3   0.0 999.9 0   1.0 3   5.1 135.1 0
UNM       128.7  62.3 290.8   0.1 3   0.0 999.9 0   1.0 3   5.9 135.9 0  20.0 3  11.7  71.7 0
WFM       131.2  19.0 334.1   0.1 3   0.0 999.9 0

  1991 10 13  18 12 19.2   -55.810  -123.210   15.0  5.2  6.2  seed seed.dat                  101391C
BNG       120.3 134.6 203.9   0.1 3   0.0 999.9 0   1.0 3   5.2 255.2 0   5.0 3   6.7  82.7 0
CAN        60.4 249.8 139.7   0.1 3   0.0 999.9 0   1.0 3   0.3 250.3 0  20.0 3   0.0  58.7 0
CRZF       77.9 176.5 182.8   0.1 3   0.0 999.9 0   1.0 3   2.0 252.0 0   5.0 3   0.0  62.7 0
DRV        43.0 215.4 124.9   0.1 3   0.0 347.5 0   1.0 3   0.0 235.4 0  20.0 3   0.0 106.6 0
ECH       149.2  83.7 237.5   0.1 3   0.0 999.9 0   1.0 3   9.8 259.8 0  20.0 3  14.3  74.3 0
INU       123.7 284.3 137.9   0.1 3   0.0 999.9 0   1.0 3   5.5 255.5 0
KIP        82.5 327.5 161.0   0.1 3   0.0 999.9 0   1.0 3   2.4 252.4 0  20.0 3   0.0  57.6 0
MBO       110.9  95.4 215.5   0.1 3   0.0 791.5 0   1.0 3   4.5 254.5 0   5.0 3  11.7 143.7 0
NOUC       61.0 272.8 142.6   0.1 3   0.0 190.6 0   1.0 3   0.3 235.7 0   5.0 3   0.0  44.7 0
PAF        74.4 189.0 172.2   0.1 3   0.0 999.9 0   1.0 3   1.6 251.6 0   5.0 3   1.7  57.7 0
PPT        43.1 321.6 158.5   0.1 3   0.0 999.9 0   1.0 3   0.0 248.1 0  20.0 3   0.0  51.8 0
RER       103.2 179.0 180.6   0.1 3   0.0 999.9 0   1.0 3   4.0 254.0 0  20.0 3  22.8  82.8 0
SCZ        92.2   1.5 181.0   0.1 3   0.0 999.9 0   1.0 3   3.2 253.2 0  20.0 3  13.6  73.6 0
SEY       135.3 319.5 126.9   0.1 3   0.0 999.9 0
SSB       146.0  86.2 233.4   0.1 3   0.0 999.9 0   1.0 3   9.6 259.6 0  20.0 3  42.9 102.9 0
TAM       130.1 110.2 215.3   0.1 3   0.0 999.9 0   1.0 3   6.0 256.0 0  20.0 3  32.2  92.2 0
UNM        77.7  23.2 193.6   0.1 3   0.0 999.9 0   1.0 3   2.0 252.0 0  20.0 3   0.0  54.3 0
WFM       107.5  37.5 207.8   0.1 3   0.0 999.9 0

  1991 10 14  14 35 56.7   -17.850  -178.080  596.7  5.4  0.0  seed seed.dat                  101491B
BNG       158.9 232.2 130.5   0.1 3   0.0 999.9 0
CAN        34.0 232.6  67.9   0.1 3   0.0 999.9 0
CRZF      101.7 212.7 132.0   0.1 3   0.0 999.9 0
DRV        55.8 198.7  50.3   0.1 3   0.0 999.9 0
ECH       149.4 353.1   9.7   0.1 3   0.0 999.9 0
INU        68.0 321.4 133.4   0.1 3   0.0 999.9 0
KIP        43.8  27.6 208.3   0.1 3   0.0 999.9 0
MBO       161.5  98.7 257.3   0.1 3   0.0 999.9 0
NOUC       15.3 251.4  76.7   0.1 3   0.0 552.9 0
PAF        89.9 217.3 117.9   0.1 3   0.0 999.9 0
PPT        27.1  93.8 265.0   0.1 3   0.0 999.9 0
RER       114.5 235.8 122.5   0.1 3   0.0 999.9 0
SCZ        76.2  43.9 235.2   0.1 3   0.0 999.9 0
SEY        83.9 346.9 151.7   0.1 3   0.0 999.9 0
SSB       152.5 355.9   5.4   0.1 3   0.0 999.9 0
TAM       174.0 324.8  33.7   0.1 3   0.0 999.9 0
UNM        85.9  68.4 249.7   0.1 3   0.0 999.9 0
WFM       114.0  50.9 267.7   0.1 3   0.0 999.9 0

  1991 10 14  15 58 14.4    -9.170   158.360   30.3  6.2  7.1  seed seed.dat                  101491C
BNG       139.8 265.9  98.8   0.1 3   0.0 999.9 0   1.0 3   6.6 436.6 0   5.0 3   0.0  44.8 2
CAN        27.5 196.8  20.4   0.1 3   0.0 999.9 0   1.0 3   0.0 425.8 0  20.0 3   0.0  36.8 0
CRZF       94.5 221.7 108.4   0.1 3   0.0 999.9 0   1.0 3   3.3 433.3 0   5.0 3   0.0 232.8 0
DRV        58.8 188.4  21.3   0.1 3   0.0 999.9 0   1.0 3   0.0 429.9 0  20.0 3   0.0  41.7 0
ECH       134.1 333.3  41.2   0.1 3   0.0 999.9 0   1.0 3   6.2 436.2 0  20.0 3   0.0  51.4 0
INU        48.8 336.7 151.4   0.1 3   0.0 999.9 0   1.0 3   0.0 428.7 0  20.0 3   0.0  39.2 0
KIP        52.6  54.1 239.2   0.1 3   0.0 999.9 0   1.0 3   0.0 429.1 0  20.0 3   0.0  43.6 0
MBO       173.1 318.3  41.0   0.1 3   0.0 999.9 0   1.0 3  10.1 440.1 0   5.0 3   0.0 306.7 0
NOUC       15.0 150.2 328.1   0.1 3   0.0 470.6 0   1.0 3   0.0 423.5 0   5.0 3   0.0 254.8 0
PAF        81.9 221.3  94.8   0.1 3   0.0 999.9 0   1.0 3   2.3 432.3 0   5.0 3   0.0 235.8 0
PPT        51.2 105.2 272.2   0.1 3   0.0 999.9 0   1.0 3   0.0 429.0 0  20.0 3   0.0  39.9 0
RER        98.3 246.9 103.3   0.1 3   0.0 999.9 0   1.0 3   3.6 433.6 0  20.0 3   0.0  48.9 0
SCZ        87.7  52.6 257.1   0.1 3   0.0 999.9 0   1.0 3   2.7 432.7 0  20.0 3   0.0  43.7 0
SEY        72.1 357.1 173.8   0.1 3   0.0 999.9 0
SSB       137.5 332.4  39.9   0.1 3   0.0 999.9 0
TAM       150.6 300.5  66.4   0.1 3   0.0 999.9 0   1.0 3   9.8 439.8 0  20.0 3   0.0 110.2 0
UNM       104.7  72.5 265.4   0.1 3   0.0 999.9 0   1.0 3   4.1 434.1 0  20.0 3   0.0  46.4 0
WFM       125.2  43.8 292.8   0.1 3   0.0 999.9 0   5.0 3   0.0 232.2 0

  1991 10 15   9  7 15.7    -9.140   158.410   21.4  5.1  4.8  seed seed.dat                  101591C
BNG       139.9 265.9  98.8   0.1 3   0.0 999.9 0
CAN        27.5 196.9  20.5   0.1 3   0.0 999.9 0
CRZF       94.6 221.7 108.5   0.1 3   0.0 999.9 0
DRV        58.8 188.4  21.4   0.1 3   0.0 999.9 0
ECH       134.1 333.3  41.1   0.1 3   0.0 999.9 0
INU        48.7 336.6 151.3   0.1 3   0.0 999.9 0
KIP        52.5  54.1 239.2   0.1 3   0.0 999.9 0
MBO       173.1 318.8  40.5   0.1 3   0.0 999.9 0   5.0 3   5.7  45.7 0
NOUC       15.0 150.4 328.3   0.1 3   0.0 691.6 0   5.0 3   0.0  13.8 0
PAF        81.9 221.3  94.8   0.1 3   0.0 999.9 0
PPT        51.2 105.2 272.3   0.1 3   0.0 999.9 0
RER        98.3 246.9 103.3   0.1 3   0.0 999.9 0
SCZ        87.6  52.6 257.0   0.1 3   0.0 999.9 0
SEY        72.1 357.1 173.7   0.1 3   0.0 999.9 0
SSB       137.5 332.5  39.8   0.1 3   0.0 999.9 0
TAM       150.7 300.6  66.3   0.1 3   0.0 999.9 0
UNM       104.6  72.5 265.5   0.1 3   0.0 999.9 0
WFM       125.2  43.8 292.8   0.1 3   0.0 999.9 0

  1991 10 15  16 18  2.6    -6.220   129.780  156.9  5.9  0.0  seed seed.dat                  101591D
BNG       111.5 272.2  94.9   0.1 3   0.0 680.8 0   1.0 3   4.3 164.3 0   5.0 3   5.0  61.0 1
CAN        34.0 151.2 324.1   0.1 3   0.0 999.9 0   1.0 3   0.0 156.6 0  20.0 3   0.0  45.0 0
CRZF       77.2 223.9  85.7   0.1 3   0.0 999.9 0   1.0 3   1.6 161.6 0   5.0 3  17.0  45.0 0
DRV        60.8 175.4 348.3   0.1 3   0.0 999.9 0   1.0 3   0.0 159.9 0  20.0 3   0.0  49.9 0
ECH       116.0 321.1  68.4   0.1 3   0.0 999.9 0   1.0 3   4.7 164.7 0  20.0 3   0.0  51.6 0
INU        42.0   8.9 190.8   0.1 3   0.0 999.9 0   1.0 3   0.0 157.6 0
KIP        75.9  66.2 257.6   0.1 3   0.0 999.9 0   1.0 3   1.4 161.4 0  20.0 3   9.8  69.8 0
MBO       146.3 286.5  79.2   0.1 3   0.0 956.8 0   1.0 3   9.4 169.4 0   5.0 3   0.0 111.0 0
NOUC       38.6 117.9 288.5   0.1 3   0.0 260.8 0   1.0 3   0.0 157.1 0   5.0 3   0.0  31.0 0
PAF        65.8 218.2  70.2   0.1 3   0.0 999.9 0   1.0 3   0.5 160.5 0   5.0 3   4.0  44.0 0
PPT        79.2 106.7 266.7   0.1 3   0.0 999.9 0   1.0 3   1.8 161.8 0
RER        72.9 249.8  90.2   0.1 3   0.0 999.9 0   1.0 3   1.3 161.3 0  20.0 3   0.0  85.1 0
SCZ       108.8  53.6 276.5   0.1 3   0.0 999.9 0   1.0 3   4.1 164.1 0
SEY        71.2  10.7 203.9   0.1 3   0.0 999.9 0
SSB       118.7 318.8  67.6   0.1 3   0.0 999.9 0   1.0 3   4.9 164.9 0  20.0 3   1.7  61.7 0
TAM       123.9 293.1  81.7   0.1 3   0.0 999.9 0   1.0 3   5.3 165.3 0  20.0 3   2.4  62.4 0
UNM       130.7  70.0 278.8   0.1 3   0.0 999.9 0   1.0 3   5.8 165.8 0  20.0 3   0.0  53.6 0
WFM       139.1  24.2 326.8   0.1 3   0.0 999.9 0

  1991 10 17   5 20 57.8    -4.500   135.380   15.2  5.6  5.8  seed seed.dat                  101791A
BNG       117.0 272.6  92.7   0.1 3   0.0 999.9 0   1.0 3   5.0 135.0 0   5.0 3  37.0  73.0 1
CAN        33.2 159.4 334.6   0.1 3   0.0 999.9 0   1.0 3   0.0 126.7 0  20.0 3   0.0  48.1 0
CRZF       82.3 223.9  88.6   0.1 3   0.0 999.9 0   1.0 3   2.3 132.3 0   5.0 3   7.0  55.0 0
DRV        62.2 177.9 354.8   0.1 3   0.0 999.9 0   1.0 3   0.3 130.3 0  20.0 3   0.0 111.0 0
ECH       118.0 323.4  62.3   0.1 3   0.0 999.9 0   1.0 3   5.1 135.1 0  20.0 3   5.6  65.6 0
INU        39.8   2.1 182.6   0.1 3   0.0 999.9 0   1.0 3   0.0 127.5 0  20.0 3   0.0  40.5 0
KIP        70.1  65.5 256.8   0.1 3   0.0 999.9 0   1.0 3   1.1 131.1 0  20.0 3   6.9  66.9 0
MBO       151.0 291.6  72.5   0.1 3   0.0 999.9 0   1.0 3   9.8 139.8 0
NOUC       34.7 123.1 295.8   0.1 3   0.0 999.9 0   1.0 3   0.0 126.8 0   5.0 3   0.0  44.1 0
PAF        70.6 219.0  73.8   0.1 3   0.0 999.9 0   1.0 3   1.2 131.2 0   5.0 3   1.0  53.0 0
PPT        74.4 106.9 270.1   0.1 3   0.0 999.9 0   1.0 3   1.6 131.6 0
RER        78.7 249.4  90.6   0.1 3   0.0 999.9 0   1.0 3   2.1 132.1 0
SCZ       103.3  53.6 274.5   0.1 3   0.0 999.9 0   1.0 3   4.0 134.0 0  20.0 3  19.0  79.0 0
SEY        68.6   8.3 198.3   0.1 3   0.0 999.9 0
SSB       121.0 321.4  61.4   0.1 3   0.0 999.9 0   1.0 3   5.3 135.3 0
TAM       128.3 295.4  76.9   0.1 3   0.0 999.9 0   1.0 3   5.9 135.9 0
UNM       124.9  69.7 278.4   0.1 3   0.0 999.9 0   1.0 3   5.6 135.6 0  20.0 3  11.7  71.7 0
WFM       135.1  28.3 320.6   0.1 3   0.0 999.9 0

  1991 10 17   9  5 19.3   -14.830  -173.410   62.1  5.7  6.0  seed seed.dat                  101791B
BNG       164.3 229.4 131.9   0.1 3   0.0 999.9 0   1.0 3  10.0 254.7 0   5.0 3  24.7  86.7 0
CAN        39.4 231.8  68.5   0.1 3   0.0 999.9 0   1.0 3   0.0 247.5 0  20.0 3   0.0  49.7 0
CRZF      106.6 210.8 134.4   0.1 3   0.0 999.9 0   1.0 3   4.1 254.1 0   5.0 3  26.7  62.7 0
DRV        60.1 199.5  54.2   0.1 3   0.0 999.9 0   1.0 3   0.0 250.0 0  20.0 3   0.6  60.6 0
ECH       146.7 359.3   1.0   0.1 3   0.0 999.9 0   1.0 3   9.6 259.6 0  20.0 3   0.0  51.3 0
INU        68.6 318.0 127.6   0.1 3   0.0 999.9 0   1.0 3   1.0 251.0 0  20.0 3   0.0  52.1 0
KIP        39.2  23.1 204.1   0.1 3   0.0 999.9 0   1.0 3   0.0 247.4 0  20.0 3   0.0  52.6 0
MBO       157.2  88.6 266.4   0.1 3   0.0 999.9 0   1.0 3   9.9 259.9 0   5.0 3   0.0  16.7 0
NOUC       20.5 246.4  72.9   0.1 3   0.0 999.9 0   1.0 3   0.0 244.6 0   5.0 3   0.0  19.7 0
PAF        95.0 216.0 119.7   0.1 3   0.0 999.9 0   1.0 3   3.3 253.3 0   5.0 3   4.7  60.7 0
PPT        23.0 100.1 273.3   0.1 3   0.0 999.9 0   1.0 3   0.0 245.1 0
RER       119.9 234.4 122.6   0.1 3   0.0 999.9 0   1.0 3   5.2 255.2 0
SCZ        70.9  42.2 233.9   0.1 3   0.0 999.9 0   1.0 3   1.3 251.3 0  20.0 3   0.0  42.6 0
SEY        82.1 344.9 146.6   0.1 3   0.0 999.9 0
SSB       149.6   2.9 356.1   0.1 3   0.0 999.9 0   1.0 3   9.7 259.7 0
TAM       172.0   7.3 352.8   0.1 3   0.0 999.9 0   1.0 3  10.2 260.2 0  20.0 3   0.0  57.2 0
UNM        80.6  67.2 250.8   0.1 3   0.0 999.9 0   1.0 3   2.2 252.2 0  20.0 3   0.0  44.3 0
WFM       108.6  49.8 267.1   0.1 3   0.0 999.9 0

  1991 10 17  15 43 26.1   -17.880  -178.690  559.1  5.2  0.0  seed seed.dat                  101791C
BNG       158.5 233.2 129.6   0.1 3   0.0 999.9 0
CAN        33.5 232.3  67.3   0.1 3   0.0 999.9 0
CRZF      101.3 212.9 131.6   0.1 3   0.0 999.9 0
DRV        55.6 198.6  49.7   0.1 3   0.0 999.9 0
ECH       149.3 352.3  10.8   0.1 3   0.0 999.9 0
INU        67.7 321.8 133.9   0.1 3   0.0 999.9 0
KIP        44.1  28.3 209.0   0.1 3   0.0 999.9 0
MBO       162.1  99.2 256.9   0.1 3   0.0 999.9 0   5.0 3   6.6  38.6 0
NOUC       14.7 250.9  76.1   0.1 3   0.0 815.5 0   5.0 3   0.0  13.6 0
PAF        89.5 217.5 117.5   0.1 3   0.0 999.9 0
PPT        27.7  93.9 264.9   0.1 3   0.0 999.9 0
RER       114.0 236.1 122.1   0.1 3   0.0 999.9 0
SCZ        76.6  44.2 235.6   0.1 3   0.0 999.9 0
SEY        83.8 347.1 152.3   0.1 3   0.0 999.9 0
SSB       152.5 355.0   6.6   0.1 3   0.0 999.9 0
TAM       173.7 320.4  38.2   0.1 3   0.0 999.9 0
UNM        86.4  68.6 249.9   0.1 3   0.0 999.9 0
WFM       114.5  50.9 268.1   0.1 3   0.0 999.9 0

  1991 10 17  17 46 57.1    86.790    62.580   15.0  5.2  4.6  seed seed.dat                  101791F
BNG        83.3 224.3   2.3   0.1 3   0.0 999.9 0
CAN       125.0  95.8 356.0   0.1 3   0.0 999.9 0
CRZF      133.2 190.1   0.8   0.1 3   0.0 999.9 0
DRV       155.7 109.5 352.2   0.1 3   0.0 999.9 0
ECH        40.1 238.5   4.1   0.1 3   0.0 999.9 0  20.0 3   0.0  25.6 0
INU        53.9 103.3 356.2   0.1 3   0.0 999.9 0
KIP        71.1  39.8 357.8   0.1 3   0.0 999.9 0
MBO        75.1 260.4   3.3   0.1 3   0.0 999.9 0   5.0 3   0.0   7.1 0
NOUC      112.8  77.5 356.6   0.1 3   0.0 691.9 0
PAF       136.1 172.8 359.4   0.1 3   0.0 999.9 0
PPT       110.2  32.7 358.2   0.1 3   0.0 999.9 0
RER       107.9 186.7   0.4   0.1 3   0.0 999.9 0
SCZ        56.7   3.8 359.7   0.1 3   0.0 999.9 0
SEY        27.3  83.9 353.0   0.1 3   0.0 999.9 0  20.0 3   0.0  48.3 0
SSB        43.2 240.9   4.0   0.1 3   0.0 999.9 0
TAM        65.6 238.3   3.0   0.1 3   0.0 999.9 0
UNM        73.8 342.1   1.1   0.1 3   0.0 999.9 0
WFM        49.8 316.1   3.0   0.1 3   0.0 999.9 0

  1991 10 17  21  2 50.3    28.610   -43.430   15.0  5.2  5.1  seed seed.dat                  101791H
BNG        63.4  99.9 299.7   0.1 3   0.0 999.9 0   5.0 3  11.2  43.2 4
CAN       167.5 235.7 120.4   0.1 3   0.0 999.9 0
CRZF      113.7 131.1 286.9   0.1 3   0.0 999.9 0
DRV       141.9 182.2 175.1   0.1 3   0.0 999.9 0
ECH        43.3  48.8 262.0   0.1 3   0.0 999.9 0  20.0 3   0.0  51.8 0
INU       116.2 359.6   0.4   0.1 3   0.0 999.9 0
KIP        99.6 300.9  54.1   0.1 3   0.0 999.9 0  20.0 3  21.0  81.0 0
MBO        28.3 114.4 304.3   0.1 3   0.0 999.9 0   5.0 3   0.0  47.2 0
NOUC      152.4 277.4  70.8   0.1 3   0.0 496.1 0
PAF       126.3 131.8 272.8   0.1 3   0.0 999.9 0   5.0 3  35.2  67.2 0
PPT       112.1 261.7  65.9   0.1 3   0.0 999.9 0
RER       107.6 104.7 294.3   0.1 3   0.0 999.9 0
SCZ        64.5 299.4  72.2   0.1 3   0.0 999.9 0  20.0 3   7.1  67.1 0
SEY        87.7 352.9  13.8   0.1 3   0.0 999.9 0
SSB        41.1  52.8 263.0   0.1 3   0.0 999.9 0
TAM        44.2  85.8 288.2   0.1 3   0.0 999.9 0  20.0 3   0.0  53.6 0
UNM        51.4 272.7  68.4   0.1 3   0.0 999.9 0  20.0 3   0.0  54.8 0
WFM        26.6 309.2 112.5   0.1 3   0.0 999.9 0

  1991 10 18  14  4 54.1    35.170    28.520   33.0  5.3  0.0  seed seed.dat                  101891B
BNG        32.0 199.1  15.6   0.1 3   0.0 999.9 0   5.0 3   0.0  29.1 0
CAN       132.1 108.0 287.6   0.1 3   0.0 999.9 0
CRZF       84.1 164.0 340.9   0.1 3   0.0 999.9 0
DRV       130.3 150.8 266.2   0.1 3   0.0 999.9 0
ECH        20.5 316.0 121.6   0.1 3   0.0 999.9 0  20.0 3   0.0  39.7 0
INU        83.1  51.2 308.7   0.1 3   0.0 999.9 0
KIP       123.2   7.3 353.6   0.1 3   0.0 999.9 0
MBO        45.7 254.9  54.7   0.1 3   0.0 999.9 0
NOUC      141.0  81.5 298.6   0.1 3   0.0 999.9 0
PAF        92.1 154.1 326.9   0.1 3   0.0 999.9 0
PPT       162.4 354.1   5.2   0.1 3   0.0 999.9 0
RER        61.8 150.9 334.8   0.1 3   0.0 999.9 0  20.0 3  34.4  94.4 0
SCZ       103.1 335.6  24.9   0.1 3   0.0 999.9 0
SEY        72.3  23.4 314.6   0.1 3   0.0 999.9 0
SSB        20.8 306.3 110.6   0.1 3   0.0 999.9 0
TAM        23.5 244.6  53.3   0.1 3   0.0 999.9 0
UNM       106.4 309.0  42.4   0.1 3   0.0 999.9 0  20.0 3  32.7  92.7 0
WFM        73.5 310.8  57.1   0.1 3   0.0 999.9 0

  1991 10 18  17 22 55.1   -23.840  -177.280  202.9  5.8  0.0  seed seed.dat                  101891D
BNG       155.4 220.4 143.1   0.1 3   0.0 999.9 0   1.0 3   9.5 169.5 0   5.0 3   4.1  81.1 0
CAN        31.3 240.8  77.9   0.1 3   0.0 999.9 0   1.0 3   0.0 156.1 0  20.0 3   0.0  38.1 0
CRZF       97.0 211.7 135.9   0.1 3   0.0 999.9 0   1.0 3   3.1 163.1 0   5.0 3   5.1  57.1 0
DRV        50.4 200.5  53.7   0.1 3   0.0 999.9 0   1.0 3   0.0 158.5 0  20.0 3   0.0  40.0 0
ECH       155.4 352.8   9.7   0.1 3   0.0 999.9 0   1.0 3   9.5 169.5 0  20.0 3   0.0  52.7 0
INU        73.2 322.2 136.7   0.1 3   0.0 999.9 0   1.0 3   1.2 161.2 0  20.0 3   0.0  44.5 0
KIP        48.9  24.2 203.7   0.1 3   0.0 999.9 0   1.0 3   0.0 158.4 0  20.0 3   0.0  43.0 0
MBO       159.2 114.0 240.6   0.1 3   0.0 999.9 0   1.0 3   9.6 169.6 0   5.0 3   3.1 127.1 0
NOUC       15.2 273.3  99.7   0.1 3   0.0 999.9 0   1.0 3   0.0 153.4 0   5.0 3   0.0  26.1 0
PAF        85.6 217.2 122.1   0.1 3   0.0 999.9 0   1.0 3   2.2 162.2 0   5.0 3   0.0  47.1 0
PPT        26.6  81.7 251.7   0.1 3   0.0 999.9 0   1.0 3   0.0 155.4 0  20.0 3   0.0  47.2 0
RER       111.6 233.2 128.2   0.1 3   0.0 999.9 0   1.0 3   4.3 164.3 0
SCZ        80.0  42.7 230.5   0.1 3   0.0 999.9 0   1.0 3   1.8 161.8 0  20.0 3   0.0  45.0 0
SEY        89.9 346.6 152.4   0.1 3   0.0 999.9 0
SSB       158.5 356.4   4.5   0.1 3   0.0 999.9 0   1.0 3   9.6 169.6 0
TAM       177.2 243.3 107.2   0.1 3   0.0 999.9 0   1.0 3   9.9 169.9 0  20.0 3   0.0  51.6 0
UNM        87.4  67.8 243.9   0.1 3   0.0 999.9 0   1.0 3   2.5 162.5 0  20.0 3   0.0  44.7 0
WFM       117.1  53.1 262.0   0.1 3   0.0 999.9 0

  1991 10 18  19 10 10.4     7.870   122.220   15.4  5.3  4.9  seed seed.dat                  101891E
BNG       102.9 276.4  80.9   0.1 3   0.0 999.9 0   1.0 3   0.0  62.2 0
CAN        49.9 151.2 324.2   0.1 3   0.0 999.9 0   1.0 3   0.0  48.9 0
CRZF       82.5 221.1  70.4   0.1 3   0.0 999.9 0   1.0 3   0.0  55.9 0
DRV        75.6 172.8 341.7   0.1 3   0.0 999.9 0   1.0 3   0.0  51.3 0
ECH       100.3 322.0  65.6   0.1 3   0.0 999.9 0   1.0 3   0.0  62.3 0  20.0 3  20.4  80.4 0
INU        30.6  24.3 209.9   0.1 3   0.0 999.9 0   1.0 3   0.0  53.9 0
KIP        77.7  69.8 273.8   0.1 3   0.0 999.9 0   1.0 3   0.0  51.2 0
MBO       133.8 298.6  63.7   0.1 3   0.0 999.9 0   1.0 3   0.0  62.3 0   5.0 3   0.0  19.8 0
NOUC       52.5 125.5 299.6   0.1 3   0.0 999.9 0   1.0 3   0.0  46.1 0   5.0 3   2.9  34.9 0
PAF        72.9 212.7  54.9   0.1 3   0.0 999.9 0   1.0 3   0.0  55.0 0
PPT        90.7 107.5 277.9   0.1 3   0.0 999.9 0   1.0 3   0.0  48.1 0
RER        71.3 244.6  73.6   0.1 3   0.0 999.9 0   1.0 3   0.0  57.0 0
SCZ       105.8  48.5 292.9   0.1 3   0.0 999.9 0   1.0 3   0.0  54.6 0  20.0 3   0.0  53.8 0
SEY        59.2  15.5 215.5   0.1 3   0.0 999.9 0
SSB       103.2 320.1  64.1   0.1 3   0.0 999.9 0   1.0 3   0.0  62.3 0
TAM       111.0 298.0  71.3   0.1 3   0.0 999.9 0   1.0 3   0.0  62.6 0  20.0 3   0.0  10.3 0
UNM       131.0  55.8 299.9   0.1 3   0.0 999.9 0   1.0 3   0.0  55.2 0  20.0 3   3.5 123.5 0
WFM       128.1  12.8 342.7   0.1 3   0.0 999.9 0

  1991 10 19   4 59  8.2    53.600  -166.990   15.0  5.1  4.9  seed seed.dat                  101991B
BNG       121.9 353.5   3.9   0.1 3   0.0 999.9 0   1.0 3  24.4 140.8 0
CAN        96.6 215.0  24.7   0.1 3   0.0 999.9 0   1.0 3  21.8 151.8 0
CRZF      154.3 271.1  60.2   0.1 3   0.0 999.9 0   1.0 3  25.2 155.2 0
DRV       126.6 203.4  36.4   0.1 3   0.0 999.9 0   1.0 3  24.1 154.1 0
ECH        78.3   4.0 356.5   0.1 3   0.0 999.9 0   1.0 3  21.9 151.9 0  20.0 3  11.5  71.5 0
INU        42.6 268.0  46.7   0.1 3   0.0 999.9 0   1.0 3  12.7 142.7 0  20.0 3   0.3  60.3 0
KIP        32.9 164.4 350.1   0.1 3   0.0 999.9 0   1.0 3  18.2 148.2 0  20.0 3   0.0  48.7 0
MBO       107.5  30.4 341.8   0.1 3   0.0 999.9 0   1.0 3  24.8 154.8 0
NOUC       79.0 205.2  15.9   0.1 3   0.0 999.9 0   1.0 3  20.6 150.6 0
PAF       145.0 253.7  61.3   0.1 3   0.0 999.9 0   1.0 3  24.5 154.5 0
PPT        72.6 162.5 349.2   0.1 3   0.0 999.9 0   1.0 3  22.0 152.0 0
RER       134.2 298.4  34.5   0.1 3   0.0 999.9 0   1.0 3  23.9 153.9 0
SCZ        35.6  99.7 313.2   0.1 3   0.0 999.9 0   1.0 3  20.3 150.3 0  20.0 3   0.0  52.8 0
SEY        22.9 310.2  95.1   0.1 3   0.0 999.9 0
SSB        81.0   6.0 354.9   0.1 3   0.0 999.9 0   1.0 3  22.2 152.2 0
TAM       103.5   7.1 355.4   0.1 3   0.0 999.9 0   1.0 3  23.8 153.8 0
UNM        61.5  95.8 321.2   0.1 3   0.0 999.9 0   1.0 3  22.7 152.7 0  20.0 3   1.5 121.5 0
WFM        59.9  57.9 316.9   0.1 3   0.0 999.9 0

  1991 10 19   8 48 18.6    -8.990   117.210   96.0  5.7  0.0  seed seed.dat                  101991E
BNG        99.2 273.0  98.3   0.1 3   0.0 999.9 0   1.0 3   3.5 163.5 0
CAN        39.1 136.9 304.3   0.1 3   0.0 999.9 0   1.0 3   0.0 157.4 0
CRZF       66.6 223.2  78.2   0.1 3   0.0 999.9 0   1.0 3   0.7 160.7 0
DRV        59.7 169.7 333.6   0.1 3   0.0 999.9 0   1.0 3   0.0 159.9 0
ECH       110.0 318.0  80.7   0.1 3   0.0 999.9 0   1.0 3   4.3 164.3 0
INU        48.0  21.9 206.9   0.1 3   0.0 999.9 0   1.0 3   0.0 158.5 0
KIP        88.4  68.2 259.9   0.1 3   0.0 999.9 0   1.0 3   2.6 162.6 0
MBO       134.9 281.2  88.2   0.1 3   0.0 999.9 0   1.0 3   6.2 166.2 0   5.0 3   1.7  29.7 0
NOUC       48.9 111.5 277.4   0.1 3   0.0 999.9 0   1.0 3   0.0 158.6 0
PAF        56.1 215.2  60.6   0.1 3   0.0 999.9 0   1.0 3   0.0 159.5 0   5.0 3   5.7  33.7 0
PPT        90.3 107.8 260.4   0.1 3   0.0 999.9 0   1.0 3   2.8 162.8 0
RER        60.2 250.8  88.5   0.1 3   0.0 999.9 0   1.0 3   0.0 160.0 0  20.0 3   3.0  63.0 0
SCZ       120.4  52.9 282.4   0.1 3   0.0 999.9 0   1.0 3   5.1 165.1 0
SEY        76.7  15.7 215.9   0.1 3   0.0 999.9 0
SSB       112.3 315.2  79.8   0.1 3   0.0 911.5 0   1.0 3   4.5 164.5 0
TAM       113.4 290.8  90.0   0.1 3   0.0 999.9 0   1.0 3   4.6 164.6 0
UNM       143.3  69.9 281.5   0.1 3   0.0 999.9 0   1.0 3   6.8 166.8 0
WFM       145.6  11.5 344.8   0.1 3   0.0 999.9 0

  1991 10 19  21 23 15.5    30.220    78.240   15.0  6.5  7.1  seed seed.dat                  101991G
BNG        61.7 257.9  58.1   0.1 3   0.0 999.9 0   1.0 3   0.3 361.7 0   5.0 3   0.0 166.7 0
CAN        93.3 129.2 304.9   0.1 3   0.0 999.9 0   1.0 3   3.4 433.4 0  20.0 3   0.0  43.8 0
CRZF       80.1 198.2  23.1   0.1 3   0.0 999.9 0   1.0 3   2.2 432.2 0   5.0 3   0.0 164.7 0
DRV       107.4 158.4 306.9   0.1 3   0.0 999.9 0   1.0 3   4.3 434.3 0  20.0 3   0.0 230.7 0
ECH        55.9 310.3  81.1   0.1 3   0.0 999.9 0   1.0 3   0.0 429.6 0  20.0 3   0.0  41.3 0
INU        49.0  67.7 281.6   0.1 3   0.0 999.9 0   1.0 3   0.0 428.7 0  20.0 3   0.0  40.2 0
KIP       105.3  53.3 311.8   0.1 3   0.0 999.9 0   1.0 3   4.0 434.0 0  20.0 3   2.6  62.6 0
MBO        87.2 285.1  59.6   0.1 3   0.0 518.6 0   1.0 3   2.8 432.8 0   5.0 3   0.0 162.8 0
NOUC       99.3 109.9 298.7   0.1 3   0.0 395.6 0   1.0 3   3.7 355.8 0   5.0 3   1.8 153.8 0
PAF        79.7 185.3   7.1   0.1 3   0.0 326.6 0   1.0 3   2.1 346.7 0   5.0 3   0.0 170.7 0
PPT       134.8  84.7 295.1   0.1 3   0.0 999.9 0   1.0 3   6.3 436.3 0
RER        55.6 205.7  23.7   0.1 3   0.0 999.9 0   1.0 3   0.0 429.7 0  20.0 3   0.0  44.1 0
SCZ       110.9  16.8 341.9   0.1 3   0.0 999.9 0   1.0 3   4.5 434.5 0  20.0 3   0.0 110.7 0
SEY        56.3  31.8 271.4   0.1 3   0.0 999.9 0
SSB        58.2 307.2  77.6   0.1 3   0.0 156.6 0   1.0 3   0.0  42.8 0  20.0 3   0.0  42.0 0
TAM        64.5 282.6  66.2   0.1 3   0.0 999.9 0   1.0 3   0.7 430.7 0  20.0 3   0.0  41.2 0
UNM       130.5 356.8   2.9   0.1 3   0.0 999.9 0   1.0 3   6.0 436.0 0  20.0 3   0.0  53.4 0
WFM       102.2 337.7  26.4   0.1 3   0.0 999.9 0   5.0 3   0.0 116.9 0

  1991 10 20   1 17  2.1    53.890  -166.990   15.0  5.0  4.9  seed seed.dat                  102091A
BNG       121.6 353.5   3.8   0.1 3   0.0 999.9 0   1.0 3   0.0 127.9 0
CAN        96.8 215.0  24.5   0.1 3   0.0 999.9 0   1.0 3   0.0 199.6 0
CRZF      154.3 271.7  59.6   0.1 3   0.0 999.9 0   1.0 3   0.0 198.4 0
DRV       126.8 203.5  36.3   0.1 3   0.0 999.9 0   1.0 3   0.0 200.5 0
ECH        78.0   4.0 356.5   0.1 3   0.0 999.9 0   1.0 3   0.0 195.8 0
INU        42.6 267.7  46.3   0.1 3   0.0 999.9 0   1.0 3   0.0 194.9 0
KIP        33.2 164.6 350.3   0.1 3   0.0 999.9 0   1.0 3   0.0 200.3 0
MBO       107.2  30.3 342.0   0.1 3   0.0 284.8 0   1.0 3   0.0 199.0 0
NOUC       79.3 205.2  15.7   0.1 3   0.0 161.9 0   1.0 3   0.0 122.0 0
PAF       145.1 254.1  60.8   0.1 3   0.0  92.8 0   1.0 3   0.0 113.0 0
PPT        72.9 162.6 349.3   0.1 3   0.0 999.9 0   1.0 3   0.0 202.5 0
RER       134.0 298.6  34.1   0.1 3   0.0 999.9 0   1.0 3   0.0 195.9 0
SCZ        35.7 100.1 313.6   0.1 3   0.0 999.9 0   1.0 3   0.0 200.7 0  20.0 3   0.0  48.9 0
SEY        22.7 309.6  94.5   0.1 3   0.0 999.9 0
TAM       103.2   7.1 355.5   0.1 3   0.0 999.9 0   1.0 3   0.0 196.9 0
UNM        61.5  95.9 321.5   0.1 3   0.0 999.9 0   1.0 3   0.0 202.2 0  20.0 3   1.6  61.6 0
WFM        59.8  58.1 317.1   0.1 3   0.0 999.9 0

  1991 10 20   9 51 28.0    33.570   135.040   45.3  5.2  5.1  seed seed.dat                  102091E
BNG       109.2 289.3  52.3   0.1 3   0.0 999.9 0
CAN        69.9 167.8 347.6   0.1 3   0.0 999.9 0
CRZF      109.3 226.8  61.6   0.1 3   0.0 999.9 0
DRV       100.1 178.0 355.8   0.1 3   0.0 999.9 0
ECH        86.1 328.1  41.2   0.1 3   0.0 999.9 0
INU         2.4  42.2 223.4   0.1 3   0.0 999.9 0  20.0 3   0.0  32.0 0
KIP        59.7  83.1 297.2   0.1 3   0.0 999.9 0
MBO       125.2 326.3  28.6   0.1 3   0.0 999.9 0
NOUC       63.0 147.2 330.8   0.1 3   0.0 999.9 0
PAF       100.7 217.2  50.4   0.1 3   0.0 999.9 0
PPT        88.0 112.4 306.0   0.1 3   0.0 999.9 0
RER        93.1 246.9  55.4   0.1 3   0.0 999.9 0
SCZ        80.2  52.4 304.7   0.1 3   0.0 999.9 0
SEY        31.3  15.2 208.6   0.1 3   0.0 999.9 0
TAM       106.0 312.3  42.0   0.1 3   0.0 999.9 0
UNM       106.2  52.7 315.2   0.1 3   0.0 848.4 0
WFM       100.2  19.5 337.8   0.1 3   0.0 999.9 0

  1991 10 23   5 27 16.5    -7.530   105.890   31.2  5.5  5.2  seed seed.dat                  102391B
BNG        88.0 274.7  97.6   0.1 3   0.0 999.9 0   5.0 3  21.7  97.7 0
CAN        48.2 131.4 294.5   0.1 3   0.0 999.9 0
CRZF       60.2 220.1  67.7   0.1 3   0.0 999.9 0
DRV        63.5 165.5 321.5   0.1 3   0.0 999.9 0
ECH       101.4 317.6  88.3   0.1 3   0.0 999.9 0
INU        51.9  32.6 220.8   0.1 3   0.0 999.9 0
KIP        98.4  69.5 265.3   0.1 3   0.0 999.9 0
MBO       123.6 282.1  89.4   0.1 3   0.0 999.9 0   5.0 3  44.7  72.7 0
NOUC       59.8 111.1 274.1   0.1 3   0.0 999.9 0   5.0 3   9.8  45.8 0
PAF        51.3 209.2  47.9   0.1 3   0.0 999.9 0   5.0 3   2.7  30.7 0
PPT       101.4 109.6 258.2   0.1 3   0.0 999.9 0
RER        50.2 248.8  82.1   0.1 3   0.0 999.9 0
SCZ       128.2  48.9 292.4   0.1 3   0.0 999.9 0
SEY        78.7  19.8 227.3   0.1 3   0.0 999.9 0
SSB       103.3 314.6  87.0   0.1 3   0.0 999.9 0
TAM       102.4 291.6  92.8   0.1 3   0.0 999.9 0
WFM       144.9 356.6   4.5   0.1 3   0.0 999.9 0

  1991 10 23  12 24 56.7   -11.560   166.620  142.5  5.3  0.0  seed seed.dat                  102391D
BNG       147.6 259.7 104.5   0.1 3   0.0 999.9 0
CAN        28.6 211.2  38.4   0.1 3   0.0 999.9 0
CRZF       98.0 219.3 116.2   0.1 3   0.0 999.9 0
DRV        57.9 192.2  31.3   0.1 3   0.0 999.9 0
ECH       139.6 338.7  31.8   0.1 3   0.0 999.9 0
INU        54.5 330.2 143.4   0.1 3   0.0 999.9 0
KIP        47.8  46.8 230.1   0.1 3   0.0 999.9 0
MBO       175.5  52.2 310.3   0.1 3   0.0 999.9 0
NOUC       10.5 181.6   1.7   0.1 3   0.0 999.9 0   5.0 3   0.0  12.1 0
PAF        85.4 220.6 102.5   0.1 3   0.0 999.9 0
PPT        42.7 103.4 271.8   0.1 3   0.0 999.9 0
RER       104.7 244.3 108.9   0.1 3   0.0 999.9 0
SCZ        82.8  50.5 250.1   0.1 3   0.0 999.9 0
SEY        75.2 353.3 165.5   0.1 3   0.0 999.9 0
SSB       143.0 338.7  29.8   0.1 3   0.0 694.9 0
TAM       158.8 303.9  60.7   0.1 3   0.0 999.9 0
WFM       121.1  47.2 284.0   0.1 3   0.0 999.9 0

  1991 10 23  23 18 37.0    51.600   178.280   15.0  5.1  4.9  seed seed.dat                  102391G
BNG       121.5 336.2  14.7   0.1 3   0.0 999.9 0
CAN        90.5 203.7  17.8   0.1 3   0.0 999.9 0
CRZF      145.2 257.5  62.0   0.1 3   0.0 999.9 0
DRV       121.6 196.9  27.0   0.1 3   0.0 999.9 0
ECH        80.1 354.0   5.6   0.1 3   0.0 999.9 0
INU        33.5 257.4  48.1   0.1 3   0.0 999.9 0
KIP        35.3 139.6 334.3   0.1 3   0.0 999.9 0
MBO       112.8  16.0 349.8   0.1 3   0.0 999.9 0
NOUC       74.3 191.6   7.7   0.1 3   0.0 999.9 0
PAF       136.0 243.7  58.8   0.1 3   0.0 999.9 0
PPT        74.5 148.1 339.8   0.1 3   0.0 999.9 0
RER       126.4 282.5  41.0   0.1 3   0.0 999.9 0
SCZ        44.5  85.1 309.5   0.1 3   0.0 999.9 0
SEY        17.8 319.4 117.4   0.1 3   0.0 999.9 0
SSB        83.2 355.6   3.9   0.1 3   0.0  41.2 0
TAM       105.5 353.1   4.7   0.1 3   0.0 999.9 0
WFM        68.3  48.1 321.1   0.1 3   0.0 999.9 0

  1991 10 23  23 59 44.4    51.610   178.230   15.0  5.1  5.1  seed seed.dat                  102391H
BNG       121.4 336.2  14.7   0.1 3   0.0 999.9 0
CAN        90.5 203.6  17.8   0.1 3   0.0 999.9 0
CRZF      145.2 257.5  62.0   0.1 3   0.0 999.9 0
DRV       121.6 196.9  27.0   0.1 3   0.0 999.9 0
ECH        80.1 354.0   5.6   0.1 3   0.0 999.9 0  20.0 3  11.9  71.9 0
INU        33.5 257.3  48.0   0.1 3   0.0 999.9 0
KIP        35.4 139.5 334.3   0.1 3   0.0 999.9 0
MBO       112.8  15.9 349.8   0.1 3   0.0 999.9 0
NOUC       74.3 191.5   7.7   0.1 3   0.0 999.9 0   5.0 3  13.3  41.3 0
PAF       135.9 243.7  58.8   0.1 3   0.0 999.9 0
PPT        74.5 148.1 339.8   0.1 3   0.0 999.9 0
RER       126.4 282.4  41.0   0.1 3   0.0 999.9 0
SCZ        44.5  85.1 309.5   0.1 3   0.0 999.9 0
SEY        17.8 319.4 117.4   0.1 3   0.0 999.9 0
SSB        83.1 355.5   3.9   0.1 3   0.0   0.1 0
TAM       105.5 353.0   4.7   0.1 3   0.0 999.9 0
WFM        68.3  48.0 321.1   0.1 3   0.0 999.9 0

  1991 10 25  10 39  2.5    43.220   144.070  103.2  5.7  0.0  seed seed.dat                  102591B
BNG       111.7 299.3  39.8   0.1 3   0.0 999.9 0   1.0 3   4.4 164.4 0
CAN        78.5 175.9 356.3   0.1 3   0.0 999.9 0   1.0 3   1.9 161.9 0
CRZF      120.9 233.9  58.6   0.1 3   0.0 552.8 0   1.0 3   5.1 165.1 0
DRV       109.8 181.7   3.2   0.1 3   0.0 999.9 0   1.0 3   4.2 164.2 0
ECH        81.2 332.6  30.3   0.1 3   0.0 999.9 0   1.0 3   2.1 162.1 0
INU         9.6 217.1  32.6   0.1 3   0.0 999.9 0   1.0 3   0.0 152.3 0  20.0 3   0.0  36.4 0
KIP        52.4  95.1 308.7   0.1 3   0.0 999.9 0   1.0 3   0.0 158.9 0
MBO       120.0 338.8  15.9   0.1 3   0.0 999.9 0   1.0 3   5.0 165.0 0
NOUC       68.3 157.7 342.6   0.1 3   0.0 999.9 0   1.0 3   0.8 160.8 0
PAF       112.7 223.0  49.7   0.1 3   0.0 999.9 0   1.0 3   4.5 164.5 0
PPT        85.8 118.6 317.7   0.1 3   0.0 999.9 0   1.0 3   2.4 162.4 0
RER       103.1 253.5  48.7   0.1 3   0.0 999.9 0   1.0 3   3.8 163.8 0
SCZ        68.9  59.1 308.8   0.1 3   0.0 999.9 0   1.0 3   0.9 160.9 0
SEY        20.3  11.0 197.7   0.1 3   0.0 999.9 0
SSB        84.6 332.7  28.4   0.1 3   0.0 999.9 0
TAM       103.9 321.1  29.8   0.1 3   0.0 999.9 0   1.0 3   3.9 163.9 0
WFM        88.6  25.4 334.9   0.1 3   0.0 999.9 0

  1991 10 25  13 25  3.2   -31.210  -177.640   35.2  5.2  4.9  seed seed.dat                  102591D
BNG       149.3 212.7 152.0   0.1 3   0.0 999.9 0
CAN        28.1 252.6  91.2   0.1 3   0.0 999.9 0
CRZF       90.6 211.6 139.5   0.1 3   0.0 386.8 0
DRV        43.5 202.9  57.0   0.1 3   0.0 999.9 0
ECH       162.6 349.0  13.6   0.1 3   0.0 999.9 0
INU        78.9 323.6 141.5   0.1 3   0.0 999.9 0
KIP        55.8  22.3 200.4   0.1 3   0.0 999.9 0
MBO       155.6 129.6 223.7   0.1 3   0.0 999.9 0
NOUC       17.0 298.4 125.7   0.1 3   0.0 999.9 0   5.0 3   0.0  12.0 0
PAF        79.6 217.9 126.4   0.1 3   0.0 999.9 0
PPT        28.8  68.5 236.7   0.1 3   0.0 999.9 0
RER       106.9 231.4 134.1   0.1 3   0.0 999.9 0  20.0 3   0.0   7.9 0
SCZ        85.7  42.3 225.7   0.1 3   0.0 999.9 0
SEY        97.0 346.6 154.4   0.1 3   0.0 999.9 0
SSB       165.8 353.5   7.5   0.1 3   0.0 999.9 0
TAM       171.1 198.7 161.5   0.1 3   0.0 999.9 0
WFM       121.7  56.6 255.4   0.1 3   0.0 999.9 0

  1991 10 26   2 27 31.5    19.030   145.520  190.3  5.8  0.0  seed seed.dat                  102691A
BNG       122.8 288.7  64.1   0.1 3   0.0 999.9 0   1.0 3   5.1 135.1 0
CAN        54.3 176.5 355.9   0.1 3   0.0 999.9 0   1.0 3   0.0 129.2 0
DRV        85.7 182.2   5.2   0.1 3   0.0 999.9 0   1.0 3   2.2 132.2 0
ECH       103.3 332.9  40.1   0.1 3   0.0 999.9 0   1.0 3   3.7 133.7 0
INU        17.9 336.9 153.0   0.1 3   0.0 999.9 0   1.0 3   0.0 124.0 0  20.0 3   0.0  39.9 0
KIP        52.8  77.1 278.2   0.1 3   0.0 999.9 0   1.0 3   0.0 128.9 0  20.0 3   0.0  44.4 0
MBO       142.5 331.5  27.8   0.1 3   0.0 357.3 0   1.0 3   6.5 136.5 0
NOUC       45.8 152.6 332.0   0.1 3   0.0 999.9 0   1.0 3   0.0 127.9 0   5.0 3   0.0  25.6 0
PAF        95.1 219.5  66.9   0.1 3   0.0 999.9 0   1.0 3   3.0 133.0 0   5.0 3  22.5  54.5 0
PPT        73.5 115.6 296.6   0.1 3   0.0 999.9 0   1.0 3   1.2 131.2 0
RER        96.5 250.1  72.3   0.1 3   0.0 999.9 0   1.0 3   3.2 133.2 0
SCZ        81.2  54.3 287.3   0.1 3   0.0 999.9 0   1.0 3   1.9 131.9 0
SEY        44.1   4.5 189.3   0.1 3   0.0 999.9 0
SSB       106.7 332.4  38.3   0.1 3   0.0 999.9 0
TAM       122.9 315.2  46.3   0.1 3   0.0 999.9 0   1.0 3   5.2 135.2 0
WFM       109.7  28.1 322.9   0.1 3   0.0 999.9 0

  1991 10 26   5 27 59.6     7.560   -34.840   15.0  5.0  4.9  seed seed.dat                  102691B
BNG        53.2  90.1 276.1   0.1 3   0.0 999.9 0
CAN       152.1 186.8 171.9   0.1 3   0.0 999.9 0
CRZF       93.2 136.2 277.4   0.1 3   0.0 999.9 0
DRV       120.8 177.6 185.9   0.1 3   0.0 999.9 0
ECH        53.9  33.6 235.3   0.1 3   0.0 999.9 0  20.0 3   0.0  56.6 0
INU       136.5   9.7 348.3   0.1 3   0.0 999.9 0
KIP       117.2 298.8  68.8   0.1 3   0.0 999.9 0
MBO        18.8  67.3 250.8   0.1 3   0.0 176.8 0   5.0 3   0.0  17.0 0
NOUC      155.0 232.6 122.7   0.1 3   0.0 999.9 0
PAF       105.5 139.0 263.2   0.1 3   0.0 999.9 0
PPT       115.8 254.3  90.2   0.1 3   0.0 999.9 0
RER        93.2 110.7 276.7   0.1 3   0.0 999.9 0
SCZ        82.8 306.0  85.8   0.1 3   0.0 999.9 0
SEY       109.4 356.5   7.6   0.1 3   0.0 999.9 0
SSB        50.7  35.4 234.5   0.1 3   0.0 999.9 0  20.0 3   0.0  55.8 0
TAM        41.6  64.1 255.2   0.1 3   0.0 999.9 0  20.0 3   0.0  52.5 0
WFM        47.6 323.3 126.6   0.1 3   0.0 999.9 0

  1991 10 27  10 22 46.6    -5.370   152.920   65.0  5.4  0.0  seed seed.dat                  102791C
BNG       134.5 270.9  93.1   0.1 3   0.0 999.9 0   1.0 3   6.2 136.2 0
CAN        30.1 186.4   7.8   0.1 3   0.0 999.9 0   1.0 3   0.0 126.2 0  20.0 3   0.0  48.3 0
CRZF       93.7 222.8 101.9   0.1 3   0.0 999.9 0   1.0 3   3.1 133.1 0
DRV        61.9 185.8  14.6   0.1 3   0.0 999.9 0   1.0 3   0.2 130.2 0  20.0 3   2.1  62.1 0
ECH       128.2 331.3  45.3   0.1 3   0.0 999.9 0   1.0 3   5.7 135.7 0  20.0 3  41.8 101.8 0
INU        43.3 340.9 156.5   0.1 3   0.0 999.9 0   1.0 3   0.0 127.9 0
KIP        55.0  59.3 246.8   0.1 3   0.0 999.9 0   1.0 3   0.0 129.4 0
MBO       166.6 312.5  48.4   0.1 3   0.0 999.9 0   1.0 3  10.0 140.0 0   5.0 3  31.2  99.2 0
NOUC       21.1 143.4 320.1   0.1 3   0.0 736.1 0   1.0 3   0.0 124.7 0   5.0 3   0.0  18.3 0
PAF        81.2 221.0  88.1   0.1 3   0.0 999.9 0   1.0 3   2.1 132.1 0
PPT        57.4 107.3 274.8   0.1 3   0.0 999.9 0   1.0 3   0.0 129.7 0
RER        94.7 248.3  97.7   0.1 3   0.0 999.9 0   1.0 3   3.3 133.3 0
SCZ        89.7  53.4 263.3   0.1 3   0.0 999.9 0   1.0 3   2.9 132.9 0
SEY        68.2 359.7 179.4   0.1 3   0.0 999.9 0  20.0 3   6.5  66.5 0
SSB       131.6 330.3  44.0   0.1 3   0.0 817.1 0   1.0 3   5.9 135.9 0
TAM       144.1 301.9  65.8   0.1 3   0.0 999.9 0   1.0 3   6.9 136.9 0
WFM       126.0  39.7 300.9   0.1 3   0.0 999.9 0

  1991 10 27  16 17 29.8   -22.110   -67.530  177.5  5.6  0.0  seed seed.dat                  102791D
BNG        88.0  84.6 247.8   0.1 3   0.0 999.9 0
CAN       113.1 211.9 143.3   0.1 3   0.0 999.9 0
CRZF       92.4 143.0 233.8   0.1 3   0.0 999.9 0
DRV        89.0 190.6 154.7   0.1 3   0.0 999.9 0
ECH        96.7  40.6 244.4   0.1 3   0.0 999.9 0
INU       154.8 306.5  64.2   0.1 3   0.0 999.9 0
KIP        98.3 289.6 110.3   0.1 3   0.0 999.9 0
MBO        61.5  58.5 234.7   0.1 3   0.0 999.9 0
NOUC      111.5 233.5 126.5   0.1 3   0.0 381.4 0
PAF        99.4 153.6 219.1   0.1 3   0.0 999.9 0
PPT        76.4 256.3 109.2   0.1 3   0.0 999.9 0
RER       109.8 124.1 235.4   0.1 3   0.0 999.9 0
SCZ        77.5 318.2 129.8   0.1 3   0.0 999.9 0
SEY       131.2 336.9  51.9   0.1 3   0.0 999.9 0
SSB        93.7  42.4 242.3   0.1 3   0.0 462.3 0
TAM        84.0  62.7 243.2   0.1 3   0.0 999.9 0
WFM        64.7 356.8 175.9   0.1 3   0.0 999.9 0

  1991 10 27  22  5  3.4   -57.650   -24.260   24.0  5.3  5.4  seed seed.dat                  102791F
BNG        70.9  45.9 202.8   0.1 3   0.0 999.9 0   1.0 3   1.3 131.3 0   5.0 3  11.9  43.9 0
CAN        87.0 174.5 183.6   0.1 3   0.0 999.9 0   1.0 3   2.9 132.9 0
CRZF       45.6 110.4 226.7   0.1 3   0.0 999.9 0   1.0 3   0.0 128.4 0   5.0 3   0.0  28.9 0
DRV        55.3 172.5 190.2   0.1 3   0.0 999.9 0   1.0 3   0.0 129.5 0  20.0 3   0.0  58.9 0
ECH       108.8  21.7 197.3   0.1 3   0.0 999.9 0   1.0 3   4.3 134.3 0  20.0 3  27.5  87.5 0
INU       154.4 143.1 203.9   0.1 3   0.0 999.9 0   1.0 3   9.8 139.8 0
KIP       130.8 242.3 149.0   0.1 3   0.0 999.9 0   1.0 3   5.9 135.9 0
MBO        72.2   7.5 184.1   0.1 3   0.0 999.9 0   1.0 3   1.4 131.4 0   5.0 3   0.0  76.9 1
NOUC       99.9 189.9 174.3   0.1 3   0.0  83.9 1   1.0 3   3.7  49.0 0
PAF        52.3 124.7 222.5   0.1 3   0.0 999.9 0   1.0 3   0.0 129.2 0   5.0 3   0.0  32.9 0
PPT        92.4 231.0 154.0   0.1 3   0.0 999.9 0   1.0 3   3.1 133.1 0
RER        67.0  93.6 215.0   0.1 3   0.0 999.9 0   1.0 3   1.0 131.0 0
SCZ       123.8 286.1 139.9   0.1 3   0.0 999.9 0   1.0 3   5.4 135.4 0
SEY       174.5  17.2 342.0   0.1 3   0.0 999.9 0
SSB       105.5  20.7 195.6   0.1 3   0.0 114.8 0   1.0 3   4.1 134.1 0
TAM        84.1  27.5 195.6   0.1 3   0.0 999.9 0   1.0 3   2.5 132.5 0  20.0 3  11.4 131.4 0
WFM       107.6 325.3 155.5   0.1 3   0.0 999.9 0

  1991 10 28   1  9 10.9    34.070   130.980   17.3  5.0  4.9  seed seed.dat                  102891A
BNG       105.8 286.9  52.9   0.1 3   0.0 999.9 0
CAN        71.2 164.5 344.2   0.1 3   0.0 999.9 0
CRZF      107.2 225.5  58.8   0.1 3   0.0 999.9 0
DRV       100.8 176.3 352.4   0.1 3   0.0 999.9 0
ECH        83.8 326.1  43.8   0.1 3   0.0 999.9 0
INU         5.1  73.9 257.4   0.1 3   0.0 999.9 0  20.0 3   0.0  34.3 0
KIP        62.9  81.4 298.3   0.1 3   0.0 999.9 0
MBO       122.8 322.4  31.6   0.1 3   0.0 999.9 0
NOUC       65.3 143.7 328.0   0.1 3   0.0 999.9 0
PAF        99.2 215.4  47.3   0.1 3   0.0 999.9 0
PPT        91.3 110.1 305.2   0.1 3   0.0 999.9 0
RER        90.2 244.7  53.5   0.1 3   0.0 999.9 0
SCZ        82.5  50.5 307.2   0.1 3   0.0 999.9 0
SEY        31.8  18.4 215.0   0.1 3   0.0 999.9 0
SSB        87.2 325.4  41.8   0.1 3   0.0 999.9 0
TAM       103.2 309.6  43.9   0.1 3   0.0 999.9 0
WFM       100.8  16.6 341.2   0.1 3   0.0 999.9 0

  1991 10 29  23 13 57.6   -15.400   167.660  195.8  5.3  0.0  seed seed.dat                  102991C
BNG       147.7 253.2 111.9   0.1 3   0.0 999.9 0
CAN        26.0 216.7  44.9   0.1 3   0.0 999.9 0
CRZF       95.6 218.7 119.4   0.1 3   0.0 999.9 0
DRV        54.4 193.1  33.5   0.1 3   0.0 999.9 0
ECH       143.5 337.8  32.5   0.1 3   0.0 999.9 0
INU        58.3 330.6 144.6   0.1 3   0.0 999.9 0
KIP        49.8  43.5 225.5   0.1 3   0.0 999.9 0
MBO       175.4 104.5 259.0   0.1 3   0.0 999.9 0   5.0 3   0.0   8.0 0
NOUC        6.8 190.7  11.1   0.1 3   0.0 999.9 0   5.0 3   0.0  11.1 0
PAF        83.2 220.7 105.8   0.1 3   0.0 999.9 0
PPT        41.0  99.2 266.5   0.1 3   0.0 999.9 0
RER       103.9 243.1 112.9   0.1 3   0.0 999.9 0  20.0 3   0.0  59.0 0
SCZ        84.5  49.9 246.5   0.1 3   0.0 999.9 0  20.0 3   0.0   8.0 0
SEY        79.1 352.9 165.0   0.1 3   0.0 999.9 0
SSB       147.0 337.8  30.6   0.1 3   0.0 999.9 0
TAM       161.6 295.7  68.8   0.1 3   0.0 999.9 0
WFM       122.9  49.1 279.9   0.1 3   0.0 999.9 0

  1991 10 30   4  2 42.4    -5.950   153.810   48.0  5.6  0.0  seed seed.dat                  103091B
BNG       135.4 270.2  93.9   0.1 3   0.0 999.9 0   1.0 3   6.2 166.2 0
CAN        29.6 188.0   9.7   0.1 3   0.0 999.9 0   1.0 3   0.0 156.2 0  20.0 3   0.0  46.4 0
CRZF       93.9 222.7 102.9   0.1 3   0.0 999.9 0   1.0 3   3.2 163.2 0
DRV        61.4 186.2  15.7   0.1 3   0.0 999.9 0   1.0 3   0.2 160.2 0
ECH       129.2 331.6  44.6   0.1 3   0.0 999.9 0   1.0 3   5.8 165.8 0
INU        44.1 340.1 155.6   0.1 3   0.0 999.9 0   1.0 3   0.0 158.0 0
KIP        54.5  58.5 245.6   0.1 3   0.0 999.9 0   1.0 3   0.0 159.3 0  20.0 3   0.0  59.2 0
MBO       167.6 313.2  47.6   0.1 3   0.0 999.9 0   1.0 3  10.0 170.0 0
NOUC       20.1 144.3 321.2   0.1 3   0.0 846.2 0   1.0 3   0.0 154.5 0   5.0 3   0.0  74.4 1
PAF        81.3 221.1  89.2   0.1 3   0.0 999.9 0   1.0 3   2.2 162.2 0
PPT        56.4 107.1 274.5   0.1 3   0.0 999.9 0   1.0 3   0.0 158.6 0
RER        95.3 248.1  98.6   0.1 3   0.0 999.9 0   1.0 3   3.3 163.3 0
SCZ        89.4  53.3 262.3   0.1 3   0.0 999.9 0   1.0 3   2.8 162.8 0
SEY        68.8 359.3 178.5   0.1 3   0.0 999.9 0   1.0 3   0.9 160.9 0
SSB       132.5 330.6  43.4   0.1 3   0.0 999.9 0
TAM       145.1 301.8  65.8   0.1 3   0.0 999.9 0   1.0 3   9.5 169.5 0
WFM       125.8  40.4 299.6   0.1 3   0.0 999.9 0

  1991 10 30  10 35 46.8   -15.110  -173.070   48.1  5.7  0.0  seed seed.dat                  103091D
BNG       164.4 227.8 133.5   0.1 3   0.0 999.9 0   1.0 3  10.0 350.0 0   5.0 3   1.2 102.2 0
CAN        39.5 232.3  69.2   0.1 3   0.0 999.9 0   1.0 3   0.0 337.5 0  20.0 3   0.0  39.3 0
CRZF      106.5 210.6 134.8   0.1 3   0.0 999.9 0   1.0 3   4.1 344.1 0   5.0 3   6.2  74.2 0
DRV        60.0 199.6  54.6   0.1 3   0.0 999.9 0   1.0 3   0.0 340.0 0  20.0 3   0.0 102.1 0
ECH       146.9 359.7   0.4   0.1 3   0.0 999.9 0   1.0 3   9.6 349.6 0  20.0 3   0.0  51.8 0
INU        69.0 317.9 127.6   0.1 3   0.0 999.9 0   1.0 3   1.0 341.0 0  20.0 3   0.0  43.7 0
KIP        39.3  22.5 203.4   0.1 3   0.0 999.9 0   1.0 3   0.0 337.3 0  20.0 3   0.0  48.1 0
MBO       156.9  89.2 265.6   0.1 3   0.0 999.9 0   1.0 3   9.8 349.8 0   5.0 3   2.2 138.2 0
NOUC       20.7 247.3  74.0   0.1 3   0.0 453.2 0   1.0 3   0.0 334.5 0   5.0 3   0.0  61.3 0
PAF        95.0 215.8 120.2   0.1 3   0.0 999.9 0   1.0 3   3.3 343.3 0   5.0 3   6.2  74.2 0
PPT        22.7  99.4 272.7   0.1 3   0.0 999.9 0   1.0 3   0.0 333.9 0  20.0 3   0.0  35.2 0
RER       120.0 234.1 123.1   0.1 3   0.0 999.9 0   1.0 3   5.2 345.2 0  20.0 3   5.2  65.2 0
SCZ        70.9  42.0 233.4   0.1 3   0.0 999.9 0   1.0 3   1.2 341.2 0  20.0 3   4.2  64.2 0
SEY        82.4 344.8 146.4   0.1 3   0.0 999.9 0   1.0 3   2.2 100.6 0  20.0 3   3.1  47.5 3
SSB       149.8   3.4 355.5   0.1 3   0.0 999.9 0   1.0 3   9.7 349.7 0
TAM       172.2   9.9 350.2   0.1 3   0.0 999.9 0   1.0 3  10.1 350.1 0  20.0 3   0.0  50.7 0
WFM       108.6  49.8 266.6   0.1 3   0.0 804.1 0

  1991 10 31   1 11 35.1    -1.740   134.310   16.8  5.1  5.0  seed seed.dat                  103191A
BNG       115.8 274.0  89.7   0.1 3   0.0 999.9 0
CAN        36.2 159.4 334.5   0.1 3   0.0 999.9 0  20.0 3   0.0  53.5 0
CRZF       83.5 223.6  85.9   0.1 3   0.0 999.9 0
DRV        65.0 177.5 353.7   0.1 3   0.0 999.9 0  20.0 3   9.3  69.3 0
ECH       115.2 323.9  61.5   0.1 3   0.0 999.9 0  20.0 3  37.0 157.0 0
INU        37.1   3.7 184.5   0.1 3   0.0 999.9 0
KIP        70.0  66.6 259.9   0.1 3   0.0 999.9 0
MBO       148.9 295.4  68.4   0.1 3   0.0 999.9 0
NOUC       37.1 125.5 298.6   0.1 3   0.0 999.9 0   5.0 3   0.0  22.4 0
PAF        72.1 218.2  71.1   0.1 3   0.0 999.9 0
PPT        76.2 107.6 272.5   0.1 3   0.0 999.9 0
RER        78.7 248.9  87.6   0.1 3   0.0 999.9 0
SCZ       102.5  53.0 277.4   0.1 3   0.0 999.9 0
SEY        66.0   8.9 199.9   0.1 3   0.0 999.9 0
SSB       118.2 322.0  60.4   0.1 3   0.0 999.9 0
TAM       126.1 297.0  74.4   0.1 3   0.0 999.9 0
WFM       133.1  26.2 323.6   0.1 3   0.0 999.9 0

  1991 11  1   2 51 12.6     1.480   122.200   39.0  5.5  5.6  seed seed.dat                  110191A
BNG       103.5 274.9  87.4   0.1 3   0.0 569.6 0   1.0 3   3.9 133.9 1   5.0 3  29.8  61.8 0
CAN        44.4 148.2 319.8   0.1 3   0.0 999.9 0   1.0 3   0.0 128.3 0  20.0 3   0.0  59.9 0
CRZF       77.7 221.8  74.7   0.1 3   0.0 999.9 0   1.0 3   1.8 131.8 0   5.0 3  14.8  46.8 0
DRV        69.2 172.5 340.9   0.1 3   0.0 999.9 0   1.0 3   1.0 131.0 0  20.0 3   0.0  52.7 0
ECH       105.3 321.1  69.6   0.1 3   0.0 999.9 0   1.0 3   4.1 134.1 0  20.0 3   0.0  59.4 0
INU        36.5  20.6 205.6   0.1 3   0.0 999.9 0   1.0 3   0.0 127.0 0  20.0 3   0.0  40.2 0
KIP        80.0  68.6 267.8   0.1 3   0.0 999.9 0   1.0 3   2.0 132.0 0
MBO       136.6 292.8  71.8   0.1 3   0.0 999.9 0   1.0 3   6.4 136.4 0   5.0 3  42.8 106.8 0
NOUC       49.0 121.2 292.7   0.1 3   0.0 999.9 0   1.0 3   0.0 128.7 0   5.0 3   0.0  42.8 0
PAF        67.5 213.9  58.6   0.1 3   0.0 999.9 0   1.0 3   0.8 130.8 0   5.0 3   0.0  46.8 0
PPT        88.8 107.5 271.8   0.1 3   0.0 999.9 0   1.0 3   1.8 131.8 0
RER        68.7 246.7  79.7   0.1 3   0.0 999.9 0   1.0 3   1.0 131.0 0  20.0 3   7.8  67.8 0
SCZ       110.0  50.1 287.9   1.0 3   4.5 134.5 0
SEY        65.3  14.7 213.6   0.1 3   0.0 999.9 0
SSB       108.0 318.9  68.4   0.1 3   0.0 999.9 0   1.0 3   4.3 134.3 0
TAM       113.8 295.6  77.4   0.1 3   0.0 999.9 0   1.0 3   4.8 134.8 0  20.0 3  37.3  97.3 0
WFM       134.3  14.2 340.8   0.1 3   0.0 837.7 0

  1991 11  1  16 23 26.4   -30.150  -177.530   45.5  6.4  6.5  seed seed.dat                  110191B
BNG       150.2 213.5 151.0   0.1 3   0.0  57.4 0   1.0 3   9.7 177.5 0   5.0 3   0.0  84.6 0
CAN        28.5 250.7  89.2   0.1 3   0.0 999.9 0   1.0 3   0.0 335.9 0  20.0 3   0.0  37.6 0
CRZF       91.5 211.6 139.0   0.1 3   0.0 978.4 0   1.0 3   3.0 343.0 0   5.0 3   0.0  82.6 0
DRV        44.5 202.5  56.5   0.1 3   0.0 999.9 0   1.0 3   0.0 338.0 0  20.0 3   0.0 219.5 0
ECH       161.6 349.8  12.7   0.1 3   0.0 999.9 0   1.0 3   9.9 349.9 0  20.0 3   0.0  52.1 0
INU        78.1 323.4 140.8   0.1 3   0.0 999.9 0   1.0 3   1.9 341.9 0  20.0 3   0.0  44.0 0
KIP        54.7  22.5 200.8   0.1 3   0.0 999.9 0   1.0 3   0.0 339.3 0  20.0 3   0.0  44.4 0
MBO       156.2 127.6 225.9   0.1 3   0.0 999.9 0   1.0 3   9.8 349.8 0   5.0 3   0.0 186.6 0
NOUC       16.6 295.1 122.3   0.1 3   0.0 999.9 0   1.0 3   0.0 333.7 0   5.0 3   0.0 190.6 0
PAF        80.5 217.8 125.8   0.1 3   0.0 999.9 0   1.0 3   2.1 342.1 0   5.0 3   0.0  94.6 0
PPT        28.4  70.2 238.6   0.1 3   0.0 999.9 0   1.0 3   0.0 334.9 0  20.0 3   0.0  41.6 0
RER       107.6 231.6 133.3   0.1 3   0.0 999.9 0   1.0 3   4.3 344.3 0  20.0 3   9.6  69.6 0
SEY        96.0 346.6 154.0   0.1 3   0.0 999.9 0
SSB       164.8 354.3   6.7   0.1 3   0.0 999.9 0
TAM       172.2 200.3 159.5   0.1 3   0.0 999.9 0   1.0 3  10.1 350.1 0  20.0 3   0.0  51.1 0
WFM       121.0  56.0 256.3   0.1 3   0.0 999.9 1   5.0 3   0.0 100.7 1

  1991 11  4   1 50 30.8    30.060    49.710   21.7  5.4  5.0  seed seed.dat                  110491A
BNG        39.0 235.2  45.6   0.1 3   0.0 999.9 0   5.0 3   0.0  30.5 0
CAN       113.7 118.0 290.7   0.1 3   0.0 999.9 0
CRZF       76.3 178.5 358.1   0.1 3   0.0 999.9 0
DRV       117.4 153.2 282.4   0.1 3   0.0 999.9 0
ECH        37.1 311.5 103.5   0.1 3   0.0 999.9 0  20.0 3   0.0  47.1 0
INU        71.2  59.4 294.0   0.1 3   0.0 999.9 0  20.0 3  16.9  76.9 0
KIP       122.2  30.7 331.6   0.1 3   0.0 999.9 0
MBO        62.9 271.6  63.4   0.1 3   0.0 999.9 0   5.0 3   3.5  51.5 0
NOUC      123.2  97.8 292.0   0.1 3   0.0 999.9 0
PAF        81.3 166.6 342.1   0.1 3   0.0 999.9 0
PPT       158.4  58.3 308.3   0.1 3   0.0 999.9 0
RER        51.4 172.8 353.3   0.1 3   0.0 999.9 0
SCZ       113.0 352.3   8.3   0.1 3   0.0 999.9 0
SEY        69.0  28.5 295.2   0.1 3   0.0 999.9 0  20.0 3   8.7  19.7 0
SSB        38.3 306.2  97.4   0.1 3   0.0 999.9 0
TAM        40.0 270.4  69.9   0.1 3   0.0 999.9 0  20.0 3   0.0  46.0 0
WFM        89.6 320.9  47.7   0.1 3   0.0 999.9 0

  1991 11  4   6 24  8.0    -6.230   148.550   34.1  5.7  0.0  seed seed.dat                  110491C
BNG       130.2 270.5  94.3   0.1 3   0.0 999.9 0   1.0 3   5.8 165.9 0   5.0 3  28.9  52.9 1
CAN        29.0 179.2 359.1   0.1 3   0.0 999.9 0   1.0 3   0.0 246.0 0  20.0 3   0.0  43.0 0
CRZF       90.1 223.4  99.3   0.1 3   0.0 999.9 0   1.0 3   2.8 252.8 0   5.0 3   1.9  53.9 0
DRV        60.7 183.9   9.8   0.1 3   0.0 999.9 0   1.0 3   0.0 250.0 0  20.0 3   0.0 101.8 0
ECH       126.8 328.5  50.5   0.1 3   0.0 999.9 0   1.0 3   5.5 255.5 0  20.0 3   0.0  52.5 0
INU        42.9 346.1 163.0   0.1 3   0.0 999.9 0   1.0 3   0.0 247.8 0  20.0 3   0.0  39.3 0
KIP        59.2  60.7 248.5   0.1 3   0.0 999.9 0   1.0 3   0.0 249.8 0  20.0 3   0.0  53.7 0
MBO       163.6 300.5  61.3   0.1 3   0.0 999.9 0   1.0 3   9.9 259.9 0   5.0 3   0.0 109.9 0
NOUC       23.3 134.4 310.0   0.1 3   0.0 785.7 0   1.0 3   0.0 245.0 0   5.0 3   0.0  41.9 0
PAF        77.7 220.9  85.4   0.1 3   0.0 999.9 0   1.0 3   1.8 251.8 0   5.0 3   0.0  49.9 0
PPT        61.3 106.6 272.4   0.1 3   0.0 798.6 0   1.0 3   0.1 250.1 0
RER        90.4 248.8  96.9   0.1 3   0.0 999.9 0   1.0 3   2.9 252.9 0
SCZ        93.7  53.8 265.2   0.1 3   0.0 999.9 0   1.0 3   3.1 253.1 0  20.0 3  14.3  74.3 0
SEY        69.1   1.9 184.1   0.1 3   0.0 999.9 0
SSB       130.1 327.1  49.5   0.1 3   0.0 999.9 0   1.0 3   5.8 255.8 0
TAM       140.7 298.6  70.6   0.1 3   0.0 999.9 0   1.0 3   6.6 256.6 0  20.0 3  44.4 104.4 0
WFM       129.4  38.0 304.5   0.1 3   0.0 999.9 0

  1991 11  5   6 50 59.8    -4.350  -105.500   15.0  5.0  5.3  seed seed.dat                  110591A
BNG       124.2  87.7 267.8   0.1 3   0.0 999.9 0   1.0 3  10.7 169.0 0   5.0 3  42.0  45.0 0
CAN       100.0 233.1 102.8   0.1 3   0.0 999.9 0   1.0 3   1.1 161.1 0  20.0 3   0.0  44.1 0
CRZF      125.5 160.9 208.0   0.1 3   0.0 999.9 0   1.0 3   7.7 167.7 0   5.0 3   7.0  67.0 0
DRV        95.4 201.3 114.4   0.1 3   0.0 999.9 0   1.0 3   5.0 165.0 0  20.0 3   0.0  54.9 0
ECH       108.2  40.6 284.6   0.1 3   0.0 999.9 0   1.0 3  10.5 170.5 0  20.0 3  21.6  81.6 0
INU       114.8 306.9  76.8   0.1 3   0.0 999.9 0   1.0 3   2.8 162.8 0  20.0 3   0.0  44.4 0
KIP        57.5 298.7 110.1   0.1 3   0.0 999.9 0   1.0 3   5.0 165.0 0  20.0 3   0.9  60.9 0
MBO        89.7  75.7 265.5   0.1 3   0.0 164.8 0   1.0 3  14.9 174.9 0   5.0 3  15.0 107.0 0
NOUC       86.7 248.2  93.5   0.1 3   0.0 868.8 0   1.0 3   0.3 160.3 0   5.0 3   0.0  47.0 0
PAF       126.3 176.5 185.3   0.1 3   0.0 999.9 0   1.0 3   6.7 166.7 0   5.0 3   7.0  71.0 0
PPT        45.1 249.5  78.4   0.1 3   0.0 999.9 0   1.0 3   5.4 165.4 0
RER       148.6 144.8 217.8   0.1 3   0.0 999.9 0   1.0 3   7.8 167.8 0
SCZ        43.5 341.3 156.5   0.1 3   0.0 878.0 0   1.0 3   8.3 168.3 0  20.0 3   0.0  51.4 0
SEY        99.4 333.0  81.0   0.1 3   0.0 999.9 0
SSB       107.1  44.0 281.7   0.1 3   0.0 999.9 0   1.0 3  10.7  87.0 0
TAM       111.1  67.4 274.4   0.1 3   0.0 999.9 0   1.0 3  11.5 171.5 0
WFM        56.1  29.9 222.4   0.1 3   0.0 999.9 0

  1991 11  5   6 56  3.1    -6.360   146.670   82.0  5.9  0.0  seed seed.dat                  110591B
BNG       128.3 270.5  94.5   0.1 3   0.0 999.9 0   1.0 3   5.6 163.9 0   5.0 3  36.9  45.9 2
CAN        29.0 176.1 355.2   0.1 3   0.0 999.9 0   1.0 3   0.0 156.0 0  20.0 3   0.0  39.0 0
CRZF       88.7 223.6  98.0   0.1 3   0.0 999.9 0   1.0 3   2.7 162.7 0   5.0 3   2.0  61.9 0
DRV        60.4 183.0   7.6   0.1 3   0.0 999.9 0   1.0 3   0.0 160.0 0  20.0 3   0.0  49.9 0
ECH       125.9 327.5  52.6   0.1 3   0.0 999.9 0   1.0 3   5.4 165.4 0  20.0 3  16.5  76.5 0
INU        42.6 348.3 165.7   0.1 3   0.0 999.9 0   1.0 3   0.0 157.7 0  20.0 3   0.0  39.4 0
KIP        60.9  61.3 249.4   0.1 3   0.0 999.9 0   1.0 3   0.0 160.0 0  20.0 3   0.0  55.8 0
MBO       162.0 297.4  64.8   0.1 3   0.0 159.8 0   1.0 3   9.9 169.9 0   5.0 3  10.0 102.0 0
NOUC       24.6 131.5 306.6   0.1 3   0.0 863.8 0   1.0 3   0.0 155.2 0   5.0 3   0.0  41.9 0
PAF        76.4 220.8  84.0   0.1 3   0.0 999.9 0   1.0 3   1.6 161.6 0   5.0 3   1.9  65.9 0
PPT        63.1 106.4 271.7   0.1 3   0.0 999.9 0   1.0 3   0.3 160.3 0
RER        88.6 249.0  96.4   0.1 3   0.0 999.9 0   1.0 3   2.7 162.7 0
SCZ        95.3  53.9 266.2   0.1 3   0.0 873.0 0   1.0 3   3.2 163.2 0  20.0 3   0.0  46.4 0
SEY        69.3   2.8 186.1   0.1 3   0.0 999.9 0
SSB       129.1 325.9  51.6   0.1 3   0.0 999.9 0   1.0 3   5.7  82.0 0
TAM       139.2 297.6  72.2   0.1 3   0.0 999.9 0   1.0 3   6.5 166.5 0
WFM       130.6  37.0 306.3   0.1 3   0.0 999.9 0

  1991 11  5  21 16 14.3   -17.340    65.700   15.0  5.6  6.1  seed seed.dat                  110591F
BNG        51.4 290.5 116.2   0.1 3   0.0 999.9 0   1.0 3   0.0 249.1 0   5.0 3   0.0  67.8 1
CAN        74.8 122.8 259.2   0.1 3   0.0 999.9 0   1.0 3   1.8 251.8 0  20.0 3   6.9  66.9 0
CRZF       31.2 198.6  26.2   0.1 3   0.0 999.9 0   1.0 3   0.0 246.4 0   5.0 3   0.0  45.8 0
DRV        68.0 155.6 277.3   0.1 3   0.0 999.9 0   1.0 3   1.0 251.0 0  20.0 3   0.0 116.7 0
ECH        83.6 324.9 124.8   0.1 3   0.0 999.9 0   1.0 3   2.5 252.5 0  20.0 3   0.0  55.3 0
INU        85.5  51.1 245.3   0.1 3   0.0 999.9 0   1.0 3   2.6 252.6 0
KIP       138.7  77.4 268.2   0.1 3   0.0 999.9 0   1.0 3   6.5 256.5 0
MBO        87.4 285.7 108.4   0.1 3   0.0 525.6 0   1.0 3   2.8 252.8 0   5.0 3   0.0 137.8 0
NOUC       92.9 114.2 249.9   0.1 3   0.0 999.9 1   1.0 3   3.2 253.2 1   5.0 3   5.8  93.8 0
PAF        32.2 174.5 351.9   0.1 3   0.0 353.6 0   1.0 3   0.0 246.5 0   5.0 3   0.0  81.8 0
PPT       130.8 133.4 226.7   0.1 3   0.0 999.9 0   1.0 3   6.1 256.1 0
RER        10.1 246.4  69.7   0.1 3   0.0 999.9 0   1.0 3   0.0 242.6 0  20.0 3   0.0  36.8 0
SCZ       159.8  16.9 340.3   0.1 3   0.0  12.8 0   1.0 3  10.0  15.0 0
SEY       103.8  28.1 259.2   0.1 3   0.0 999.9 0
SSB        83.5 321.4 122.5   0.1 3   0.0 999.9 0  20.0 3  12.0  72.0 0
TAM        71.1 302.1 118.8   0.1 3   0.0 999.9 0   1.0 3   1.4 251.4 0  20.0 3   0.0  44.3 0
WFM       135.8 313.8  68.2   0.1 3   0.0 999.9 0   5.0 3  12.4 132.4 0

  1991 11  7   5 59 35.6   -26.050  -177.640  184.8  5.5  0.0  seed seed.dat                  110791B
BNG       153.5 218.1 145.7   0.1 3   0.0 999.9 0   1.0 3   9.4 139.4 0
CAN        30.0 244.0  81.4   0.1 3   0.0 999.9 0   1.0 3   0.0 126.0 0
CRZF       95.0 211.8 136.8   0.1 3   0.0 999.9 0   1.0 3   3.0 133.0 0
DRV        48.3 201.0  54.3   0.1 3   0.0 999.9 0   1.0 3   0.0 128.3 0
ECH       157.5 351.5  11.2   0.1 3   0.0 999.9 0   1.0 3   9.6 139.6 0
INU        74.7 322.8 138.3   0.1 3   0.0 999.9 0   1.0 3   1.3 131.3 0
KIP        51.0  23.8 202.9   0.1 3   0.0 999.9 0   1.0 3   0.0 128.7 0
MBO       158.5 119.6 234.7   0.1 3   0.0 999.9 0   1.0 3   9.6 139.6 0
NOUC       15.2 281.6 108.2   0.1 3   0.0 999.9 0   1.0 3   0.0 123.4 0   5.0 3   0.0  14.4 0
PAF        83.6 217.5 123.2   0.1 3   0.0 475.2 0   1.0 3   2.1 132.1 0
PPT        27.3  77.7 247.1   0.1 3   0.0 999.9 0   1.0 3   0.0 125.5 0
RER       110.0 232.8 129.9   0.1 3   0.0 999.9 0   1.0 3   4.2 134.2 0
SEY        92.0 346.7 153.2   0.1 3   0.0 999.9 0
SSB       160.7 355.3   5.8   0.1 3   0.0 999.9 0   1.0 3   9.6 139.6 0
TAM       175.7 219.8 136.5   0.1 3   0.0 999.9 0   1.0 3   9.9 139.9 0
WFM       118.7  54.1 260.2   0.1 3   0.0 999.9 0

  1991 11  7   9 21 23.0    -7.070   128.620  156.6  5.9  0.0  seed seed.dat                  110791C
BNG       110.4 272.0  95.8   0.1 3   0.0 999.9 0   1.0 3   4.2 128.6 0   5.0 3  31.6  67.6 0
CAN        33.8 149.2 321.5   0.1 3   0.0 999.9 0   1.0 3   0.0 156.6 0  20.0 3   0.0  45.7 0
CRZF       75.8 224.0  85.4   0.1 3   0.0 999.9 0   1.0 3   1.5 161.5 0   5.0 3   0.6  40.6 0
DRV        60.1 174.8 346.9   0.1 3   0.0 999.9 0   1.0 3   0.0 159.8 0  20.0 3   0.0  49.5 0
ECH       115.9 320.6  70.0   0.1 3   0.0 999.9 0   1.0 3   4.7 164.7 0  20.0 3   0.0  51.2 0
INU        43.0  10.1 192.3   0.1 3   0.0 999.9 0   1.0 3   0.0 157.8 0  20.0 3   0.0  40.0 0
KIP        77.3  66.3 257.2   0.1 3   0.0 999.9 0   1.0 3   1.6 161.6 0
MBO       145.4 284.9  81.2   0.1 3   0.0 999.9 0   1.0 3   9.3 169.3 0   5.0 3   0.0 104.6 0
NOUC       39.3 116.4 286.5   0.1 3   0.0 999.9 0   1.0 3   0.0 157.3 0   5.0 3   0.0  32.6 0
PAF        64.4 218.1  69.8   0.1 3   0.0 273.5 0   1.0 3   0.3 160.3 0   5.0 3   0.0  45.6 0
PPT        80.1 106.6 265.6   0.1 3   0.0 999.9 0   1.0 3   1.9 161.9 0
RER        71.5 250.1  90.7   0.1 3   0.0 999.9 0   1.0 3   1.2 161.2 0
SEY        72.2  11.2 204.9   0.1 3   0.0 999.9 0   1.0 3   1.2 161.2 0  20.0 3  27.0  54.0 0
SSB       118.6 318.2  69.2   0.1 3   0.0 999.9 0   1.0 3   4.9 164.9 0
TAM       123.2 292.4  83.2   0.1 3   0.0 999.9 0   1.0 3   5.3 165.3 0
WFM       140.3  23.5 327.9   0.1 3   0.0 999.9 0

  1991 11  8  15 13 43.8    26.470    70.700   22.0  5.6  5.0  seed seed.dat                  110891C
BNG        54.4 255.7  60.5   0.1 3   0.0 526.3 0   1.0 3   0.0 256.3 0   5.0 3   7.3  39.3 1
CAN        96.2 126.2 297.8   0.1 3   0.0 526.4 0   1.0 3   3.6 278.3 0
CRZF       74.7 193.4  17.5   0.1 3   0.0 526.3 0   1.0 3   1.6 279.1 0
DRV       106.4 157.1 299.0   0.1 3   0.0 526.3 0   1.0 3   4.2 279.8 0
ECH        53.3 311.8  89.9   0.1 3   0.0 526.3 0   1.0 3   0.0 282.4 0  20.0 3   9.9  69.9 0
INU        56.6  63.6 280.8   0.1 3   0.0 526.3 0   1.0 3   0.0 277.9 0
KIP       112.9  49.3 313.1   0.1 3   0.0 526.2 0   1.0 3   4.6 282.6 0
MBO        81.6 282.0  64.8   0.1 3   0.0 526.3 0   1.0 3   2.3 284.1 0   5.0 3  28.3  56.3 0
NOUC      104.3 107.5 292.8   0.1 3   0.0 526.3 0   1.0 3   4.0 279.4 0
PAF        75.6 180.3   0.5   0.1 3   0.0 526.3 0   1.0 3   1.7 278.1 0   5.0 3  15.3  43.3 0
PPT       141.8  84.6 290.3   0.1 3   0.0 526.3 0   1.0 3   6.8 283.0 0
RER        49.7 198.5  17.7   0.1 3   0.0 526.3 0   1.0 3   0.0 277.7 0
SCZ       116.1  10.8 348.0   0.1 3   0.0 526.3 0
SEY        63.0  30.5 275.7   0.1 3   0.0 526.3 0
SSB        55.2 308.3  86.0   0.1 3   0.0 526.3 0   1.0 3   0.0 282.5 0
TAM        58.8 281.8  71.9   0.1 3   0.0 526.3 0   1.0 3   0.0 282.5 0  20.0 3  10.8  70.8 0
WFM       102.8 332.4  34.2   0.1 3   0.0 526.3 0

  1991 11  8  17 12 45.6    -4.760   103.020   63.2  5.7  0.0  seed seed.dat                  110891D
BNG        84.9 274.8  95.1   0.1 3   0.0 407.2 0   1.0 3   0.0 137.2 0
CAN        52.2 131.9 294.7   0.1 3   0.0 407.3 0   1.0 3   0.0 159.2 0
CRZF       60.6 218.2  63.2   0.1 3   0.0 407.2 0   1.0 3   0.0 160.0 0   5.0 3   5.2  37.2 0
DRV        66.9 164.9 319.2   0.1 3   0.0 407.2 0   1.0 3   0.0 160.7 0
ECH        97.4 317.8  88.6   0.1 3   0.0 407.2 0   1.0 3   0.0 163.3 0
INU        51.2  36.0 225.8   0.1 3   0.0 407.2 0   1.0 3   0.0 158.8 0
KIP       100.1  69.2 269.0   0.1 3   0.0 407.2 0   1.0 3   0.0 163.5 0
MBO       120.2 283.7  87.0   0.1 3   0.0 407.2 0   1.0 3   0.0 165.0 0   5.0 3  37.2  69.2 0
NOUC       63.5 112.2 275.8   0.1 3   0.0 407.2 0   1.0 3   0.0 160.4 0   5.0 3   9.3  41.3 0
PAF        52.5 206.6  43.0   0.1 3   0.0 407.2 0   1.0 3   0.0 159.1 0   5.0 3   4.2  32.2 0
PPT       105.0 109.5 259.8   0.1 3   0.0 407.2 0   1.0 3   0.0 164.0 0
RER        48.7 246.0  77.3   0.1 3   0.0 407.3 0   1.0 3   0.0 158.6 0
SCZ       128.4  46.0 297.4   0.1 3   0.0 407.2 0   1.0 3  26.6 165.7 0
SEY        77.1  20.9 231.0   0.1 3   0.0 407.2 0
SSB        99.3 314.9  87.1   0.1 3   0.0 407.2 0   1.0 3   0.0 163.5 0
TAM        98.7 292.2  91.3   0.1 3   0.0 407.3 0   1.0 3   0.0 163.5 0
WFM       141.9 353.4   8.8   0.1 3   0.0 407.2 0
