  1992  3 31   3 32  2.9   -50.040  -114.750   15.0  5.2  5.9  seed seed.dat                  033192A
BNG       119.9 123.4 212.8   0.1 3   0.0 999.9 0   1.0 3   5.2 165.2 0   5.0 3  30.0  69.9 0
CAN        67.4 241.5 136.2   0.1 3   0.0 999.9 0   1.0 3   1.1 161.1 0  20.0 3   2.7  62.7 0
CRZF       83.0 170.7 188.6   0.1 3   0.0 999.9 0   1.0 3   2.4 162.4 0   5.0 3   4.0  52.0 0
DRV        50.6 209.7 126.5   0.1 3   0.0 999.9 0   1.0 3   0.0 159.0 0  20.0 3   0.0  48.7 0
ECH       142.8  70.3 245.3   0.1 3   0.0 999.9 0   1.0 3   6.8 166.8 0  20.0 3  13.8  73.8 0
HYB       145.7 202.7 164.6   0.1 3   0.0 999.9 0   1.0 3   9.7 169.7 0  20.0 3  35.6 155.6 0
INU       127.3 282.4 129.4   0.1 3   0.0 999.9 0   1.0 3   6.8 166.8 0
KIP        80.9 319.6 153.4   0.1 3   0.0 999.9 0
MBO       105.9  86.7 221.7   0.1 3   0.0 999.9 0   1.0 3   4.1 164.1 0   5.0 3  14.0  66.0 0
PAF        80.7 183.3 176.8   0.1 3   0.0 999.9 0   1.0 3   2.3 162.3 0   5.0 3   4.0  55.9 0
PPT        42.8 306.6 147.2   0.1 3   0.0 915.2 0   1.0 3   0.0 158.1 0  20.0 3   0.0  52.1 0
RER       108.5 170.7 186.4   0.1 3   0.0 999.9 0   1.0 3   4.5 164.5 0  20.0 3   0.0  85.5 0
SCZ        86.7 354.6 175.7   0.1 3   0.0 999.9 0   1.0 3   2.7 162.7 0  20.0 3   0.0  79.2 0
SEY       134.1 320.3 116.2   0.1 3   0.0 999.9 0   1.0 3   6.2 166.2 0  20.0 3  14.9  74.9 0
SSB       139.9  73.1 241.1   0.1 3   0.0 999.9 0   1.0 3   6.6 166.6 0  20.0 3  38.2 158.2 0
TAM       126.5  98.0 224.0   0.1 3   0.0 999.9 0   1.0 3   5.7 165.7 0
UNM        70.6  15.6 190.6   0.1 3   0.0 999.9 0   1.0 3   1.2 161.2 0  20.0 3   0.0  52.4 0

  1992  3 31  20 56 35.8    16.990  -100.650   15.0  5.0  5.1  seed seed.dat                  033192D
BNG       116.3  76.0 291.3   0.1 3   0.0 999.9 0
CAN       116.1 238.7  87.4   0.1 3   0.0 999.9 0
CRZF      142.8 147.9 226.6   0.1 3   0.0 999.9 0
DRV       117.0 203.0 110.9   0.1 3   0.0 999.9 0
ECH        88.8  39.5 294.5   0.1 3   0.0 999.9 0  20.0 3  31.3  91.3 0
HYB       145.7   1.3 358.7   0.1 3   0.0 999.9 0
INU       104.4 314.6  56.5   0.1 3   0.0 999.9 0
KIP        54.1 284.5  84.0   0.1 3   0.0 999.9 0
MBO        80.0  77.9 285.1   0.1 3   0.0 999.9 0   5.0 3  17.4  49.4 0
PAF       146.8 169.0 196.0   0.1 3   0.0 999.9 0
PPT        59.2 236.9  57.2   0.1 3   0.0 999.9 1
RER       157.3 103.7 262.9   0.1 3   0.0 999.9 0
SCZ        26.8 320.8 131.2   0.1 3   0.0 999.9 0  20.0 3   0.0  42.7 0
SEY        82.4 333.9  67.3   0.1 3   0.0 999.9 0
SSB        88.3  42.9 292.7   0.1 3   0.0 999.9 0
TAM        97.7  63.3 292.1   0.1 3   0.0 999.9 0
UNM         2.7  30.8 211.3   0.1 3   0.0 999.9 0  20.0 3   0.0  32.8 0

  1992  4  1   0 31 52.8    17.100  -100.510   60.0  4.9  0.0  seed seed.dat                  040192A
BNG       116.1  76.0 291.4   0.1 3   0.0 922.0 0
CAN       116.3 238.8  87.3   0.1 3   0.0 999.9 0
CRZF      142.8 147.7 226.8   0.1 3   0.0 999.9 0
DRV       117.1 203.0 111.0   0.1 3   0.0 999.9 0
ECH        88.6  39.5 294.5   0.1 3   0.0 999.9 0
HYB       145.6   1.6 358.4   0.1 3   0.0 999.9 0
INU       104.5 314.7  56.3   0.1 3   0.0 999.9 0
KIP        54.2 284.4  83.9   0.1 3   0.0 999.9 0
MBO        79.8  77.9 285.2   0.1 3   0.0 999.9 0
NOUC       99.2 249.8  75.4   0.1 3   0.0 999.9 0
PAF       146.9 168.8 196.2   0.1 3   0.0 999.9 0
PPT        59.4 237.0  57.2   0.1 3   0.0 999.9 0
RER       157.2 103.4 263.2   0.1 3   0.0 999.9 0  20.0 3   9.1  69.1 0
SCZ        26.8 320.5 130.8   0.1 3   0.0 999.9 0  20.0 3   0.0  42.4 0
SEY        82.4 333.9  67.1   0.1 3   0.0 999.9 0
SSB        88.1  42.9 292.7   0.1 3   0.0 999.9 0
TAM        97.5  63.4 292.2   0.1 3   0.0 999.9 0
UNM         2.6  29.5 209.9   0.1 3   0.0 999.9 0  20.0 3   0.0  32.6 0

  1992  4  1   1 38  3.2    -3.110   129.020   42.8  5.3  0.0  seed seed.dat                  040192C
BNG       110.6 273.5  91.6   0.1 3   0.0 855.8 0
CAN        37.1 152.4 325.4   0.1 3   0.0 999.9 0
CRZF       78.9 223.4  83.0   0.1 3   0.0 999.9 0
DRV        64.0 175.2 347.7   0.1 3   0.0 999.9 0  20.0 3   5.7  65.7 0
ECH       113.1 321.8  67.0   0.1 3   0.0 999.9 0
HYB        53.8 294.1 107.3   0.1 3   0.0 999.9 0
INU        39.1  10.4 192.8   0.1 3   0.0 999.9 0
KIP        75.4  67.1 260.8   0.1 3   0.0 999.9 0
MBO       144.6 290.5  74.5   0.1 3   0.0 999.9 0
NOUC       40.8 120.7 292.2   0.1 3   0.0 999.9 0   5.0 3   5.9  33.9 0
PAF        67.8 217.2  67.5   0.1 3   0.0 999.9 0
PPT        80.9 107.2 269.5   0.1 3   0.0 999.9 0
RER        73.3 248.9  86.9   0.1 3   0.0 999.9 0  20.0 3   0.0 144.9 1
SCZ       107.5  52.7 279.6   0.1 3   0.0 999.9 0  20.0 3  29.2  89.2 0
SEY        68.3  11.3 205.3   0.1 3   0.0 999.9 0
SSB       115.9 319.6  66.0   0.1 3   0.0 999.9 0
TAM       121.9 294.9  78.7   0.1 3   0.0 999.9 0
UNM       130.3  67.3 283.0   0.1 3   0.0 999.9 0

  1992  4  2   3 17 54.8   -38.070   -17.610   15.0  5.4  5.1  seed seed.dat                  040292B
CAN       105.7 168.7 190.9   0.1 3   0.0 999.9 0
CRZF       50.5 123.1 253.0   0.1 3   0.0 999.9 0   5.0 3   2.1  30.1 0
DRV        74.0 171.0 198.2   0.1 3   0.0 999.9 0
ECH        88.9  16.3 199.4   0.1 3   0.0 999.9 0  20.0 3  17.9  77.9 0
HYB       105.3  80.0 234.6   0.1 3   0.0 999.9 0  20.0 3  22.7  82.7 0
INU       159.5  90.9 255.9   0.1 3   0.0 999.9 0
KIP       142.2 254.9 124.6   0.1 3   0.0 999.9 0
MBO        52.3   0.8 180.7   0.1 3   0.0 257.9 0   5.0 3   4.1  32.1 0
NOUC      119.9 184.2 176.4   0.1 3   0.0 999.9 0
PAF        60.9 131.8 244.2   0.1 3   0.0 999.9 0   5.0 3   6.1  38.1 0
PPT       108.5 228.3 141.8   0.1 3   0.0 999.9 0
RER        64.4  97.7 236.9   0.1 3   0.0 999.9 0  20.0 3   0.0 119.1 0
SCZ       121.1 293.9 116.2   0.1 3   0.0 999.9 0  20.0 3  37.4  97.4 0
SEY       154.4  10.8 341.7   0.1 3   0.0 999.9 0
SSB        85.5  15.5 197.4   0.1 3   0.0 999.9 0
TAM        64.5  23.8 200.2   0.1 3   0.0 999.9 0  20.0 3   3.2  63.2 0
UNM        95.4 290.1 128.3   0.1 3   0.0 999.9 0  20.0 3  18.0  78.0 0

  1992  4  2   6 42 42.1   -38.040   -17.630   15.0  5.4  5.5  seed seed.dat                  040292C
CAN       105.8 168.7 190.9   0.1 3   0.0 999.9 0   1.0 3   4.3 134.3 0
CRZF       50.5 123.1 253.0   0.1 3   0.0 999.9 0   1.0 3   0.0 129.0 0   5.0 3   1.3  33.3 0
DRV        74.1 171.0 198.2   0.1 3   0.0 999.9 0   1.0 3   1.7 131.7 0  20.0 3  13.1  73.1 0
ECH        88.8  16.3 199.4   0.1 3   0.0 999.9 0   1.0 3   2.8 132.8 0  20.0 3  14.2  74.2 0
HYB       105.3  80.0 234.6   0.1 3   0.0 999.9 0   1.0 3   4.1 134.1 0  20.0 3  21.9  81.9 0
INU       159.5  90.8 256.0   0.1 3   0.0 999.9 0   1.0 3  11.0 141.0 0
KIP       142.2 255.0 124.6   0.1 3   0.0 999.9 0   1.0 3   7.9 137.9 0
MBO        52.3   0.8 180.7   0.1 3   0.0  53.1 0   1.0 3   0.0  78.3 0   5.0 3   3.3  31.3 0
NOUC      119.9 184.2 176.4   0.1 3   0.0 999.9 0   1.0 3   5.3 135.3 0
PAF        61.0 131.8 244.3   0.1 3   0.0 999.9 0   1.0 3   0.3 130.3 0   5.0 3   5.3  37.3 0
PPT       108.5 228.3 141.8   0.1 3   0.0 999.9 0   1.0 3   4.4 134.4 0
RER        64.4  97.7 236.9   0.1 3   0.0 999.9 0   1.0 3   0.7 130.7 0  20.0 3   0.0  44.3 0
SCZ       121.1 293.9 116.2   0.1 3   0.0 999.9 0   1.0 3   5.3 135.3 0  20.0 3  36.6  96.6 0
SEY       154.4  10.7 341.8   0.1 3   0.0 999.9 0   1.0 3   9.8 139.8 0
SSB        85.5  15.6 197.4   0.1 3   0.0 999.9 0   1.0 3   2.6 132.6 0
TAM        64.5  23.8 200.2   0.1 3   0.0 999.9 0   1.0 3   0.5 130.5 0  20.0 3   2.4  62.4 0
UNM        95.4 290.1 128.2   0.1 3   0.0 999.9 0   1.0 3   3.4 133.4 0  20.0 3  17.2  77.2 0

  1992  4  2  10  8 44.2   -24.870   179.900  500.3  5.1  0.0  seed seed.dat                  040292D
BNG       152.9 224.0 140.3   0.1 3   0.0 720.1 0
CAN        28.6 241.3  77.2   0.1 3   0.0 999.9 0
CRZF       94.8 213.1 134.3   0.1 3   0.0 999.9 0
DRV        48.6 199.9  51.0   0.1 3   0.0 999.9 0
ECH       156.0 347.9  16.1   0.1 3   0.0 999.9 0
HYB       107.2 281.4 111.1   0.1 3   0.0 999.9 0
INU        72.5 324.2 139.5   0.1 3   0.0 999.9 0
KIP        50.9  26.9 206.2   0.1 3   0.0 999.9 0
MBO       161.0 121.0 234.6   0.1 3   0.0 999.9 0
NOUC       12.8 279.7 105.1   0.1 3   0.0 999.9 0
PAF        83.2 218.2 120.7   0.1 3   0.0 999.9 0
PPT        29.3  81.7 250.4   0.1 3   0.0 999.9 0
RER       108.9 234.6 127.5   0.1 3   0.0 999.9 0  20.0 3   6.3  66.3 0
SCZ        82.6  44.0 231.7   0.1 3   0.0 999.9 0
SEY        90.3 347.8 155.1   0.1 3   0.0 999.9 0
SSB       159.3 350.6  11.8   0.1 3   0.0 999.9 0
TAM       174.5 246.5 110.3   0.1 3   0.0 999.9 0
UNM        90.2  69.0 243.9   0.1 3   0.0 999.9 0

  1992  4  2  21  3  3.8     7.430   -34.020   15.0  5.1  4.9  seed seed.dat                  040292G
BNG        52.3  90.1 275.9   0.1 3   0.0  65.8 0   5.0 3   1.9  33.9 0
CAN       152.0 185.3 173.7   0.1 3   0.0 999.9 0
CRZF       92.5 136.3 277.9   0.1 3   0.0 999.9 0   5.0 3  20.9  52.9 0
DRV       120.7 177.2 186.9   0.1 3   0.0 999.9 0
ECH        53.5  33.2 234.4   0.1 3   0.0 999.9 0  20.0 3   0.0  56.8 0
HYB       109.0  68.7 284.6   0.1 3   0.0 999.9 0
INU       136.5  10.6 347.1   0.1 3   0.0 537.6 0
KIP       118.0 299.0  68.5   0.1 3   0.0 999.9 0
MBO        18.1  66.1 249.4   0.1 3   0.0 999.9 0   5.0 3   0.0  12.9 0
NOUC      155.6 231.3 124.1   0.1 3   0.0 999.9 0
PAF       104.9 139.0 263.8   0.1 3   0.0 999.9 0
PPT       116.5 254.2  90.6   0.1 3   0.0 999.9 0
RER        92.4 110.8 276.8   0.1 3   0.0 999.9 0
SCZ        83.5 306.0  85.4   0.1 3   0.0 999.9 0  20.0 3  12.2  72.2 0
SEY       109.6 356.9   6.7   0.1 3   0.0 999.9 0
SSB        50.4  34.9 233.5   0.1 3   0.0 999.9 0  20.0 3   0.0  56.2 0
TAM        41.0  63.7 254.5   0.1 3   0.0 999.9 0  20.0 3   0.0  52.1 0
UNM        64.2 287.8  90.9   0.1 3   0.0 999.9 0  20.0 3   1.9  61.9 0

  1992  4  3   3 19 52.4    -5.660   151.510   34.0  5.7  6.6  seed seed.dat                  040392A
BNG       133.1 270.7  93.5   0.1 3   0.0 999.9 0   1.0 3   6.1 346.1 0   5.0 3   0.0 137.1 0
CAN        29.7 184.2   5.1   0.1 3   0.0 999.9 0   1.0 3   0.0 336.1 0  20.0 3   0.0  36.8 0
CRZF       92.5 223.0 101.1   0.1 3   0.0 999.9 0   1.0 3   3.1 343.1 0   5.0 3   0.0  80.1 0
DRV        61.5 185.2  13.1   0.1 3   0.0 999.9 0   1.0 3   0.2 340.2 0  20.0 3   0.0 221.9 0
ECH       127.8 330.4  47.0   0.1 3   0.0 999.9 0   1.0 3   5.7 345.7 0  20.0 3   0.0  51.0 0
HYB        75.6 289.5 100.6   0.1 3   0.0 999.9 0   1.0 3   1.7 341.7 0  20.0 3   0.0 103.7 0
INU        43.1 342.6 158.6   0.1 3   0.0 160.8 0   1.0 3   0.0 178.0 0  20.0 3   0.0  38.7 0
KIP        56.4  59.7 247.4   0.1 3   0.0 999.9 0   1.0 3   0.6 340.6 0  20.0 3   1.4  61.4 0
MBO       165.7 308.0  53.2   0.1 3   0.0 999.9 0   1.0 3  10.0 350.0 0   5.0 3   0.1 136.1 0
NOUC       21.8 140.2 316.6   0.1 3   0.0 999.9 0   1.0 3   0.0 287.2 0   5.0 3   0.0 132.2 0
PAF        80.1 221.0  87.3   0.1 3   0.0 999.9 0   1.0 3   2.1 342.1 0   5.0 3   0.0  88.1 0
PPT        58.7 107.1 274.0   0.1 3   0.0 999.9 0   1.0 3   0.0 339.9 0
RER        93.3 248.4  97.5   0.1 3   0.0 999.9 0   1.0 3   3.2 343.2 0  20.0 3  19.1 319.1 0
SCZ        91.0  53.5 263.9   0.1 3   0.0 999.9 0   1.0 3   3.0 343.0 0  20.0 3   0.0  44.4 0
SEY        68.5   0.4 180.9   0.1 3   0.0 999.9 0   1.0 3   0.9 340.9 0  20.0 3   0.0  45.0 0
SSB       131.1 329.2  45.8   0.1 3   0.0 999.9 0   1.0 3   6.0 346.0 0  20.0 3   0.0 173.4 0
TAM       143.0 300.8  67.4   0.1 3   0.0 999.9 0   1.0 3   6.9 346.9 0  20.0 3   0.0 111.2 0
UNM       110.1  71.6 271.1   0.1 3   0.0 999.9 0   1.0 3   4.5 344.5 0  20.0 3   0.0  46.1 0

  1992  4  4   1 11 12.4   -17.540  -178.320  588.1  5.6  0.0  seed seed.dat                  040492A
BNG       158.9 233.2 129.4   0.1 3   0.0 999.9 0
CAN        34.0 232.1  67.2   0.1 3   0.0 999.9 0   1.0 3   0.0 126.0 0
CRZF      101.8 212.8 131.7   0.1 3   0.0 999.9 0   1.0 3   2.8 132.8 0
DRV        56.0 198.6  49.9   0.1 3   0.0 999.9 0   1.0 3   0.0 128.7 0
ECH       149.0 352.8  10.1   0.1 3   0.0 999.9 0   1.0 3   8.6 138.6 0
HYB       107.2 283.1 103.3   0.1 3   0.0 999.9 0   1.0 3   3.3 133.3 0
INU        67.6 321.5 133.4   0.1 3   0.0 999.9 0   1.0 3   1.0 131.0 0
KIP        43.6  28.0 208.8   0.1 3   0.0 999.9 0   1.0 3   0.0 128.3 0
MBO       161.8  97.9 258.2   0.1 3   0.0 999.9 0   1.0 3   8.9 138.9 0
NOUC       15.2 250.1  75.3   0.1 3   0.0 999.9 0   1.0 3   0.0 123.2 0   5.0 3   0.0  16.9 0
PAF        90.0 217.4 117.6   0.1 3   0.0 999.9 0   1.0 3   2.0 132.0 0
PPT        27.4  94.5 265.6   0.1 3   0.0 999.9 0   1.0 3   0.0 125.0 0
RER       114.5 236.0 122.1   0.1 3   0.0 999.9 0   1.0 3   3.9 133.9 0
SCZ        76.1  44.1 235.6   0.1 3   0.0 999.9 0   1.0 3   0.9 130.9 0  20.0 3   3.1  63.1 0
SEY        83.6 347.0 151.9   0.1 3   0.0 999.9 0   1.0 3   1.5 131.5 0
SSB       152.2 355.6   5.8   0.1 3   0.0 999.9 0   1.0 3   8.8 138.8 0
TAM       173.6 324.8  34.0   0.1 3   0.0 999.9 0   1.0 3   9.1 139.1 0
UNM        86.0  68.5 250.1   0.1 3   0.0 999.9 0   1.0 3   1.7 131.7 0
WFM       114.0  50.8 268.1   0.1 3   0.0 999.9 0

  1992  4  4  18 46  9.3    -1.930   128.520   44.7  4.9  0.0  seed seed.dat                  040492F
BNG       110.1 274.0  90.4   0.1 3   0.0 999.9 0
CAN        38.4 152.5 325.6   0.1 3   0.0 999.9 0
CRZF       79.4 223.2  81.8   0.1 3   0.0 999.9 0
DRV        65.2 175.0 347.3   0.1 3   0.0 999.9 0
ECH       111.9 322.0  66.6   0.1 3   0.0 999.9 0
HYB        52.9 293.5 106.2   0.1 3   0.0 999.9 0
INU        38.0  11.3 193.9   0.1 3   0.0 999.9 0
KIP        75.4  67.4 262.1   0.1 3   0.0 999.9 0
MBO       143.7 291.8  72.9   0.1 3   0.0 681.7 0
NOUC       41.9 121.6 293.3   0.1 3   0.0 999.9 0
PAF        68.4 216.8  66.3   0.1 3   0.0 999.9 0
PPT        81.7 107.4 270.5   0.1 3   0.0 999.9 0
RER        73.2 248.6  85.6   0.1 3   0.0 999.9 0
SCZ       107.2  52.3 280.9   0.1 3   0.0 999.9 0
SEY        67.2  11.6 206.1   0.1 3   0.0 999.9 0
SSB       114.7 319.9  65.6   0.1 3   0.0 313.7 0
TAM       121.0 295.4  77.7   0.1 3   0.0 999.9 0
UNM       130.2  66.3 284.6   0.1 3   0.0 999.9 0
WFM       135.6  21.2 330.9   0.1 3   0.0 999.9 0

  1992  4  4  21 51 21.6   -10.590   165.860   61.0  5.2  0.0  seed seed.dat                  040492G
BNG       147.0 261.6 102.5   0.1 3   0.0 999.9 0
CAN        29.1 209.3  36.0   0.1 3   0.0 999.9 0  20.0 3   0.0  45.4 0
CRZF       98.3 219.6 115.0   0.1 3   0.0 999.9 0
DRV        58.7 191.7  30.2   0.1 3   0.0 999.9 0  20.0 3   0.0  59.4 0
ECH       138.4 338.4  32.3   0.1 3   0.0 999.9 0  20.0 3  41.5 101.5 0
HYB        90.6 287.4 100.7   0.1 3   0.0 999.9 0
INU        53.3 330.5 143.6   0.1 3   0.0 999.9 0
KIP        47.7  48.0 231.7   0.1 3   0.0 999.9 0
MBO       175.3  36.8 324.9   0.1 3   0.0 496.5 0   5.0 3  32.6 104.6 0
NOUC       11.5 177.9 357.8   0.1 3   0.0 999.9 0   5.0 3   0.0  12.7 0
PAF        85.7 220.7 101.3   0.1 3   0.0 999.9 0
PPT        43.7 104.3 272.9   0.1 3   0.0 999.9 0
RER       104.4 244.8 107.7   0.1 3   0.0 999.9 0
SCZ        82.8  50.8 251.3   0.1 3   0.0 999.9 0  20.0 3   8.9  68.9 0
SEY        74.1 353.6 166.2   0.1 3   0.0 999.9 0  20.0 3   9.5  69.5 0
SSB       141.8 338.4  30.4   0.1 3   0.0 128.5 0
TAM       157.6 305.0  59.8   0.1 3   0.0 999.9 0
UNM        98.1  71.9 261.7   0.1 3   0.0 999.9 0  20.0 3  17.6  77.6 0
WFM       121.0  46.6 285.4   0.1 3   0.0 999.9 0

  1992  4  5   7 47 47.3    36.170    80.750   17.0  5.6  5.4  seed seed.dat                  040592B
BNG        65.1 256.7  52.1   0.1 3   0.0 999.9 0   1.0 3   0.6 130.6 0   5.0 3  13.2  45.2 1
CAN        95.5 130.1 310.8   0.1 3   0.0 999.9 0   1.0 3   3.5 133.5 0
CRZF       86.4 199.6  23.1   0.1 3   0.0 999.9 0   1.0 3   2.6 132.6 0   5.0 3  20.2  52.2 0
DRV       112.1 158.2 311.3   0.1 3   0.0 999.9 0   1.0 3   4.6 134.6 0
ECH        53.8 307.5  73.9   0.1 3   0.0 999.9 0   1.0 3   0.0 129.3 0  20.0 3   0.0  53.1 0
HYB        18.8 186.5   5.5   0.1 3   0.0 999.9 0   1.0 3   0.0 124.2 0  20.0 3   0.0  39.8 0
INU        45.1  73.6 288.3   0.1 3   0.0 999.9 0   1.0 3   0.0 129.3 0  20.0 3   0.0  59.0 0
KIP       100.1  53.9 315.4   0.1 3   0.0 999.9 0   1.0 3   4.8 134.8 0
MBO        87.7 286.2  53.3   1.0 3   2.8  80.2 0   5.0 3  20.2  68.2 0
NOUC       99.4 110.3 305.0   0.1 3   0.0 854.1 0   1.0 3   3.7 133.7 0   5.0 3  32.3  60.3 0
PAF        85.8 186.9   8.6   0.1 3   0.0 999.9 0   1.0 3   2.6 132.6 0
PPT       132.0  80.7 302.9   0.1 3   0.0 999.9 0   1.0 3   6.1 136.1 0
RER        61.9 206.7  22.9   0.1 3   0.0 972.1 0   1.0 3   0.3 130.3 0  20.0 3   0.0  25.2 0
SCZ       104.6  18.2 341.7   0.1 3   0.0 999.9 0   1.0 3   4.1 134.1 0  20.0 3  26.5  86.5 0
SEY        50.2  34.3 273.2   0.1 3   0.0 999.9 0   1.0 3   0.0 129.0 0
SSB        56.4 304.7  70.4   0.1 3   0.0 999.9 0   1.0 3   0.0 129.7 1  20.0 3   3.5  63.5 0
TAM        65.3 281.1  59.3   0.1 3   0.0 999.9 0   1.0 3   0.7 130.7 0  20.0 3  15.3  75.3 0
UNM       124.7 359.9   0.1   0.1 3   0.0 999.9 0   1.0 3   5.6 135.6 0  20.0 3  34.1  94.1 0
WFM        97.4 339.8  22.3   0.1 3   0.0 999.9 0

  1992  4  5  11 46 34.6   -11.610   166.140   39.0  5.5  6.0  seed seed.dat                  040592C
BNG       147.2 259.9 104.4   0.1 3   0.0 999.9 0   1.0 3   9.6 311.1 0   5.0 3   0.0  81.4 0
CAN        28.3 210.6  37.6   0.1 3   0.0 999.9 0   1.0 3   0.0 312.7 0  20.0 3   0.0  42.1 0
CRZF       97.6 219.5 115.9   0.1 3   0.0 999.9 0   1.0 3   3.5 313.0 0   5.0 3   5.4  57.4 0
DRV        57.8 192.0  30.7   0.1 3   0.0 999.9 0   1.0 3   0.0 312.0 0  20.0 3   0.0  42.2 0
ECH       139.5 338.2  32.5   0.1 3   0.0 999.9 0   1.0 3   6.5 309.5 0  20.0 3   0.0  51.3 0
HYB        91.2 287.4 101.6   0.1 3   0.0 999.9 0   1.0 3   3.0 316.7 0  20.0 3   0.0 117.0 0
INU        54.3 330.6 144.0   0.1 3   0.0 999.9 0   1.0 3   0.4 313.1 0  20.0 3   0.0  57.2 0
KIP        48.2  47.1 230.4   0.1 3   0.0 999.9 0   1.0 3   0.0 309.1 0  20.0 3   0.0  56.7 0
MBO       175.9  48.8 314.0   0.1 3   0.0  55.3 0   1.0 3  10.1 195.4 0   5.0 3   0.0 115.4 0
NOUC       10.5 179.2 359.1   0.1 3   0.0 615.3 0   1.0 3   0.0 311.5 0   5.0 3   0.0  25.5 0
PAF        85.1 220.7 102.2   0.1 3   0.0 999.9 0   1.0 3   2.5 313.5 0   5.0 3   1.4  57.4 1
PPT        43.2 103.3 271.6   0.1 3   0.0 999.9 0   1.0 3   0.0 308.1 0
RER       104.3 244.4 108.8   0.1 3   0.0 733.3 0   1.0 3   4.1 314.0 0  20.0 3   0.0 144.4 0
SCZ        83.2  50.7 250.4   0.1 3   0.0 999.9 0   1.0 3   2.4 304.7 0  20.0 3   0.0  43.7 0
SEY        75.2 353.5 166.0   0.1 3   0.0 999.9 0   1.0 3   1.6 310.3 0  20.0 3  10.3  70.3 0
SSB       142.9 338.2  30.6   0.1 3   0.0 999.9 0   1.0 3   6.9 309.4 0  20.0 3   0.0  51.7 0
TAM       158.4 303.2  61.6   0.1 3   0.0 999.9 0   1.0 3   9.9 309.9 0
UNM        98.1  72.0 260.7   0.1 3   0.0 999.9 0   1.0 3   3.5 300.5 0  20.0 3   0.0  45.4 0
WFM       121.5  47.1 284.3   0.1 3   0.0 999.9 0

  1992  4  5  13 25  4.2    48.270   155.850   62.0  5.4  0.0  seed seed.dat                  040592D
BNG       115.5 311.6  30.1   0.1 3   0.0 999.9 0   1.0 3   0.0 212.6 0   5.0 3   0.9  27.9 0
CAN        83.6 185.7   4.6   0.1 3   0.0 999.9 0   1.0 3   0.0 214.2 0
CRZF      130.6 242.3  58.8   0.1 3   0.0 999.9 0   1.0 3   0.0 214.5 0
DRV       115.4 186.9  11.7   0.1 3   0.0 999.9 0   1.0 3   0.0 213.5 0
ECH        80.0 339.4  20.6   0.1 3   0.0 999.9 0   1.0 3   0.0 211.0 0  20.0 3  15.8  75.8 0
HYB        68.8 272.7  44.3   0.1 3   0.0 999.9 0   1.0 3   0.0 218.3 0  20.0 3   0.0  18.5 0
INU        19.0 234.1  41.4   0.1 3   0.0 999.9 0   1.0 3   0.0 214.6 0
KIP        45.4 109.4 317.5   0.1 3   0.0 999.9 0   1.0 3   0.0 210.6 0
MBO       117.2 352.2   5.4   1.0 3   0.0  96.9 0   5.0 3   0.0 100.9 1
NOUC       70.8 169.7 352.6   0.1 3   0.0 516.8 0   1.0 3   0.0 213.0 0
PAF       122.1 230.5  52.0   0.1 3   0.0 999.9 0   1.0 3   0.0 215.0 0
PPT        81.7 128.1 326.6   0.1 3   0.0 999.9 0   1.0 3   0.0 209.6 0
RER       112.2 263.0  45.4   0.1 3   0.0 634.8 0   1.0 3   0.0 215.5 0  20.0 3   0.0  45.9 0
SCZ        59.3  68.0 309.7   0.1 3   0.0 999.9 0   1.0 3   0.0 206.2 0  20.0 3   0.0  59.2 0
SEY        14.8 353.8 170.9   0.1 3   0.0 999.9 0   1.0 3   0.0 211.8 0  20.0 3   0.0  41.8 0
SSB        83.3 340.1  18.8   0.1 3   0.0 999.9 0   1.0 3   0.0 210.9 0  20.0 3   0.0  13.2 0
TAM       104.3 332.0  19.9   0.1 3   0.0 999.9 0   1.0 3   0.0 211.4 0  20.0 3   0.0  22.1 0
UNM        85.2  66.1 319.7   0.1 3   0.0 999.9 0   1.0 3   0.0 202.0 0  20.0 3   0.0  57.9 0
WFM        80.2  33.3 330.2   0.1 3   0.0 999.9 0   5.0 3  33.1 153.1 0

  1992  4  5  14 13 39.9    10.980   -86.660   17.6  5.2  5.7  seed seed.dat                  040592E
BNG       104.0  82.5 282.4   0.1 3   0.0 999.9 0   1.0 3   0.0 164.0 0   5.0 3  35.3  63.3 0
CAN       124.2 234.8 101.8   0.1 3   0.0 999.9 0   1.0 3   0.0 165.6 0
CRZF      130.2 143.0 238.0   0.1 3   0.0 999.9 0   1.0 3   0.0 165.9 0
DRV       116.2 198.9 127.4   0.1 3   0.0 999.9 0   1.0 3   0.0 164.9 0  20.0 3  28.1  88.1 0
ECH        84.4  42.1 280.3   0.1 3   0.0 999.9 0   1.0 3   0.0 162.4 0  20.0 3   0.0  27.2 0
HYB       148.1  27.4 331.8   0.1 3   0.0 999.9 0   1.0 3   0.0 169.7 0
INU       118.0 320.3  50.0   0.1 3   0.0 999.9 0   1.0 3   0.0 166.0 0
KIP        68.8 288.8  86.1   0.1 3   0.0 999.9 0   1.0 3   0.0 162.0 0
MBO        67.9  78.8 276.2   1.0 3   0.0  48.3 0   5.0 3   0.0  52.3 0
NOUC      109.7 250.5  86.1   0.1 3   0.0 468.2 0   1.0 3   0.0 164.4 0
PAF       137.2 157.7 214.3   0.1 3   0.0 999.9 0   1.0 3   0.0 166.5 0
PPT        68.3 246.1  70.3   0.1 3   0.0 999.9 0   1.0 3   0.0 161.0 0
RER       142.6 110.3 259.9   0.1 3   0.0 586.2 0   1.0 3   0.0 166.9 0
SCZ        40.4 315.0 120.2   0.1 3   0.0 999.9 0   1.0 3   0.0 157.6 0  20.0 3   0.0  10.6 0
SEY        93.5 336.9  57.4   0.1 3   0.0 999.9 0   1.0 3   0.0 163.2 0
SSB        83.1  45.3 278.8   0.1 3   0.0 999.9 0   1.0 3   0.0 162.3 0  20.0 3   0.4  60.4 0
TAM        87.8  67.3 281.0   0.1 3   0.0 999.9 0   1.0 3   0.0 162.8 0  20.0 3  17.5  77.5 0
UNM        14.7 306.0 122.7   0.1 3   0.0 999.9 0   1.0 3   0.0 153.4 0  20.0 3   0.0   9.3 0
WFM        34.2  20.1 207.2   0.1 3   0.0 999.9 0   5.0 3   0.0 104.5 0

  1992  4  6   7 55 22.6    13.260   -44.850   15.0  5.0  0.0  seed seed.dat                  040692B
BNG        63.1  91.7 282.6   0.1 3   0.0 893.5 0
CAN       154.7 207.5 147.4   0.1 3   0.0 999.9 0
CRZF      104.1 134.8 274.2   0.1 3   0.0 999.9 0
DRV       126.5 182.4 174.1   0.1 3   0.0 999.9 0
ECH        55.2  39.9 249.2   0.1 3   0.0 999.9 0
HYB       116.3  62.7 295.0   0.1 3   0.0 999.9 0
INU       131.5 358.0   2.4   0.1 3   0.0 974.1 0
KIP       105.9 297.1  68.4   0.1 3   0.0 999.9 0
NOUC      149.1 249.4 101.7   0.1 3   0.0 656.5 0
PAF       116.3 138.6 259.2   0.1 3   0.0 999.9 0
PPT       107.7 255.7  81.5   0.1 3   0.0 999.9 0
RER       104.4 108.6 278.7   0.1 3   0.0 999.9 0
SCZ        71.5 304.4  86.9   0.1 3   0.0 999.9 0
SEY       102.8 352.0  17.1   0.1 3   0.0 999.9 0
SSB        52.5  42.5 248.8   0.1 3   0.0 999.9 0
TAM        48.6  71.2 267.9   0.1 3   0.0 999.9 0
UNM        52.3 284.3  87.9   0.1 3   0.0 999.9 0  20.0 3   0.0  57.6 0
WFM        37.3 326.8 133.8   0.1 3   0.0 999.9 0
WUS       105.1  40.3 303.5   0.1 3   0.0 999.9 0

  1992  4  6  13 54 39.5    50.860  -130.520   15.0  6.0  6.8  seed seed.dat                  040692C
BNG       118.8  35.6 338.2   0.1 3   0.0 534.2 0   1.0 3   5.1 374.3 0   5.0 3  10.3  98.3 0
CAN       111.2 240.0  42.2   0.1 3   0.0 999.9 0   1.0 3   4.6 434.6 0  20.0 3  18.1  78.1 0
CRZF      175.3 341.0  20.4   0.1 3   0.0 999.9 0   1.0 3  10.2 440.2 0   5.0 3  13.3 121.3 0
DRV       135.1 214.5  64.0   0.1 3   0.0 999.9 0   1.0 3   6.3 436.3 0  20.0 3   0.0 235.1 0
ECH        74.7  27.7 333.8   0.1 3   0.0 999.9 0   1.0 3   1.6 431.6 0  20.0 3   0.0  52.2 0
HYB       107.2 331.0  18.8   0.1 3   0.0 999.9 0   1.0 3   4.3 434.3 0  20.0 3   0.0  59.9 0
INU        64.8 295.8  44.3   0.1 3   0.0 614.9 0   1.0 3   1.7 431.7 0  20.0 3   0.0  41.1 0
KIP        36.4 226.5  29.5   0.1 3   0.0 999.9 0   1.0 3   0.0 428.1 0  20.0 3   0.0  46.6 0
NOUC       91.5 236.0  34.5   0.1 3   0.0 297.3 0   1.0 3   3.1 417.4 1   5.0 3   1.4 165.4 0
PAF       166.6 270.0  77.2   0.1 3   0.0 999.9 0   1.0 3  10.1 440.1 0   5.0 3   1.3 193.3 0
PPT        70.3 199.4  12.7   0.1 3   0.0 999.9 0   1.0 3   1.2 431.2 0  20.0 3  10.4  70.4 0
RER       149.9 348.4   8.0   0.1 3   0.0 999.9 0
SCZ        15.7 151.8 338.2   0.1 3   0.0 999.9 0   1.0 3   0.0 423.6 0  20.0 3   0.0  35.6 0
SEY        41.1 317.4  69.7   0.1 3   0.0 999.9 0   1.0 3   0.0 427.7 0  20.0 3   0.0  42.2 0
SSB        76.5  30.8 332.7   0.1 3   0.0 999.9 0   1.0 3   1.8 431.8 0  20.0 3   0.0  43.4 0
TAM        96.9  40.1 333.8   0.1 3   0.0 999.9 0   1.0 3   3.5 433.5 0  20.0 3   0.0  58.5 0
UNM        40.0 130.2 329.2   0.1 3   0.0 999.9 0   1.0 3   0.0 427.5 0  20.0 3   0.0  39.3 0
WFM        40.2  78.0 302.9   0.1 3   0.0 999.9 0   5.0 3   0.0 100.6 0
WUS        84.5 338.0  18.3   0.1 3   0.0 999.9 0   1.0 3   2.6 432.6 0  20.0 3   0.0  45.1 0

  1992  4  6  15 16  9.3    50.580  -130.790   15.0  5.5  6.0  seed seed.dat                  040692F
BNG       119.1  35.4 338.2   0.1 3   0.0 452.7 0   1.0 3   0.0 292.8 0   5.0 3   0.0  56.8 1
CAN       110.9 239.8  42.4   0.1 3   0.0 999.9 0   1.0 3   0.0 353.2 0
CRZF      175.5 337.8  24.0   0.1 3   0.0 999.9 0   1.0 3   0.0 358.7 0   5.0 3   0.0  39.8 0
DRV       134.8 214.3  64.0   0.1 3   0.0 999.9 0   1.0 3   0.0 354.8 0  20.0 3   0.0 153.6 0
ECH        75.0  27.5 333.8   0.1 3   0.0 999.9 0   1.0 3   0.0 350.1 0
HYB       107.4 330.7  19.1   0.1 3   0.0 999.9 0   1.0 3   0.0 352.8 0  20.0 3   7.4 127.4 0
INU        64.8 295.7  44.6   0.1 3   0.0 533.4 0   1.0 3   0.0 350.2 0
KIP        36.1 226.4  29.6   0.1 3   0.0 999.9 0   1.0 3   0.0 346.6 0  20.0 3   0.0  51.1 0
NOUC       91.2 235.8  34.7   0.1 3   0.0 215.8 0   1.0 3   0.0 335.9 0   5.0 3   0.0  83.9 0
PAF       166.5 268.7  78.4   0.1 3   0.0 999.9 0   1.0 3   0.0 358.6 0   5.0 3   0.0 111.8 0
PPT        70.0 199.1  12.7   0.1 3   0.0 999.9 0   1.0 3   0.0 349.7 0
RER       150.2 347.8   8.5   0.1 3   0.0 999.9 0
SCZ        15.5 150.6 337.1   0.1 3   0.0 999.9 0   1.0 3   0.0 342.1 0
SEY        41.2 317.6  70.2   0.1 3   0.0 999.9 0   1.0 3   0.0 346.2 0
SSB        76.8  30.6 332.7   0.1 3   0.0 999.9 0   1.0 3   0.0 350.3 0  20.0 3   0.0 106.9 0
TAM        97.3  39.9 333.7   0.1 3   0.0 999.9 0   1.0 3   0.0 352.0 0  20.0 3  31.0  91.0 0
UNM        40.0 129.6 328.7   0.1 3   0.0 999.9 0   1.0 3   0.0 346.0 0
WFM        40.5  77.5 302.6   0.1 3   0.0 999.9 0   5.0 3   0.0  19.1 0
WUS        84.7 337.8  18.6   0.1 3   0.0 999.9 0   1.0 3   0.0 351.1 0

  1992  4  7   0 42 17.7    51.070  -130.750   15.0  4.9  4.9  seed seed.dat                  040792A
CAN       111.2 240.0  42.0   0.1 3   0.0 999.9 0
CRZF      175.1 340.1  21.0   0.1 3   0.0 999.9 0
DRV       135.2 214.6  63.6   0.1 3   0.0 999.9 0
ECH        74.5  27.6 334.1   0.1 3   0.0 999.9 0  20.0 3   8.6  68.6 0
HYB       107.0 330.9  18.8   0.1 3   0.0 999.9 0
INU        64.6 295.5  44.1   0.1 3   0.0 999.9 0
KIP        36.5 226.0  29.1   0.1 3   0.0 999.9 0
NOUC       91.5 235.9  34.3   0.1 3   0.0 999.9 0
PAF       166.5 270.7  76.3   0.1 3   0.0 999.9 0
PPT        70.5 199.1  12.5   0.1 3   0.0 999.9 0
RER       149.7 348.1   8.2   0.1 3   0.0 999.9 0
SCZ        15.9 151.6 338.1   0.1 3   0.0 999.9 0  20.0 3   0.0  39.0 0
SEY        40.8 317.2  69.6   0.1 3   0.0 999.9 0  20.0 3   0.0  54.6 0
SSB        76.4  30.6 332.9   0.1 3   0.0 999.9 0  20.0 3  15.8  75.8 0
TAM        96.9  39.9 334.0   0.1 3   0.0 999.9 0
UNM        40.3 130.1 329.3   0.1 3   0.0 999.9 0  20.0 3   0.0  52.6 0
WFM        40.3  78.1 303.3   0.1 3   0.0 999.9 0
WUS        84.3 337.8  18.4   0.1 3   0.0 999.9 0  20.0 3  23.5  83.5 0

  1992  4  7   3 37  3.1    -3.900   131.330   47.5  5.8  0.0  seed seed.dat                  040792C
BNG       113.0 273.1  92.3   0.1 3   0.0 999.9 0   1.0 3   4.6 164.6 0   5.0 3  31.9  45.9 2
CAN        35.4 154.6 328.4   0.1 3   0.0 999.9 0   1.0 3   0.0 156.9 0  20.0 3   0.0  47.7 0
CRZF       79.9 223.7  85.2   0.1 3   0.0 999.9 0   1.0 3   2.0 162.0 0   5.0 3  15.0  50.9 0
DRV        63.0 176.1 350.3   0.1 3   0.0 999.9 0   1.0 3   0.3 160.3 0  20.0 3   1.7  61.7 0
ECH       115.1 322.3  65.5   0.1 3   0.0 999.9 0   1.0 3   4.7 164.7 0  20.0 3   0.8  60.8 0
HYB        56.2 293.8 107.0   0.1 3   0.0 999.9 0   1.0 3   0.0 159.6 0  20.0 3   0.0  49.5 0
INU        39.5   7.3 189.0   0.1 3   0.0 999.9 0   1.0 3   0.0 157.5 0  20.0 3   0.0  53.5 0
KIP        73.6  66.5 259.1   0.1 3   0.0 999.9 0   1.0 3   2.5 162.5 0  20.0 3   0.0  56.2 0
NOUC       38.4 121.2 293.0   0.1 3   0.0 999.9 0   1.0 3   0.0 157.3 0   5.0 3   0.0  47.0 0
PAF        68.5 218.0  70.0   0.1 3   0.0 999.9 0   1.0 3   0.9  74.9 0   5.0 3   2.9  46.9 0
PPT        78.4 107.1 269.5   0.1 3   0.0 999.9 0   1.0 3   1.9 161.9 0
RER        75.2 249.2  88.6   0.1 3   0.0 999.9 0
SCZ       106.2  53.2 277.5   0.1 3   0.0 999.9 0   1.0 3   4.1 164.1 0  20.0 3   6.2  66.2 0
SEY        68.6  10.2 202.7   0.1 3   0.0 999.9 0   1.0 3   0.9 160.9 0  20.0 3   7.8  67.8 0
SSB       118.0 320.1  64.5   0.1 3   0.0 999.9 0   1.0 3   5.0 165.0 0  20.0 3   2.1  62.1 0
TAM       124.4 294.9  78.4   0.1 3   0.0 999.9 0   1.0 3   5.5 165.5 0
UNM       128.4  68.5 280.9   0.1 3   0.0 999.9 0   1.0 3   5.8 165.8 0  20.0 3  31.9 211.9 0
WFM       136.4  24.6 326.1   0.1 3   0.0 999.9 0
WUS        65.3 319.0 119.8   0.1 3   0.0 999.9 0   1.0 3   0.6 160.6 0  20.0 3   0.0 114.7 0

  1992  4  7  22 47 29.6   -16.740   168.120   15.0  5.4  6.0  seed seed.dat                  040792D
BNG       147.7 250.8 114.5   0.1 3   0.0 999.9 0   1.0 3   9.7 169.7 0
CAN        25.2 219.0  47.6   0.1 3   0.0 999.9 0   1.0 3   0.0 155.5 0  20.0 3   0.0  37.2 0
CRZF       94.9 218.4 120.6   0.1 3   0.0 999.9 0   1.0 3   3.3 163.3 0   5.0 3  24.5  52.5 0
DRV        53.2 193.5  34.4   0.1 3   0.0 999.9 0   1.0 3   0.0 159.3 0  20.0 3   0.0 109.3 0
ECH       144.9 337.5  32.6   0.1 3   0.0 999.9 0   1.0 3   9.5 169.5 0  20.0 3  20.4  80.4 0
HYB        94.5 286.6 105.9   0.1 3   0.0 999.9 0   1.0 3   3.3 163.3 0  20.0 3  13.1  73.1 0
INU        59.7 330.7 144.9   0.1 3   0.0 999.9 0   1.0 3   0.1 160.1 0  20.0 3   0.0  59.1 0
KIP        50.5  42.4 223.9   0.1 3   0.0 999.9 0   1.0 3   0.0 159.9 0  20.0 3   0.0  49.8 0
NOUC        5.6 197.5  18.1   0.1 3   0.0 999.9 0   1.0 3   0.0  52.5 0   5.0 3   0.0  56.5 0
PAF        82.4 220.7 107.0   0.1 3   0.0 999.9 0   1.0 3   2.3 162.3 0   5.0 3   4.5  56.5 0
PPT        40.4  97.6 264.6   0.1 3   0.0 999.9 0   1.0 3   0.0 157.6 0
RER       103.7 242.6 114.3   0.1 3   0.0 999.9 0
SCZ        85.0  49.7 245.2   0.1 3   0.0 999.9 0   1.0 3   2.6 162.6 0  20.0 3   0.0  56.8 0
SEY        80.5 352.8 164.7   0.1 3   0.0 999.9 0   1.0 3   2.1 162.1 0  20.0 3   9.4  69.4 0
SSB       148.4 337.5  30.8   0.1 3   0.0 999.9 0   1.0 3   9.7 169.7 0  20.0 3  44.6 164.6 0
TAM       162.6 292.3  72.1   0.1 3   0.0 999.9 0   1.0 3  10.1 170.1 0
UNM        97.9  72.3 255.2   0.1 3   0.0 999.9 0   1.0 3   3.6 163.6 0  20.0 3   0.0  58.4 0
WFM       123.5  49.9 278.3   0.1 3   0.0 999.9 0   5.0 3  28.8 148.8 0
WUS       100.1 309.9 103.2   0.1 3   0.0 999.9 0   1.0 3   3.7 163.7 0  20.0 3   4.3 124.3 0

  1992  4  8   3  1 27.8   -16.290   168.490   15.0  5.5  5.6  seed seed.dat                  040892A
BNG       148.2 251.2 113.9   0.1 3   0.0 999.9 0   1.0 3   9.7  47.5 0
CAN        25.8 218.9  47.6   0.1 3   0.0 999.9 0   1.0 3   0.0  53.0 0  20.0 3   0.0  43.3 0
CRZF       95.4 218.3 120.6   0.1 3   0.0 999.9 0   1.0 3   3.3 133.3 0   5.0 3  22.5  54.5 0
DRV        53.7 193.6  34.7   0.1 3   0.0 999.9 0   1.0 3   0.0 129.3 0  20.0 3   0.0  56.3 0
ECH       144.6 338.2  31.8   0.1 3   0.0 999.9 0   1.0 3   9.5 139.5 0  20.0 3  42.4 102.4 0
HYB        94.7 286.6 105.4   0.1 3   0.0 999.9 0   1.0 3   3.3 133.3 0  20.0 3  19.1  79.1 0
INU        59.5 330.3 144.3   0.1 3   0.0 999.9 0   1.0 3   0.1 130.1 0  20.0 3   0.0  59.1 0
KIP        49.9  42.3 224.0   0.1 3   0.0 999.9 0   1.0 3   0.0 129.9 0  20.0 3   0.0  57.8 0
NOUC        6.2 199.3  20.0   0.1 3   0.0 999.9 0   1.0 3   0.0 121.3 0   5.0 3   0.0  18.6 0
PAF        83.0 220.6 107.0   0.1 3   0.0 999.9 0   1.0 3   2.3 132.3 0   5.0 3  18.5  46.5 0
PPT        40.1  98.1 265.4   0.1 3   0.0 999.9 0   1.0 3   0.0 127.6 0
RER       104.2 242.5 114.1   0.1 3   0.0 999.9 0
SCZ        84.5  49.6 245.3   0.1 3   0.0 999.9 0   1.0 3   2.6 132.6 0  20.0 3  10.8  70.8 0
SEY        80.1 352.6 164.3   0.1 3   0.0 999.9 0   1.0 3   2.1 132.1 0  20.0 3  13.4  73.4 0
SSB       148.1 338.2  29.8   0.1 3   0.0 999.9 0   1.0 3   9.7 139.7 0
TAM       162.7 294.0  70.2   0.1 3   0.0 999.9 0   1.0 3  10.0 140.0 0
UNM        97.4  72.2 255.5   0.1 3   0.0 999.9 0   1.0 3   3.6 133.6 0  20.0 3  16.5  76.5 0
WFM       122.9  49.7 278.4   0.1 3   0.0 999.9 0
WUS       100.1 309.9 102.6   0.1 3   0.0 999.9 0   1.0 3   3.7 133.7 0  20.0 3   0.0 150.3 0

  1992  4  8  13 36 56.3   -16.540   168.420   15.0  5.3  5.9  seed seed.dat                  040892B
BNG       148.1 250.9 114.3   0.1 3   0.0 471.9 0   1.0 3   9.7 169.7 0
CAN        25.5 219.1  47.8   0.1 3   0.0 999.9 0   1.0 3   0.0 155.5 0  20.0 3   0.0  43.8 0
CRZF       95.2 218.3 120.7   0.1 3   0.0 999.9 0   1.0 3   3.4 163.4 0   5.0 3  23.1  55.1 0
DRV        53.5 193.6  34.7   0.1 3   0.0 999.9 0   1.0 3   0.0 159.3 0  20.0 3   0.0  49.8 0
ECH       144.8 338.0  32.1   0.1 3   0.0 999.9 0   1.0 3   9.5 169.5 0  20.0 3  36.9  96.9 0
HYB        94.7 286.6 105.6   0.1 3   0.0 999.9 0   1.0 3   3.3 163.3 0  20.0 3  13.7  73.7 0
INU        59.7 330.4 144.5   0.1 3   0.0 999.9 0   1.0 3   0.1 160.1 0  20.0 3   0.0  59.7 0
KIP        50.2  42.2 223.8   0.1 3   0.0 999.9 0   1.0 3   0.0 159.9 0  20.0 3   0.0  58.3 0
MBO       174.4 113.6 248.7   0.1 3   0.0 999.9 0   1.0 3  10.2 170.2 0   5.0 3  29.1 109.0 0
NOUC        5.9 199.5  20.2   0.1 3   0.0 999.9 0   1.0 3   0.0 151.4 1   5.0 3   0.0  23.1 0
PAF        82.8 220.7 107.1   0.1 3   0.0 999.9 0   1.0 3   2.4 162.4 0   5.0 3  19.1  47.1 0
PPT        40.1  97.8 265.0   0.1 3   0.0 999.9 0   1.0 3   0.0 157.6 0
RER       104.0 242.5 114.3   0.1 3   0.0 999.9 0   1.0 3   4.1 164.1 0  20.0 3   0.0 133.7 0
SCZ        84.7  49.6 245.2   0.1 3   0.0 999.9 0   1.0 3   2.6 162.6 0  20.0 3  10.3  70.3 0
SEY        80.3 352.6 164.4   0.1 3   0.0 999.9 0   1.0 3   2.2 162.2 0  20.0 3  10.0  70.0 0
SSB       148.3 337.9  30.1   0.1 3   0.0 999.9 0   1.0 3   9.7 169.7 0  20.0 3  44.2 104.2 0
TAM       162.7 293.2  71.1   0.1 3   0.0 999.9 0   1.0 3  10.1 170.1 0
UNM        97.6  72.2 255.3   0.1 3   0.0 999.9 0   1.0 3   3.6 163.6 0  20.0 3   0.0  58.0 0
WFM       123.1  49.8 278.3   0.1 3   0.0 999.9 0
WUS       100.2 309.9 102.8   0.1 3   0.0 622.9 0   1.0 3   3.8 163.8 0  20.0 3   4.2 124.2 0

  1992  4  9   6 41 10.9   -17.330  -174.060  136.1  5.5  0.0  seed seed.dat                  040992C
BNG       162.2 224.9 136.9   0.1 3   0.0 999.9 0   1.0 3   9.8 139.8 0
CAN        37.4 234.0  71.1   0.1 3   0.0 999.9 0   1.0 3   0.0 127.1 0
CRZF      104.1 210.8 135.1   0.1 3   0.0 999.9 0   1.0 3   3.8 133.8 0
DRV        57.6 199.8  54.5   0.1 3   0.0 999.9 0   1.0 3   0.0 129.5 0
ECH       149.1 358.4   2.2   0.1 3   0.0 999.9 0   1.0 3   9.4 139.4 0
HYB       111.2 282.2 102.1   0.1 3   0.0 999.9 0   1.0 3   4.3 134.3 0
INU        70.1 319.0 129.9   0.1 3   0.0 999.9 0   1.0 3   1.0 131.0 0
KIP        41.7  22.8 203.5   0.1 3   0.0 999.9 0   1.0 3   0.0 128.6 0  20.0 3   0.0  52.1 0
MBO       157.8  94.9 259.9   0.1 3   0.0 999.9 0   1.0 3   9.7 139.7 0   5.0 3   4.8  44.8 0
NOUC       19.1 252.4  79.1   0.1 3   0.0 999.9 0   1.0 3   0.0 124.1 0   5.0 3   0.0  14.9 0
PAF        92.6 216.1 120.7   0.1 3   0.0 999.9 0   1.0 3   2.9 132.9 0
PPT        23.3  94.3 266.9   0.1 3   0.0 999.9 0   1.0 3   0.0 125.0 0
RER       117.9 233.7 124.5   0.1 3   0.0 999.9 0   1.0 3   4.9 134.9 0  20.0 3   0.0 211.5 1
SCZ        73.2  42.0 232.6   0.1 3   0.0 999.9 0   1.0 3   1.3 131.3 0  20.0 3   5.1  65.1 0
SEY        84.3 345.2 147.9   0.1 3   0.0 999.9 0   1.0 3   2.3 132.3 0
SSB       152.1   2.1 357.2   0.1 3   0.0 999.9 0   1.0 3   9.6 139.6 0
TAM       174.5   4.2 356.0   0.1 3   0.0 999.9 0   1.0 3   9.9 139.9 0
UNM        82.1  67.1 248.7   0.1 3   0.0 999.9 0   1.0 3   2.1 132.1 0  20.0 3   0.0  44.8 0
WFM       110.7  50.5 265.5   0.1 3   0.0 999.9 0
WUS       113.7 307.8  92.4   0.1 3   0.0 999.9 0   1.0 3   4.5 134.5 0  20.0 3   0.9  60.9 0

  1992  4  9  20  2 45.8    46.910   -27.110   15.0  5.1  4.6  seed seed.dat                  040992E
BNG        57.8 122.4 324.6   0.1 3   0.0 999.9 0
CAN       168.1  15.1 346.6   0.1 3   0.0 999.9 0
CRZF      115.9 130.8 311.4   0.1 3   0.0 999.9 0
DRV       159.1 165.3 205.0   0.1 3   0.0 999.9 0
ECH        23.0  74.1 279.7   0.1 3   0.0 999.9 0  20.0 3   0.0  43.1 0
HYB        87.6  66.8 318.7   0.1 3   0.0 999.9 0
INU        96.7  13.0 349.2   0.1 3   0.0 999.9 0
KIP        98.7 314.7  31.5   0.1 3   0.0 999.9 0
MBO        33.6 162.0 347.4   0.1 3   0.0 999.9 0   5.0 3   0.0  23.2 0
NOUC      153.0 332.1  20.7   0.1 3   0.0 437.1 0
PAF       127.5 124.9 300.8   0.1 3   0.0 999.9 0
PPT       124.7 282.1  44.9   0.1 3   0.0 999.9 0
RER       100.5 109.4 316.1   0.1 3   0.0 999.9 0
SCZ        66.9 299.4  47.9   0.1 3   0.0 999.9 0
SEY        70.3   0.3 359.6   0.1 3   0.0 999.9 0  20.0 3   0.0  36.1 0
SSB        21.9  82.6 285.7   0.1 3   0.0 999.9 0  20.0 3   0.0  42.3 0
TAM        35.6 121.2 320.6   0.1 3   0.0 999.9 0  20.0 3   0.0  51.7 0
UNM        63.9 271.0  46.5   0.1 3   0.0 999.9 0
WFM        31.4 278.7  66.6   0.1 3   0.0 237.1 0
WUS        70.5  50.1 315.9   0.1 3   0.0 999.9 0

  1992  4  9  21 14 30.6    52.480   161.060   31.0  5.4  4.9  seed seed.dat                  040992F
BNG       114.9 318.2  24.2   0.1 3   0.0 999.9 0
CAN        88.2 189.9   7.4   0.1 3   0.0 999.9 0
CRZF      135.4 248.6  55.6   0.1 3   0.0 999.9 0
DRV       120.0 189.6  14.7   0.1 3   0.0 999.9 0
ECH        77.1 342.5  16.0   0.1 3   0.0 999.9 0
HYB        71.8 275.2  39.6   0.1 3   0.0 999.9 0
INU        24.2 234.4  37.4   0.1 3   0.0 999.9 0  20.0 3   0.0  44.1 0
KIP        44.1 118.7 324.9   0.1 3   0.0 999.9 0
MBO       113.2 357.9   1.3   0.1 3   0.0 999.9 0
NOUC       74.6 174.9 356.7   0.1 3   0.0 365.3 0
PAF       127.3 235.5  50.4   0.1 3   0.0 999.9 0
PPT        81.9 132.9 332.0   0.1 3   0.0 999.9 0
RER       115.8 268.7  41.1   0.1 3   0.0 999.9 0
SCZ        54.8  73.9 313.1   0.1 3   0.0 999.9 0  20.0 3   0.0  58.8 0
SEY        11.4 339.6 152.3   0.1 3   0.0 999.9 0  20.0 3   0.0  40.4 0
SSB        80.4 343.5  14.3   0.1 3   0.0 999.9 0
TAM       101.9 337.1  15.0   0.1 3   0.0 999.9 0
UNM        80.6  70.4 322.4   0.1 3   0.0 999.9 0
WFM        74.8  37.3 329.9   0.1 3   0.0 165.3 0
WUS        54.1 293.1  48.2   0.1 3   0.0 999.9 0  20.0 3   4.6  64.6 0

  1992  4 10   3  1 41.2   -17.450   167.830   31.7  5.4  4.8  seed seed.dat                  041092A
BNG       147.2 250.0 115.6   0.1 3   0.0 999.9 0
CAN        24.5 219.6  48.1   0.1 3   0.0 999.9 0
CRZF       94.1 218.5 120.8   0.1 3   0.0 999.9 0
DRV        52.4 193.6  34.2   0.1 3   0.0 999.9 0
ECH       145.5 336.9  33.6   0.1 3   0.0 999.9 0
HYB        94.5 286.6 106.7   0.1 3   0.0 999.9 0
INU        60.2 331.1 145.6   0.1 3   0.0 999.9 0
KIP        51.2  42.3 223.6   0.1 3   0.0 999.9 0
MBO       174.5 124.7 237.5   0.1 3   0.0 999.9 0
NOUC        4.9 197.0  17.5   0.1 3   0.0 999.9 1   5.0 3   0.0  10.4 1
PAF        81.7 220.8 107.2   0.1 3   0.0 999.9 0
PPT        40.5  96.8 263.5   0.1 3   0.0 999.9 0
RER       103.1 242.5 114.9   0.1 3   0.0 999.9 0  20.0 3   0.0  54.3 0
SCZ        85.7  49.7 244.8   0.1 3   0.0 999.9 0
SEY        81.2 352.9 165.0   0.1 3   0.0 999.9 0  20.0 3  13.2  73.2 0
SSB       148.9 336.7  31.8   0.1 3   0.0 999.9 0
TAM       162.6 290.0  74.6   0.1 3   0.0 999.9 0
UNM        98.4  72.5 254.6   0.1 3   0.0 999.9 0
WUS       100.3 309.8 103.9   0.1 3   0.0 999.9 0

  1992  4 10   9 33  7.2   -33.680   -71.700   32.0  4.7  0.0  seed seed.dat                  041092B
BNG        92.6  86.6 236.6   0.1 3   0.0 999.9 0
CAN       101.3 212.8 146.4   0.1 3   0.0 999.9 0
CRZF       85.3 144.8 224.1   0.1 3   0.0 999.9 0
DRV        76.9 192.4 153.3   0.1 3   0.0 999.9 0
ECH       107.7  43.7 239.4   0.1 3   0.0 999.9 0
HYB       148.8 114.4 233.3   0.1 3   0.0 999.9 0
INU       156.3 281.3  93.4   0.1 3   0.0 999.9 0
KIP        98.7 289.7 122.5   0.1 3   0.0 867.7 0
MBO        70.8  57.1 226.2   0.1 3   0.0 999.9 0
NOUC      101.6 233.3 133.9   0.1 3   0.0 999.9 0
PAF        90.5 156.3 210.9   0.1 3   0.0 938.7 0
PPT        70.5 261.4 120.2   0.1 3   0.0 999.9 0
RER       105.9 129.8 223.4   0.1 3   0.0 999.9 0  20.0 3   0.0 256.9 1
SCZ        84.0 321.8 140.1   0.1 3   0.0 999.9 0
SEY       139.9 330.2  63.8   0.1 3   0.0 999.9 0
SSB       104.6  45.3 237.0   0.1 3   0.0 999.9 0
TAM        92.5  64.4 234.6   0.1 3   0.0 999.9 0
UNM        59.0 329.3 153.3   0.1 3   0.0 999.9 0
WUS       155.8  64.2 279.5   0.1 3   0.0 999.9 0

  1992  4 10  11 40 22.0   -11.520   165.890   17.6  4.9  0.0  seed seed.dat                  041092C
BNG       146.9 260.1 104.2   0.1 3   0.0 999.9 0
CAN        28.3 210.2  37.1   0.1 3   0.0 999.9 0
CRZF       97.6 219.5 115.6   0.1 3   0.0 999.9 0
DRV        57.8 191.9  30.4   0.1 3   0.0 999.9 0
ECH       139.3 338.1  32.8   0.1 3   0.0 999.9 0
HYB        90.9 287.4 101.6   0.1 3   0.0 999.9 0
INU        54.1 330.8 144.2   0.1 3   0.0 999.9 0
KIP        48.3  47.4 230.8   0.1 3   0.0 740.5 0
MBO       176.0  45.4 317.3   0.1 3   0.0 999.9 0
NOUC       10.6 177.9 357.8   0.1 3   0.0 999.9 0   5.0 3   0.0  11.7 0
PAF        85.0 220.7 101.9   0.1 3   0.0 811.5 0
PPT        43.4 103.4 271.6   0.1 3   0.0 999.9 0
RER       104.1 244.5 108.6   0.1 3   0.0 999.9 0  20.0 3   0.0 129.6 0
SCZ        83.4  50.7 250.6   0.1 3   0.0 999.9 0
SEY        75.1 353.6 166.2   0.1 3   0.0 999.9 0
SSB       142.7 338.0  30.9   0.1 3   0.0 999.9 0
TAM       158.2 303.1  61.7   0.1 3   0.0 999.9 0
UNM        98.4  72.0 260.9   0.1 3   0.0 999.9 0
WUS        95.0 310.8 100.6   0.1 3   0.0 999.9 0

  1992  4 10  16  1 51.8     5.340   125.820  108.4  5.1  0.0  seed seed.dat                  041092E
BNG       106.7 276.3  83.1   0.1 3   0.0 999.9 0
CAN        46.0 153.4 326.9   0.1 3   0.0 999.9 0
CRZF       82.9 222.1  74.8   0.1 3   0.0 999.9 0
DRV        72.6 174.1 345.1   0.1 3   0.0 999.9 0
ECH       104.5 322.7  64.3   0.1 3   0.0 999.9 0
HYB        47.7 288.6  98.7   0.1 3   0.0 999.9 0
INU        31.7  17.6 201.7   0.1 3   0.0 999.9 0
KIP        75.2  69.3 270.1   0.1 3   0.0 479.0 0  20.0 3   0.0  23.4 0
MBO       138.2 298.5  64.4   0.1 3   0.0 999.9 0
NOUC       48.1 126.0 299.7   0.1 3   0.0 999.9 0
PAF        72.7 214.4  59.5   0.1 3   0.0 550.0 0
PPT        86.5 107.9 276.6   0.1 3   0.0 999.9 0
RER        73.5 246.2  77.6   0.1 3   0.0 999.9 0  20.0 3   0.0 130.1 0
SCZ       104.8  50.1 288.5   0.1 3   0.0 999.9 0
SEY        60.7  13.6 210.7   0.1 3   0.0 999.9 0
SSB       107.4 320.8  62.9   0.1 3   0.0 999.9 0
TAM       115.3 298.2  71.8   0.1 3   0.0 999.9 0
UNM       129.3  59.7 294.6   0.1 3   0.0 999.9 0
WUS        54.8 317.8 117.6   0.1 3   0.0 999.9 0

  1992  4 10  16 15  0.4    -4.460   104.620  236.3  5.4  0.0  seed seed.dat                  041092F
BNG        86.4 274.7  94.7   0.1 3   0.0 999.9 0
CAN        51.2 132.8 296.4   0.1 3   0.0 999.9 0
CRZF       61.8 218.7  64.4   0.1 3   0.0 999.9 0
DRV        66.8 165.5 321.0   0.1 3   0.0 999.9 0
ECH        98.3 317.9  87.2   0.1 3   0.0 999.9 0
HYB        33.7 310.8 127.8   0.1 3   0.0 999.9 0
INU        50.0  34.9 224.3   0.1 3   0.0 999.9 0
KIP        98.5  69.1 268.7   0.1 3   0.0 465.8 0  20.0 3   0.0  10.3 0
MBO       121.7 284.0  86.2   0.1 3   0.0 999.9 0
NOUC       62.1 112.6 276.8   0.1 3   0.0 999.9 0
PAF        53.4 207.4  44.6   0.1 3   0.0 536.8 0
PPT       103.6 109.2 260.7   0.1 3   0.0 999.9 0
RER        50.2 246.2  77.8   0.1 3   0.0 999.9 0  20.0 3   0.0 117.0 0
SCZ       127.1  46.6 296.3   0.1 3   0.0 999.9 0
SEY        76.3  20.4 229.5   0.1 3   0.0 999.9 0
SSB       100.3 315.0  85.7   0.1 3   0.0 999.9 0
TAM       100.1 292.2  90.5   0.1 3   0.0 999.9 0
UNM       152.5  55.7 299.9   0.1 3   0.0 999.9 0
WUS        51.1 335.4 146.6   0.1 3   0.0 999.9 0

  1992  4 12  18 37 16.6    29.230   131.640   37.7  5.7  5.5  seed seed.dat                  041292A
BNG       107.7 285.9  57.5   0.1 3   0.0 211.6 0   1.0 3   4.2 134.2 0
CAN        66.4 164.5 343.4   0.1 3   0.0 999.9 0   1.0 3   0.9 130.9 0
CRZF      104.2 224.7  62.7   0.1 3   0.0 999.9 0   1.0 3   4.0 134.0 0
DRV        96.0 176.6 352.6   0.1 3   0.0 999.9 0   1.0 3   3.4 133.4 0
ECH        88.1 326.6  46.0   0.1 3   0.0 999.9 0   1.0 3   2.7 132.7 0  20.0 3  18.6  78.6 0
HYB        49.8 268.7  66.2   0.1 3   0.0 999.9 0   1.0 3   0.0 128.8 0  20.0 3   0.0  57.3 0
INU         7.6  35.4 218.3   0.1 3   0.0 999.9 0   1.0 3   0.0 121.8 0  20.0 3   0.0  35.3 0
KIP        63.2  79.2 292.9   0.1 3   0.0 999.9 0   1.0 3   1.4 131.4 0
MBO       127.0 320.9  34.7   0.1 3   0.0 672.5 0   1.0 3   5.6 135.6 0
NOUC       61.1 142.8 325.3   0.1 3   0.0 999.9 0   1.0 3   0.2 130.2 0   5.0 3   0.0  38.8 0
PAF        95.5 215.3  50.6   0.1 3   0.0 999.9 0   1.0 3   3.3 133.3 0
PPT        89.1 110.5 300.9   0.1 3   0.0 999.9 0   1.0 3   2.9 132.9 0
RER        88.7 245.0  58.1   0.1 3   0.0 999.9 0   1.0 3   2.9 132.9 0
SCZ        85.1  50.5 303.1   0.1 3   0.0 999.9 0   1.0 3   2.6 132.6 0  20.0 3  12.0  72.0 0
SEY        36.3  15.9 211.5   0.1 3   0.0 999.9 0   1.0 3   0.0 126.9 0
SSB        91.5 325.8  44.1   0.1 3   0.0 999.9 0   1.0 3   3.0 133.0 0  20.0 3  30.8  90.8 0
TAM       106.7 309.0  47.4   0.1 3   0.0 999.9 0   1.0 3   4.1 134.1 0
UNM       111.1  51.5 313.5   0.1 3   0.0 999.9 0   1.0 3   4.5 134.5 0  20.0 3  24.5  84.5 0
WUS        43.8 300.4  88.5   0.1 3   0.0 999.9 0   1.0 3   0.0 128.0 0  20.0 3   0.0  49.8 0

  1992  4 13   1 20  0.7    51.560     5.630   15.0  5.4  5.0  seed seed.dat                  041392A
BNG        48.3 162.6 349.2   0.1 3   9.0 908.8 0
CAN       149.3  71.9 312.8   0.1 3   0.0 999.9 0   1.0 3   9.9 139.9 0
CRZF      105.6 148.7 332.0   0.1 3   0.0 999.9 0   1.0 3   4.1 134.1 0
DRV       153.0 140.8 258.1   0.1 3   0.0 999.9 0   1.0 3   9.8 139.8 0
ECH         3.5 163.0 344.1   0.1 3   0.0 999.9 0   1.0 3   0.0 120.7 0  20.0 3   0.0  32.8 0
HYB        65.9  92.0 319.2   0.1 3   0.0 999.9 0   1.0 3   0.7 130.7 0  20.0 3  15.6  75.6 0
INU        83.4  38.0 332.0   0.1 3   0.0 999.9 0   1.0 3   2.5 132.5 0
KIP       105.8 344.2  10.5   0.1 3   0.0 999.9 0   1.0 3   5.2 135.2 0
MBO        41.3 214.4  21.3   0.1 3   0.0 269.8 0   1.0 3   0.0 127.7 0   5.0 3   0.0  30.0 0
NOUC      147.0  33.9 337.5   0.1 3   0.0 999.9 0   1.0 3   9.7 139.7 0
PAF       114.7 139.3 321.5   0.1 3   0.0 999.9 0   1.0 3   4.8 134.8 0
PPT       140.8 321.1  24.6   0.1 3   0.0 999.9 0   1.0 3   6.8 136.8 0
RER        84.8 133.9 331.2   0.1 3   0.0 999.9 0   1.0 3   2.6 132.6 0  20.0 3   0.0  74.0 1
SCZ        80.6 319.5  30.2   0.1 3   0.0 999.9 0   1.0 3   2.2 132.2 0  20.0 3  20.3  80.3 0
SEY        62.7  16.3 337.4   0.1 3   0.0 999.9 0   1.0 3   0.4 130.4 0
SSB         6.3 187.0   6.2   0.1 3   0.0 999.9 0   1.0 3   0.0 121.5 0  20.0 3   0.0  34.1 0
TAM        28.7 180.2   0.1   0.1 3   0.0 999.9 0   1.0 3   0.0 125.9 0  20.0 3   0.0  47.6 0
UNM        83.8 293.5  37.3   0.1 3   0.0 999.9 0   1.0 3   2.5 132.5 0
WUS        49.7  71.4 308.4   0.1 3   0.0 999.9 0   1.0 3   0.0 128.9 0  20.0 3   0.0  58.1 0

  1992  4 13   3 45 20.6   -37.790   -93.830   15.0  4.7  0.0  seed seed.dat                  041392B
BNG       110.3 100.8 231.4   0.1 3   0.0 763.5 0
CAN        86.7 226.6 135.2   0.1 3   0.0 999.9 0
CRZF       90.5 157.1 206.4   0.1 3   0.0 999.9 0
DRV        67.9 200.2 136.5   0.1 3   0.0 999.9 0
ECH       123.8  52.4 249.5   0.1 3   0.0 999.9 0
HYB       158.6 160.0 196.9   0.1 3   0.0 999.9 0
INU       139.5 282.1 108.5   0.1 3   0.0 999.9 0
KIP        84.4 302.4 134.1   0.1 3   0.0 999.9 0
MBO        88.7  70.9 230.6   0.1 3   0.0 124.5 0   5.0 3  24.7  56.7 0
NOUC       84.0 246.6 128.4   0.1 3   0.0 999.9 0
PAF        91.9 169.7 192.5   0.1 3   0.0 999.9 0
PPT        52.5 276.4 124.4   0.1 3   0.0 999.9 0
RER       114.6 148.8 206.1   0.1 3   0.0 999.9 0  20.0 3   0.0 124.7 0
SCZ        78.5 337.6 157.9   0.1 3   0.0 999.9 0
SEY       133.6 324.5  89.2   0.1 3   0.0 999.9 0
SSB       121.0  54.8 246.3   0.1 3   0.0 999.9 0
TAM       110.8  77.1 236.9   0.1 3   0.0 999.9 0
UNM        57.2 354.0 174.9   0.1 3   0.0 999.9 0
WUS       173.6  58.4 303.0   0.1 3   0.0 999.9 0

  1992  4 13   5 58 45.8    39.090   142.420   60.0  5.2  0.0  seed seed.dat                  041392D
BNG       112.5 296.5  44.4   0.1 3   0.0 630.1 0
CAN        74.5 174.4 354.7   0.1 3   0.0 999.9 0
CRZF      117.4 231.4  61.4   0.1 3   0.0 999.9 0
DRV       105.6 181.0   2.0   0.1 3   0.0 999.9 0
ECH        84.3 331.9  33.3   0.1 3   0.0 999.9 0
HYB        59.0 267.9  54.5   0.1 3   0.0 999.9 0
INU         5.7 230.7  47.5   0.1 3   0.0 999.9 0  20.0 3   0.0  33.8 0
KIP        53.4  90.9 303.4   0.1 3   0.0 999.9 0
NOUC       65.0 155.4 339.6   0.1 3   0.0 999.9 0   5.0 3   0.0  17.3 0
PAF       108.8 221.3  51.7   0.1 3   0.0 999.9 0
PPT        84.9 117.2 313.5   0.1 3   0.0 999.9 0
RER       100.6 251.6  52.3   0.1 3   0.0 999.9 0
SCZ        72.1  57.0 305.8   0.1 3   0.0 999.9 0
SEY        24.6  10.9 198.8   0.1 3   0.0 999.9 0  20.0 3   0.0  48.1 0
SSB        87.7 331.8  31.4   0.1 3   0.0 999.9 0
TAM       106.3 319.1  33.6   0.1 3   0.0 999.9 0
UNM        98.1  56.9 316.3   0.1 3   0.0 999.9 0
WUS        47.3 293.9  70.6   0.1 3   0.0 999.9 0

  1992  4 15   1 32  9.8    23.960    94.570  142.5  5.6  0.0  seed seed.dat                  041592A
BNG        75.4 268.5  66.5   0.1 3   0.0 999.9 0   1.0 3   1.5 131.5 0   5.0 3  16.8  48.8 0
CAN        78.4 137.1 310.4   0.1 3   0.0 999.9 0   1.0 3   1.9 131.9 0
CRZF       80.2 208.5  39.2   0.1 3   0.0 999.9 0   1.0 3   2.0 132.0 0
DRV        96.7 163.4 318.9   0.1 3   0.0 999.9 0   1.0 3   3.3 133.3 0
ECH        70.8 315.1  75.2   0.1 3   0.0 999.9 0   1.0 3   1.0 131.0 0  20.0 3   6.7  66.7 0
HYB        16.3 249.5  63.8   0.1 3   0.0 999.9 0   1.0 3   0.0 123.8 0  20.0 3   0.0  38.4 0
INU        38.3  62.8 264.6   0.1 3   0.0 999.9 0   1.0 3   0.0 127.1 0
KIP        96.2  63.3 298.7   0.1 3   0.0 999.9 0   1.0 3   4.2 134.2 0
MBO       103.0 292.5  60.8   0.1 3   0.0 372.7 0   1.0 3   3.7 133.7 0
NOUC       83.5 117.4 298.9   0.1 3   0.0 999.9 0   1.0 3   2.2 132.2 0
PAF        76.3 196.2  22.9   0.1 3   0.0 999.9 0   1.0 3   1.6 131.6 0
PPT       120.1  96.8 287.7   0.1 3   0.0 999.9 0   1.0 3   5.0 135.0 0
RER        58.7 223.3  42.2   0.1 3   0.0 999.9 0   1.0 3   0.0 129.9 0
SCZ       110.7  30.3 325.0   0.1 3   0.0 999.9 0   1.0 3   4.3 134.3 0
SEY        54.4  28.4 252.3   0.1 3   0.0 999.9 0   1.0 3   0.0 129.2 0
SSB        73.3 312.6  72.5   0.1 3   0.0 999.9 0   1.0 3   1.3 131.3 0
TAM        80.2 290.7  68.0   0.1 3   0.0 999.9 0   1.0 3   2.0 132.0 0
UNM       134.8  18.4 342.2   0.1 3   0.0 999.9 0   1.0 3   6.1 136.1 0  20.0 3  40.6 100.6 0
WUS        21.5 326.9 138.5   0.1 3   0.0 999.9 0   1.0 3   0.0 124.6 0  20.0 3   0.0  39.9 0

  1992  4 15   5 35  3.2    50.160  -175.900   15.0  5.6  4.8  seed seed.dat                  041592C
BNG       124.1 342.6  11.2   0.1 3   0.0 999.9 0   1.0 3   5.5 135.5 0
CAN        90.8 208.1  21.8   0.1 3   0.0 999.9 0   1.0 3   3.1 133.1 0
CRZF      148.5 258.7  66.1   0.1 3   0.0 999.9 0   1.0 3   9.7 139.7 0
DRV       121.4 199.0  31.7   0.1 3   0.0 999.9 0   1.0 3   5.2 135.2 0
ECH        81.8 357.9   2.0   0.1 3   0.0 999.9 0   1.0 3   2.2 132.2 0  20.0 3  10.8  70.8 0
HYB        86.3 293.0  38.3   0.1 3   0.0 999.9 0   1.0 3   2.6 132.6 0
INU        36.9 264.7  51.5   0.1 3   0.0 999.9 0   1.0 3   0.0 127.1 0
KIP        32.0 147.3 338.1   0.1 3   0.0 999.9 0   1.0 3   0.0 127.4 0  20.0 3   0.0  49.5 0
MBO       113.0  22.1 345.5   0.1 3   0.0 129.8 0   1.0 3   4.6 134.6 0   5.0 3  29.9  61.9 0
NOUC       73.8 197.2  11.8   0.1 3   0.0 999.9 0   1.0 3   1.5 131.5 0   5.0 3  13.0  41.0 0
PAF       138.6 245.1  63.1   0.1 3   0.0 999.9 0   1.0 3   6.5 136.5 0
PPT        71.5 153.4 342.5   0.1 3   0.0 999.9 0   1.0 3   1.3 131.3 0
RER       130.4 286.6  41.6   0.1 3   0.0 999.9 0   1.0 3   6.0 136.0 0  20.0 3  31.8  91.8 0
SCZ        40.9  87.8 307.0   0.1 3   0.0 999.9 0   1.0 3   0.0 127.7 0  20.0 3   0.0  52.2 0
SEY        21.3 318.7 111.9   0.1 3   0.0 999.9 0   1.0 3   0.0 124.7 0  20.0 3   0.0  43.8 0
SSB        84.8 359.7   0.3   0.1 3   0.0 999.9 0   1.0 3   2.5 132.5 0  20.0 3  13.1  73.1 0
TAM       107.2 358.6   1.0   0.1 3   0.0 999.9 0   1.0 3   4.2 134.2 0
UNM        66.9  87.0 317.2   0.1 3   0.0 999.9 0   1.0 3   0.8 130.8 0
WUS        67.7 308.1  42.1   0.1 3   0.0 999.9 0   1.0 3   0.9 130.9 0  20.0 3  12.1  72.1 0

  1992  4 15  10 38  7.0   -41.170   -91.720   15.0  5.0  5.1  seed seed.dat                  041592D
BNG       108.1 100.5 228.2   0.1 3   0.0 999.9 0
CAN        85.5 225.5 138.8   0.1 3   0.0 999.9 0
CRZF       86.8 155.8 206.6   0.1 3   0.0 999.9 0
DRV        65.3 200.1 139.4   0.1 3   0.0 999.9 0
ECH       124.5  53.5 245.1   0.1 3   0.0 999.9 0
HYB       154.9 158.0 197.6   0.1 3   0.0 999.9 0
INU       141.7 277.0 113.2   0.1 3   0.0 999.9 0
KIP        87.5 301.2 136.1   0.1 3   0.0 802.7 0
MBO        88.3  69.5 226.8   0.1 3   0.0 999.9 0   5.0 3   0.0  23.9 0
NOUC       84.2 245.6 132.2   0.1 3   0.0 999.9 0
PAF        88.3 168.3 193.5   0.1 3   0.0 999.9 0
PPT        54.5 277.4 128.4   0.1 3   0.0 999.9 0
RER       110.9 147.6 205.7   0.1 3   0.0 999.9 0  20.0 3  26.7  86.7 0
SCZ        82.2 336.2 157.8   0.1 3   0.0 999.9 0
SEY       137.3 322.4  90.2   0.1 3   0.0 999.9 0
SSB       121.6  55.7 242.0   0.1 3   0.0 999.9 0
TAM       110.0  77.1 233.0   0.1 3   0.0 999.9 0
UNM        60.7 351.9 173.5   0.1 3   0.0 999.9 0
WUS       173.2  90.0 270.5   0.1 3   0.0 999.9 0

  1992  4 15  19 43 49.4    -3.340   143.210   43.8  5.4  0.0  seed seed.dat                  041592E
BNG       124.8 273.0  90.9   0.1 3   0.0 999.9 0
CAN        32.3 171.1 349.1   0.1 3   0.0 999.9 0
CRZF       88.5 223.8  93.5   0.1 3   0.0 999.9 0
DRV        63.3 181.4   3.6   0.1 3   0.0 999.9 0
ECH       121.5 327.0  54.1   0.1 3   0.0 999.9 0
HYB        67.0 290.4 101.4   0.1 3   0.0 999.9 0
INU        39.0 351.9 170.1   0.1 3   0.0 999.9 0
KIP        62.6  63.9 254.3   0.1 3   0.0 257.0 0
MBO       157.5 300.4  62.2   0.1 3   0.0 999.9 0
NOUC       29.2 131.7 306.5   0.1 3   0.0 999.9 0   5.0 3   0.0  24.2 0
PAF        76.4 220.0  79.3   0.1 3   0.0 999.9 0
PPT        67.3 107.6 273.7   0.1 3   0.0 999.9 0
RER        86.4 249.1  92.3   0.1 3   0.0 999.9 0
SCZ        96.3  53.7 270.7   0.1 3   0.0 999.9 0  20.0 3  17.5  77.5 0
SEY        66.5   4.6 190.0   0.1 3   0.0 999.9 0  20.0 3   0.0  43.1 0
SSB       124.7 325.4  53.1   0.1 3   0.0 999.9 0
TAM       134.7 299.0  70.7   0.1 3   0.0 999.9 0
UNM       117.1  70.1 276.5   0.1 3   0.0 999.9 0
WUS        73.0 314.8 110.1   0.1 3   0.0 999.9 0

  1992  4 16   8  0 55.5     1.450   122.680   24.9  5.7  5.6  seed seed.dat                  041692A
BNG       104.0 274.9  87.4   0.1 3   0.0 887.9 0   1.0 3   4.0 134.0 0   5.0 3  28.1  60.1 0
CAN        44.2 148.6 320.4   0.1 3   0.0 999.9 0   1.0 3   0.0 128.2 0  20.0 3   0.0  59.8 0
CRZF       78.0 221.9  75.1   0.1 3   0.0 999.9 0   1.0 3   1.9 131.9 0   5.0 3  15.1  43.1 0
DRV        69.1 172.7 341.4   0.1 3   0.0 999.9 0   1.0 3   1.0 131.0 0  20.0 3   0.0  52.8 0
ECH       105.6 321.2  69.3   0.1 3   0.0 999.9 0   1.0 3   4.0 134.0 0  20.0 3   0.0  59.9 0
HYB        46.2 292.9 105.2   0.1 3   0.0 958.9 0   1.0 3   0.0 128.4 0  20.0 3   0.0 107.7 0
INU        36.4  20.0 204.8   0.1 3   0.0 999.9 0   1.0 3   0.0 127.0 0  20.0 3   0.0  49.7 0
KIP        79.5  68.6 267.5   0.1 3   0.0 999.9 0   1.0 3   3.1 133.1 0
MBO       137.0 292.9  71.6   0.1 3   0.0 999.9 0   1.0 3   6.4 136.4 0
NOUC       48.6 121.4 293.0   0.1 3   0.0 999.9 0   1.0 3   0.0 128.6 0   5.0 3   0.0  39.1 0
PAF        67.8 214.1  59.1   0.1 3   0.0 999.9 0   1.0 3   0.8 130.8 0   5.0 3   3.1  47.1 0
PPT        88.3 107.5 271.9   0.1 3   0.0 999.9 0   1.0 3   2.8 132.8 0
RER        69.1 246.8  80.0   0.1 3   0.0 999.9 0   1.0 3   1.1 131.1 0
SCZ       109.6  50.2 287.5   0.1 3   0.0 999.9 0   1.0 3   4.4 134.4 0  20.0 3   0.4  60.4 0
SEY        65.3  14.5 213.1   0.1 3   0.0 999.9 0   1.0 3   0.6 130.6 0  20.0 3   8.0  68.0 0
SSB       108.3 319.0  68.0   0.1 3   0.0 999.9 0   1.0 3   4.3 134.3 0  20.0 3  35.2  95.2 0
TAM       114.3 295.7  77.2   0.1 3   0.0 999.9 0   1.0 3   4.7 134.7 0  20.0 3  38.7  98.7 0
UNM       134.0  61.2 292.2   0.1 3   0.0 999.9 0   1.0 3   6.2 136.2 0  20.0 3   0.0 114.8 0
WUS        55.7 321.1 123.5   0.1 3   0.0 999.9 0   1.0 3   0.0 129.6 0  20.0 3   0.0 101.2 0

  1992  4 16  18 33  4.6   -20.300   -68.920  130.1  5.6  0.0  seed seed.dat                  041692C
BNG        89.2  85.1 249.7   0.1 3   0.0 255.8 0   1.0 3   2.7 132.7 0   5.0 3  19.9  51.9 0
CAN       113.9 213.3 141.0   0.1 3   0.0 999.9 0   1.0 3   4.7 134.7 0
CRZF       94.7 143.5 233.9   0.1 3   0.0 999.9 0   1.0 3   3.1 133.1 0
DRV        90.5 191.1 153.1   0.1 3   0.0 999.9 0   1.0 3   2.8 132.8 0
ECH        96.1  40.8 246.6   0.1 3   0.0 999.9 0   1.0 3   3.1 133.1 0  20.0 3  16.8  76.8 0
HYB       149.1  90.3 259.9   0.1 3   0.0 326.8 0   1.0 3   9.5 139.5 0
INU       152.7 308.3  62.9   0.1 3   0.0 999.9 0   1.0 3   9.6 139.6 0
KIP        96.4 290.2 109.1   0.1 3   0.0 999.9 0   1.0 3   4.3 134.3 0  20.0 3  19.5  79.5 0
MBO        61.7  60.2 237.2   0.1 3   0.0 388.7 0   1.0 3   0.0 130.0 0   5.0 3   0.9  40.9 0
NOUC      111.5 234.8 124.2   0.1 3   0.0 999.9 0   1.0 3   4.4 134.4 0
PAF       101.6 154.2 218.7   0.1 3   0.0 999.9 0   1.0 3   3.7 133.7 0
PPT        75.6 256.3 107.1   0.1 3   0.0 999.9 0   1.0 3   1.6 131.6 0
RER       111.9 124.3 236.2   0.1 3   0.0 999.9 0   1.0 3   4.5 134.5 0
SCZ        75.3 318.6 129.5   0.1 3   0.0 999.9 0   1.0 3   1.5 131.5 0  20.0 3  10.2  70.2 0
SEY       129.0 337.0  52.6   0.1 3   0.0 999.9 0   1.0 3   5.6 135.6 0
SSB        93.3  42.8 244.5   0.1 3   0.0 999.9 0   1.0 3   3.0 133.0 0  20.0 3  17.0  77.0 0
TAM        84.4  63.4 245.5   0.1 3   0.0 999.9 0   1.0 3   2.3 132.3 0
UNM        49.4 321.1 141.4   0.1 3   0.0 999.9 0   1.0 3   0.0 128.6 0  20.0 3   0.0  41.7 0
WUS       145.9  45.5 298.5   0.1 3   0.0 999.9 0   1.0 3   9.4 139.4 0  20.0 3  44.0 104.0 0

  1992  4 16  23 54  4.5    -5.650   149.170  139.8  5.8  0.0  seed seed.dat                  041692D
BNG       130.8 270.9  93.6   1.0 3   5.7  34.9 0
CAN        29.6 180.3   0.3   0.1 3   0.0 999.9 0   1.0 3   0.0 156.0 0  20.0 3   0.0  46.7 0
CRZF       90.9 223.3  99.3   0.1 3   0.0 999.9 0   1.0 3   2.8 162.8 0
DRV        61.3 184.1  10.4   0.1 3   0.0 999.9 0   1.0 3   0.0 160.0 0  20.0 3   1.7  61.7 0
ECH       126.6 329.1  49.5   0.1 3   0.0 999.9 0   1.0 3   5.4 165.4 0  20.0 3  33.8  93.8 0
HYB        73.4 289.9 101.5   0.1 3   0.0 999.9 1   1.0 3   1.3  62.3 0
INU        42.5 345.2 161.9   0.1 3   0.0 999.9 0   1.0 3   0.0 157.6 0
KIP        58.4  60.7 248.7   0.1 3   0.0 999.9 0   1.0 3   0.7 160.7 0
MBO       163.8 303.3  58.4   0.1 3   0.0  67.7 0   1.0 3   9.8  87.9 0
NOUC       23.3 136.3 312.1   0.1 3   0.0 999.9 0   1.0 3   5.9 140.9 0   5.0 3   0.0  17.9 0
PAF        78.5 220.9  85.5   0.1 3   0.0 999.9 0   1.0 3   1.7 161.7 0   5.0 3  17.9  45.9 1
PPT        60.9 106.9 273.2   0.1 3   0.0 999.9 0   1.0 3   0.0 160.0 0
RER        91.2 248.7  96.6   0.1 3   0.0 999.9 0   1.0 3   2.9 162.9 0  20.0 3   0.0  27.1 0
SCZ        92.9  53.7 265.3   0.1 3   0.0 999.9 0   1.0 3   2.9 162.9 0  20.0 3  15.2  75.2 0
SEY        68.5   1.6 183.4   0.1 3   0.0 999.9 0   1.0 3   0.7 160.7 0
SSB       129.9 327.7  48.4   0.1 3   0.0 999.9 0   1.0 3   5.7 165.7 0
TAM       141.0 299.5  69.3   0.1 3   0.0 999.9 0   1.0 3   6.5 166.5 0
UNM       112.3  71.6 271.9   0.1 3   0.0 999.9 0   1.0 3   4.4 164.4 0
WUS        78.9 313.7 107.5   0.1 3   0.0 999.9 0   1.0 3   1.8 161.8 0  20.0 3  11.0  71.0 0

  1992  4 18   9 16 53.6    -5.880   102.930   17.0  5.7  6.4  seed seed.dat                  041892A
BNG        84.9 274.9  96.3   0.1 3   0.0 999.9 0   1.0 3  11.1 342.5 0   5.0 3   3.1  75.1 1
CAN        51.5 131.2 293.6   0.1 3   0.0 999.9 0   1.0 3   0.0 339.2 0  20.0 3   0.0  51.9 0
CRZF       59.6 218.6  63.9   0.1 3   0.0 999.9 0   1.0 3   0.0 340.0 0   5.0 3   0.0  95.1 0
DRV        65.9 164.7 318.8   0.1 3   0.0 999.9 0   1.0 3   0.7 340.7 0  20.0 3   0.0 222.9 0
ECH        98.2 317.7  89.4   0.1 3   0.0 999.9 0   1.0 3   3.5 343.5 0  20.0 3   0.0  46.0 0
HYB        33.5 314.3 131.7   0.1 3   0.0 999.9 0   1.0 3   0.0 336.6 0  20.0 3   0.0  38.0 0
INU        52.1  35.5 225.1   0.1 3   0.0 999.9 0   1.0 3   0.0 339.0 0  20.0 3   0.0  39.7 0
KIP       100.5  69.4 267.9   0.1 3   0.0 999.9 0   1.0 3   4.7 344.7 0  20.0 3  23.7  83.7 0
MBO       120.4 283.1  88.3   0.1 3   0.0 999.9 0   1.0 3   5.2 345.2 0   5.0 3   0.0 151.1 0
NOUC       63.2 111.7 274.6   0.1 3   0.0 962.9 0   1.0 3   0.4 340.4 0   5.0 3   0.0  87.1 0
PAF        51.4 206.9  43.6   0.1 3   0.0 999.9 0   1.0 3   0.0 339.1 0   5.0 3   0.0 115.1 0
PPT       104.7 109.9 258.7   0.1 3   0.0 999.9 0   1.0 3   4.0 344.0 0
RER        48.1 246.9  78.6   0.1 3   0.0 999.9 0   1.0 3   0.0 338.7 0  20.0 3   0.0  50.3 0
SCZ       129.2  46.7 296.4   0.1 3   0.0 999.9 0   1.0 3   5.8 345.8 0  20.0 3   0.0  53.4 0
SEY        78.2  20.8 230.7   0.1 3   0.0 999.9 0   1.0 3   1.9 341.9 0
SSB       100.1 314.8  88.0   0.1 3   0.0 999.9 0   1.0 3   3.7 343.7 0  20.0 3   0.0  50.2 0
TAM        99.1 292.0  92.4   0.1 3   0.0 999.9 0   1.0 3   3.6 343.6 0  20.0 3   0.0  58.7 0
UNM       154.6  56.3 299.4   0.1 3   0.0 999.9 0   1.0 3   9.8 349.8 0  20.0 3   0.0  51.9 0
WUS        51.7 337.2 149.3   0.1 3   0.0 999.9 0   1.0 3   0.0 339.0 0  20.0 3   0.0  40.9 0

  1992  4 18  14 28 13.4    -5.500   103.020   15.0  5.3  0.0  seed seed.dat                  041892C
BNG        84.9 274.9  95.9   0.1 3   0.0 999.9 0   1.0 3   0.0  31.2 0
CAN        51.7 131.4 294.0   0.1 3   0.0 999.9 0   1.0 3   0.0  27.9 0
CRZF       60.0 218.5  63.7   0.1 3   0.0 999.9 0   1.0 3   0.0  28.7 0
DRV        66.2 164.8 319.0   0.1 3   0.0 999.9 0   1.0 3   0.0  29.4 0
ECH        98.0 317.8  89.1   0.1 3   0.0 999.9 0   1.0 3   0.0  32.1 0
HYB        33.3 313.8 131.1   0.1 3   0.0 999.9 0   1.0 3   0.0  25.2 0
INU        51.8  35.6 225.3   0.1 3   0.0 999.9 0   1.0 3   0.0  27.7 0
KIP       100.3  69.3 268.3   0.1 3   0.0 999.9 0   1.0 3   0.0  33.4 0
MBO       120.4 283.3  87.8   0.1 3   0.0 999.9 0   1.0 3   0.0  33.8 0
NOUC       63.2 111.9 275.0   0.1 3   0.0 651.6 0   1.0 3   0.0  29.1 0
PAF        51.8 206.8  43.4   0.1 3   0.0 999.9 0   1.0 3   0.0  27.7 0
PPT       104.8 109.7 259.1   0.1 3   0.0 999.9 0   1.0 3   0.0  32.7 0
RER        48.4 246.6  78.2   0.1 3   0.0 999.9 0   1.0 3   0.0  27.4 0  20.0 3   0.0  53.0 0
SCZ       128.9  46.5 296.7   0.1 3   0.0 999.9 0   1.0 3   0.0  34.5 0
SEY        77.8  20.8 230.7   0.1 3   0.0 999.9 0   1.0 3   0.0  30.5 0
SSB        99.9 314.8  87.6   0.1 3   0.0 999.9 0   1.0 3   0.0  32.4 0
TAM        99.0 292.1  92.0   0.1 3   0.0 999.9 0   1.0 3   0.0  32.3 0
UNM       154.4  55.7 300.0   0.1 3   0.0 999.9 0   1.0 3   0.0  38.5 0
WUS        51.4 337.0 149.0   0.1 3   0.0 999.9 0   1.0 3   0.0  27.7 0

  1992  4 19  18 32 19.9    23.780   121.590   30.8  5.9  6.1  seed seed.dat                  041992C
BNG       100.1 279.6  65.0   0.1 3   0.0 195.5 0   1.0 3  35.7 253.7 0   5.0 3  15.7  87.7 0
CAN        64.4 155.3 332.0   0.1 3   0.0 999.9 0   1.0 3   0.7 250.7 0  20.0 3  10.4  70.4 0
CRZF       94.1 220.7  59.7   0.1 3   0.0 999.9 0   1.0 3   3.3 253.3 0   5.0 3   3.7  55.7 0
DRV        91.4 172.7 343.1   0.1 3   0.0 999.9 0   1.0 3   3.1 253.1 0  20.0 3   2.4  62.4 0
ECH        87.3 322.5  56.5   0.1 3   0.0 999.9 0   1.0 3   2.7 252.7 0  20.0 3   0.0  44.5 0
HYB        40.6 269.4  73.6   0.1 3   0.0 999.9 0   1.0 3   0.0 247.6 0  20.0 3   0.0 105.6 0
INU        17.7  45.8 233.5   0.1 3   0.0 999.9 0   1.0 3   0.0 244.1 0  20.0 3   0.0  36.3 0
KIP        73.2  73.5 289.5   0.1 3   0.0 999.9 0   1.0 3   2.5  34.4 0  20.0 3   8.3  45.3 3
MBO       124.4 309.1  47.2   0.1 3   0.0 817.5 0   1.0 3   5.5 255.5 0   5.0 3  11.7  99.7 0
PAF        86.1 210.9  46.0   0.1 3   0.0 999.9 0   1.0 3   2.6 252.6 0   5.0 3   3.7  67.7 0
PPT        95.9 106.4 292.8   0.1 3   0.0 999.9 0   1.0 3   3.4 253.4 0
RER        78.2 240.6  58.8   0.1 3   0.0 999.9 0   1.0 3   2.0 252.0 0  20.0 3   0.0  56.8 0
SCZ        95.5  46.0 305.1   0.1 3   0.0 999.9 0   1.0 3   3.4 253.4 0  20.0 3   0.0  44.9 0
SEY        44.2  19.6 222.3   0.1 3   0.0 999.9 0   1.0 3   0.0 248.1 0  20.0 3   0.0  42.6 0
SSB        90.5 321.1  54.5   0.1 3   0.0 999.9 0   1.0 3   3.0 253.0 0  20.0 3   6.8 126.8 0
TAM       102.5 302.0  57.3   0.1 3   0.0 999.9 0   1.0 3   3.9 253.9 0  20.0 3   0.0 109.3 0
UNM       121.5  46.2 315.6   0.1 3   0.0 999.9 0   1.0 3   5.3 255.3 0  20.0 3   0.0  52.4 0
WUS        39.3 306.6 102.8   0.1 3   0.0 999.9 0   1.0 3   0.0 247.5 0  20.0 3   0.0  99.4 0

  1992  4 20   2 36 38.4   -22.400   170.200   17.6  5.3  5.4  seed seed.dat                  042092A
BNG       147.2 240.7 125.6   0.1 3   0.0 999.9 0   1.0 3   9.6 139.6 0
CAN        22.5 230.5  60.9   0.1 3   0.0 999.9 0   1.0 3   0.0 125.1 0  20.0 3   0.0  40.1 0
CRZF       91.6 217.4 125.6   0.1 3   0.0 999.9 0   1.0 3   3.1 133.1 0   5.0 3  23.4  51.4 0
DRV        48.2 195.6  38.6   0.1 3   0.0 999.9 0   1.0 3   0.0 128.6 0  20.0 3   0.0  48.1 0
ECH       150.9 336.1  33.3   0.1 3   0.0 999.9 0   1.0 3   9.7 139.7 0
HYB        98.0 285.4 110.8   0.1 3   0.0 999.9 0   1.0 3   3.6 133.6 0
INU        65.6 330.5 146.1   0.1 3   0.0 999.9 0   1.0 3   0.7 130.7 0  20.0 3   8.0  68.0 0
KIP        53.6  37.7 217.4   0.1 3   0.0 999.9 0   1.0 3   0.2 130.2 0  20.0 3   0.0  60.0 0
MBO       169.5 139.3 220.0   0.1 3   0.0 333.2 0   1.0 3  10.1 140.1 0
NOUC        3.6 274.0  95.4   0.1 3   0.0 999.9 0   1.0 3   0.0 120.9 0   5.0 3   0.0  25.4 0
PAF        79.4 220.8 112.2   0.1 3   0.0 999.9 0   1.0 3   2.1 132.1 0   5.0 3  15.4  47.4 0
PPT        38.0  90.2 255.9   0.1 3   0.0 999.9 0   1.0 3   0.0 127.2 0
RER       102.7 240.5 120.4   0.1 3   0.0 999.9 0   1.0 3   4.0 134.0 0
SCZ        87.3  48.6 239.6   0.1 3   0.0 999.9 0   1.0 3   2.7 132.7 0  20.0 3   0.0  56.6 0
SEY        86.4 351.9 163.5   0.1 3   0.0 999.9 0   1.0 3   2.6 132.6 0
SSB       154.3 335.9  31.5   0.1 3   0.0 999.9 0   1.0 3   9.8 139.8 0
TAM       165.8 273.4  90.3   0.1 3   0.0 999.9 0   1.0 3  10.1 140.1 0
UNM        97.8  72.5 249.2   0.1 3   0.0 863.9 0   1.0 3   3.5 133.5 0  20.0 3  18.1  78.1 0
WUS       105.2 308.5 106.3   0.1 3   0.0 999.9 0   1.0 3   4.1 134.1 0

  1992  4 20  13 42 56.1    -7.810   130.470   45.3  5.2  4.8  seed seed.dat                  042092C
BNG       112.3 271.5  96.5   0.1 3   0.0 444.9 0
CAN        32.3 150.8 323.8   0.1 3   0.0 999.9 0  20.0 3   0.0  51.8 0
CRZF       76.5 224.2  87.3   0.1 3   0.0 999.9 0
DRV        59.2 175.6 349.0   0.1 3   0.0 999.9 0  20.0 3   1.8  61.8 0
ECH       117.7 320.8  68.9   0.1 3   0.0 999.9 0
HYB        57.1 296.4 111.7   0.1 3   0.0 999.9 0  20.0 3   3.0  63.0 0
INU        43.5   7.8 189.5   0.1 3   0.0 999.9 0  20.0 3   0.0  53.7 0
KIP        75.9  65.7 255.8   0.1 3   0.0 999.9 0
MBO       147.4 284.3  81.6   0.1 3   0.0 999.9 0
NOUC       37.3 116.4 286.8   0.1 3   0.0 860.9 0   5.0 3   0.0  27.1 0
PAF        64.9 218.8  71.9   0.1 3   0.0 999.9 0   5.0 3   9.1  41.1 0
PPT        78.1 106.3 265.4   0.1 3   0.0 999.9 0
RER        73.0 250.3  92.0   0.1 3   0.0 999.9 0
SCZ       109.2  54.1 274.8   0.1 3   0.0 999.9 0  20.0 3  23.3  83.3 0
SEY        72.6  10.3 202.8   0.1 3   0.0 999.9 0  20.0 3  10.0  70.0 0
SSB       120.4 318.4  68.2   0.1 3   0.0 999.9 0
TAM       125.2 292.2  83.1   0.1 3   0.0 999.9 0
UNM       130.6  71.4 276.6   0.1 3   0.0 197.6 0
WUS        67.8 320.5 123.3   0.1 3   0.0 999.9 0  20.0 3   9.8  69.8 0

  1992  4 20  21 39 26.0   -28.200   -12.770   15.0  4.9  4.9  seed seed.dat                  042092E
BNG        44.4  48.0 221.1   5.0 3   0.6  28.6 0
CAN       114.4 163.7 197.6   0.1 3   0.0 999.9 0
CRZF       53.0 128.6 266.2   0.1 3   0.0 999.9 0
DRV        83.1 169.5 203.9   0.1 3   0.0 999.9 0  20.0 3   0.0  31.3 0
ECH        78.3  13.5 198.0   0.1 3   0.0 999.9 0
HYB        99.2  75.4 243.5   0.1 3   0.0 999.9 0
INU       153.4  67.4 277.8   0.1 3   0.0 999.9 0
KIP       147.8 265.2 108.7   0.1 3   0.0 999.9 0
MBO        42.7 354.0 174.5   0.1 3   0.0 999.9 0
NOUC      129.8 178.9 181.1   0.1 3   0.0 384.4 0
PAF        64.7 134.2 255.4   0.1 3   0.0 999.9 0
PPT       118.1 227.6 136.8   0.1 3   0.0 999.9 0
RER        61.9 100.3 248.5   0.1 3   0.0 999.9 0
SCZ       120.5 297.6 103.8   0.1 3   0.0 999.9 0
SEY       143.9  11.6 337.6   0.1 3   0.0 999.9 0
SSB        75.0  12.6 195.8   0.1 3   0.0 999.9 0
TAM        53.8  21.1 200.1   0.1 3   0.0 999.9 0  20.0 3   0.0  58.2 0
UNM        95.9 288.5 117.6   0.1 3   0.0 999.9 0  20.0 3  20.2  80.2 0
WUS       109.4  53.3 249.5   0.1 3   0.0 999.9 0
