PKP (BC) Tables for isotropic 1s PREM good to nearest 0.1 sec 
   38   16
           0.000  15.000  50.000 100.000 150.000 200.000 250.000 300.000 350.000 400.000 450.000 500.000 550.000 600.000 650.000 700.000
 143.000   0.000   0.000   0.000   0.000   0.000   0.000   0.000   0.000   0.000   0.000   0.000   0.000   0.000   0.000   0.000   0.000
 144.000   0.000   0.000   0.000   0.000   0.000   0.000   0.000   0.000   0.000   0.000  18.680  18.597  18.517  18.440  18.365  18.292
 145.000   0.000   0.000  19.493  19.393  19.293  19.193  19.098  19.007  18.915  18.827  18.742  18.660  18.580  18.503  18.428  18.357
 146.000  19.670  19.627  19.553  19.455  19.355  19.255  19.160  19.068  18.978  18.890  18.805  18.723  18.645  18.568  18.493  18.422
 147.000  19.733  19.690  19.618  19.518  19.420  19.320  19.225  19.133  19.043  18.955  18.872  18.790  18.712  18.635  18.560  18.488
 148.000  19.798  19.755  19.683  19.585  19.485  19.387  19.292  19.200  19.110  19.022  18.938  18.857  18.778  18.702  18.628  18.557
 149.000  19.865  19.822  19.750  19.652  19.552  19.453  19.358  19.268  19.178  19.090  19.007  18.925  18.847  18.770  18.697  18.625
 150.000  19.932  19.890  19.817  19.718  19.620  19.522  19.427  19.335  19.247  19.158  19.075  18.993  18.915  18.840  18.765  18.695
 151.000  20.000  19.958  19.885  19.787  19.688  19.590  19.495  19.405  19.315  19.227  19.143  19.063  18.985  18.908  18.835  18.765
 152.000  20.068  20.027  19.955  19.857  19.758  19.658  19.565  19.473  19.385  19.297  19.213  19.133  19.055  18.980  18.905  18.835
 153.000  20.138  20.097  20.023  19.927  19.827  19.728  19.635  19.543  19.455  19.367  19.283  19.203  19.125  19.050  18.977  18.905
 154.000  20.208  20.167  20.093  19.997  19.898  19.798  19.705  19.615  19.525  19.438  19.355  19.273  19.197  19.120  19.047  18.977
 155.000  20.278  20.237  20.165  20.067  19.968  19.870  19.775  19.685  19.597  19.508  19.425  19.345  19.267  19.192  19.118  19.048
 156.000  20.350  20.308  20.235  20.138  20.040  19.940  19.847  19.757  19.668  19.580  19.497  19.417  19.338  19.263  19.190  19.120
 157.000  20.422  20.378  20.307  20.208  20.110  20.012  19.918  19.828  19.738  19.652  19.568  19.488  19.410  19.335  19.262  19.192
 158.000  20.493  20.450  20.378  20.280  20.182  20.083  19.990  19.900  19.812  19.723  19.640  19.560  19.483  19.408  19.335  19.265
 159.000  20.565  20.522  20.450  20.352  20.255  20.157  20.062  19.972  19.883  19.795  19.713  19.632  19.555  19.480  19.407  19.337
 160.000  20.637  20.595  20.522  20.425  20.327  20.228  20.133  20.043  19.955  19.868  19.785  19.705  19.627  19.552  19.480  19.410
 161.000  20.708  20.667  20.595  20.497  20.398  20.300  20.207  20.117  20.028  19.940  19.858  19.778  19.700  19.625  19.552  19.482
 162.000  20.782  20.740  20.667  20.570  20.472  20.373  20.280  20.190  20.100  20.013  19.930  19.850  19.773  19.698  19.625  19.555
 163.000  20.853  20.812  20.740  20.642  20.545  20.447  20.352  20.262  20.173  20.087  20.003  19.923  19.847  19.772  19.698  19.628
 164.000  20.927  20.885  20.813  20.715  20.617  20.518  20.425  20.335  20.247  20.160  20.077  19.997  19.918  19.845  19.772  19.702
 165.000  21.000  20.958  20.887  20.788  20.690  20.592  20.498  20.408  20.320  20.232  20.150  20.070  19.992  19.918  19.845  19.775
 166.000  21.073  21.032  20.958  20.862  20.763  20.665  20.572  20.482  20.393  20.305  20.223  20.143  20.065  19.992  19.918  19.848
 167.000  21.147  21.105  21.032  20.935  20.837  20.738  20.645  20.555  20.467  20.378  20.297  20.217  20.140  20.065  19.992  19.922
 168.000  21.220  21.178  21.105  21.008  20.910  20.812  20.718  20.628  20.540  20.453  20.370  20.290  20.213  20.138  20.065  19.995
 169.000  21.293  21.252  21.180  21.082  20.983  20.885  20.792  20.702  20.613  20.527  20.443  20.363  20.287  20.212  20.138  20.068
 170.000  21.367  21.325  21.253  21.155  21.057  20.958  20.865  20.775  20.687  20.600  20.517  20.437  20.360  20.285  20.212  20.143
 171.000  21.440  21.398  21.327  21.228  21.132  21.033  20.938  20.850  20.760  20.673  20.590  20.512  20.433  20.358  20.287  20.217
 172.000  21.513  21.472  21.400  21.302  21.205  21.107  21.013  20.923  20.835  20.747  20.665  20.585  20.507  20.433  20.360  20.290
 173.000  21.588  21.545  21.473  21.377  21.278  21.180  21.087  20.997  20.908  20.822  20.738  20.658  20.582  20.507  20.433  20.363
 174.000  21.662  21.620  21.547  21.450  21.352  21.253  21.160  21.070  20.982  20.895  20.812  20.732  20.655  20.580  20.507  20.438
 175.000  21.735  21.693  21.622  21.523  21.425  21.328  21.233  21.143  21.055  20.968  20.885  20.807  20.728  20.653  20.582  20.512
 176.000  21.808  21.767  21.695  21.597  21.500  21.402  21.308  21.218  21.130  21.042  20.960  20.880  20.802  20.728  20.655  20.585
 177.000  21.883  21.840  21.768  21.672  21.573  21.475  21.382  21.292  21.203  21.117  21.033  20.953  20.877  20.802  20.728  20.658
 178.000  21.957  21.915  21.843  21.745  21.647  21.548  21.455  21.365  21.277  21.190  21.107  21.027  20.950  20.875  20.802  20.733
 179.000  22.030  21.988  21.917  21.818  21.722  21.623  21.528  21.440  21.352  21.263  21.182  21.102  21.023  20.950  20.877  20.807
 180.000  22.103  22.062  21.990  21.892  21.793  21.697  21.602  21.512  21.423  21.337  21.253  21.173  21.097  21.022  20.950  20.880
