PKIKP Tables for isotropic 1s PREM good to nearest 0.1 sec 
   71   16
           0.000  15.000  50.000 100.000 150.000 200.000 250.000 300.000 350.000 400.000 450.000 500.000 550.000 600.000 650.000 700.000
 110.000   0.000   0.000   0.000   0.000   0.000   0.000   0.000   0.000   0.000   0.000   0.000   0.000   0.000   0.000   0.000   0.000
 111.000   0.000   0.000   0.000   0.000   0.000   0.000   0.000   0.000   0.000   0.000   0.000   0.000   0.000   0.000   0.000   0.000
 112.000   0.000   0.000   0.000   0.000   0.000   0.000   0.000   0.000   0.000   0.000   0.000   0.000   0.000   0.000   0.000   0.000
 113.000   0.000   0.000   0.000   0.000   0.000   0.000   0.000   0.000   0.000   0.000   0.000   0.000   0.000   0.000   0.000   0.000
 114.000   0.000   0.000   0.000   0.000   0.000   0.000   0.000   0.000   0.000   0.000   0.000   0.000   0.000   0.000   0.000   0.000
 115.000   0.000   0.000   0.000   0.000   0.000   0.000   0.000   0.000   0.000   0.000   0.000   0.000   0.000   0.000   0.000   0.000
 116.000   0.000   0.000   0.000   0.000   0.000   0.000   0.000   0.000   0.000   0.000   0.000   0.000   0.000   0.000   0.000   0.000
 117.000   0.000   0.000   0.000   0.000   0.000  18.313  18.213  18.118  18.025  17.932  17.843  17.757  17.673  17.592  17.512  17.435
 118.000  18.770  18.727  18.652  18.550  18.448  18.345  18.247  18.152  18.057  17.965  17.875  17.790  17.705  17.625  17.543  17.467
 119.000  18.802  18.760  18.685  18.582  18.480  18.377  18.278  18.183  18.090  17.997  17.908  17.822  17.738  17.657  17.577  17.498
 120.000  18.835  18.792  18.717  18.615  18.512  18.410  18.310  18.215  18.122  18.028  17.940  17.853  17.770  17.688  17.608  17.532
 121.000  18.867  18.823  18.748  18.647  18.545  18.442  18.343  18.248  18.153  18.062  17.972  17.887  17.802  17.720  17.640  17.563
 122.000  18.898  18.857  18.782  18.678  18.577  18.473  18.375  18.280  18.187  18.093  18.005  17.918  17.835  17.753  17.673  17.595
 123.000  18.932  18.888  18.813  18.712  18.608  18.505  18.407  18.312  18.218  18.125  18.037  17.950  17.867  17.785  17.705  17.628
 124.000  18.963  18.920  18.845  18.743  18.640  18.538  18.438  18.343  18.250  18.157  18.068  17.983  17.898  17.817  17.737  17.660
 125.000  18.995  18.952  18.877  18.775  18.673  18.570  18.472  18.377  18.282  18.190  18.100  18.015  17.930  17.850  17.768  17.692
 126.000  19.027  18.985  18.910  18.807  18.705  18.602  18.503  18.408  18.315  18.222  18.133  18.047  17.963  17.882  17.802  17.723
 127.000  19.060  19.017  18.942  18.840  18.737  18.633  18.535  18.440  18.347  18.253  18.165  18.078  17.995  17.913  17.833  17.757
 128.000  19.092  19.048  18.973  18.872  18.768  18.667  18.567  18.472  18.378  18.285  18.197  18.110  18.027  17.945  17.865  17.788
 129.000  19.123  19.080  19.005  18.903  18.800  18.698  18.598  18.503  18.410  18.317  18.228  18.143  18.058  17.977  17.897  17.820
 130.000  19.155  19.112  19.037  18.935  18.833  18.730  18.632  18.537  18.442  18.350  18.260  18.175  18.090  18.008  17.928  17.852
 131.000  19.187  19.143  19.068  18.967  18.865  18.762  18.663  18.568  18.473  18.382  18.292  18.207  18.122  18.040  17.960  17.883
 132.000  19.218  19.175  19.100  18.998  18.897  18.793  18.695  18.600  18.505  18.413  18.323  18.238  18.153  18.072  17.992  17.915
 133.000  19.250  19.207  19.132  19.030  18.928  18.825  18.727  18.632  18.537  18.445  18.355  18.270  18.185  18.103  18.023  17.947
 134.000  19.282  19.238  19.163  19.062  18.960  18.857  18.757  18.662  18.568  18.475  18.387  18.300  18.217  18.135  18.055  17.978
 135.000  19.313  19.270  19.195  19.093  18.990  18.888  18.788  18.693  18.600  18.507  18.418  18.332  18.248  18.167  18.087  18.008
 136.000  19.345  19.302  19.227  19.125  19.022  18.918  18.820  18.725  18.632  18.538  18.450  18.363  18.280  18.198  18.117  18.040
 137.000  19.375  19.333  19.258  19.155  19.053  18.950  18.852  18.757  18.662  18.570  18.480  18.395  18.310  18.228  18.148  18.072
 138.000  19.407  19.363  19.288  19.187  19.083  18.982  18.882  18.787  18.693  18.600  18.512  18.425  18.342  18.260  18.178  18.102
 139.000  19.437  19.395  19.320  19.217  19.115  19.012  18.913  18.818  18.723  18.630  18.542  18.455  18.372  18.290  18.210  18.132
 140.000  19.468  19.425  19.350  19.248  19.145  19.042  18.943  18.848  18.753  18.662  18.572  18.487  18.402  18.320  18.240  18.163
 141.000  19.498  19.455  19.380  19.278  19.175  19.072  18.973  18.878  18.785  18.692  18.603  18.517  18.432  18.350  18.270  18.193
 142.000  19.528  19.485  19.410  19.308  19.205  19.102  19.003  18.908  18.815  18.722  18.632  18.547  18.462  18.380  18.300  18.222
 143.000  19.558  19.515  19.440  19.338  19.235  19.132  19.033  18.938  18.843  18.750  18.662  18.575  18.492  18.410  18.330  18.252
 144.000  19.587  19.545  19.470  19.367  19.265  19.162  19.062  18.967  18.873  18.780  18.692  18.605  18.520  18.438  18.358  18.282
 145.000  19.617  19.573  19.498  19.397  19.293  19.190  19.092  18.997  18.902  18.808  18.720  18.633  18.550  18.468  18.387  18.310
 146.000  19.645  19.602  19.527  19.425  19.322  19.218  19.120  19.025  18.930  18.837  18.748  18.662  18.578  18.497  18.415  18.338
 147.000  19.673  19.630  19.555  19.453  19.350  19.247  19.148  19.053  18.958  18.865  18.777  18.690  18.605  18.523  18.443  18.365
 148.000  19.702  19.658  19.583  19.480  19.378  19.275  19.175  19.080  18.987  18.893  18.803  18.717  18.633  18.552  18.470  18.393
 149.000  19.728  19.685  19.610  19.508  19.405  19.302  19.203  19.107  19.013  18.920  18.830  18.743  18.660  18.578  18.497  18.420
 150.000  19.755  19.712  19.637  19.535  19.432  19.328  19.228  19.133  19.040  18.947  18.857  18.770  18.687  18.603  18.523  18.445
 151.000  19.782  19.738  19.663  19.560  19.457  19.355  19.255  19.160  19.065  18.972  18.883  18.797  18.712  18.630  18.548  18.472
 152.000  19.807  19.763  19.688  19.585  19.483  19.380  19.280  19.185  19.090  18.997  18.908  18.822  18.737  18.655  18.573  18.497
 153.000  19.832  19.788  19.713  19.610  19.507  19.403  19.305  19.210  19.115  19.022  18.932  18.845  18.762  18.678  18.598  18.520
 154.000  19.855  19.812  19.737  19.635  19.532  19.428  19.328  19.233  19.138  19.045  18.957  18.870  18.785  18.702  18.622  18.543
 155.000  19.878  19.835  19.760  19.658  19.555  19.452  19.352  19.257  19.162  19.068  18.978  18.892  18.808  18.725  18.645  18.567
 156.000  19.902  19.858  19.783  19.680  19.577  19.473  19.375  19.278  19.183  19.090  19.002  18.915  18.830  18.747  18.667  18.588
 157.000  19.923  19.880  19.805  19.702  19.598  19.495  19.395  19.300  19.205  19.112  19.023  18.935  18.852  18.768  18.687  18.610
 158.000  19.943  19.900  19.825  19.723  19.620  19.517  19.417  19.320  19.227  19.133  19.043  18.957  18.872  18.788  18.708  18.630
 159.000  19.963  19.920  19.845  19.743  19.640  19.537  19.437  19.340  19.247  19.152  19.063  18.977  18.892  18.808  18.727  18.650
 160.000  19.983  19.940  19.865  19.762  19.658  19.555  19.455  19.360  19.265  19.172  19.082  18.995  18.910  18.827  18.747  18.668
 161.000  20.002  19.958  19.883  19.780  19.677  19.573  19.473  19.378  19.283  19.190  19.100  19.013  18.928  18.845  18.763  18.685
 162.000  20.018  19.977  19.900  19.798  19.695  19.590  19.492  19.395  19.300  19.207  19.117  19.030  18.945  18.862  18.782  18.703
 163.000  20.035  19.993  19.917  19.813  19.710  19.607  19.507  19.412  19.317  19.223  19.133  19.047  18.962  18.878  18.797  18.718
 164.000  20.052  20.008  19.933  19.830  19.727  19.623  19.523  19.427  19.332  19.238  19.148  19.062  18.977  18.893  18.812  18.733
 165.000  20.067  20.023  19.947  19.845  19.742  19.637  19.538  19.442  19.347  19.253  19.163  19.077  18.992  18.908  18.827  18.748
 166.000  20.080  20.037  19.962  19.858  19.755  19.652  19.552  19.455  19.360  19.267  19.177  19.090  19.005  18.922  18.840  18.762
 167.000  20.093  20.050  19.973  19.872  19.768  19.663  19.565  19.468  19.373  19.280  19.190  19.102  19.017  18.935  18.853  18.775
 168.000  20.105  20.062  19.987  19.883  19.780  19.675  19.577  19.480  19.385  19.292  19.202  19.113  19.028  18.947  18.865  18.785
 169.000  20.115  20.073  19.997  19.893  19.790  19.687  19.587  19.492  19.397  19.302  19.212  19.125  19.040  18.957  18.875  18.797
 170.000  20.127  20.083  20.007  19.903  19.800  19.697  19.597  19.502  19.407  19.312  19.222  19.135  19.050  18.967  18.885  18.807
 171.000  20.135  20.092  20.017  19.913  19.810  19.707  19.607  19.510  19.415  19.322  19.232  19.143  19.058  18.975  18.893  18.815
 172.000  20.143  20.100  20.025  19.922  19.818  19.713  19.613  19.518  19.423  19.328  19.238  19.152  19.067  18.983  18.902  18.823
 173.000  20.150  20.107  20.032  19.928  19.825  19.722  19.622  19.525  19.430  19.337  19.247  19.158  19.073  18.990  18.908  18.830
 174.000  20.157  20.113  20.038  19.935  19.832  19.727  19.628  19.532  19.437  19.342  19.252  19.165  19.080  18.997  18.915  18.837
 175.000  20.162  20.118  20.043  19.940  19.837  19.733  19.633  19.537  19.442  19.347  19.258  19.170  19.085  19.002  18.920  18.842
 176.000  20.167  20.123  20.048  19.945  19.842  19.737  19.637  19.542  19.445  19.352  19.262  19.175  19.088  19.007  18.925  18.845
 177.000  20.170  20.127  20.052  19.948  19.845  19.740  19.640  19.545  19.448  19.355  19.265  19.178  19.092  19.010  18.928  18.848
 178.000  20.172  20.128  20.053  19.950  19.847  19.743  19.643  19.547  19.452  19.357  19.267  19.180  19.095  19.012  18.930  18.852
 179.000  20.173  20.130  20.055  19.952  19.848  19.743  19.645  19.548  19.453  19.358  19.268  19.182  19.097  19.013  18.932  18.852
 180.000  20.173  20.132  20.055  19.952  19.848  19.745  19.645  19.548  19.453  19.360  19.270  19.182  19.097  19.013  18.932  18.853
