101 DEG P
0 15.4 6.28398 0.124641
1 21.7 11.9785 0.0851974
2 33.7 13.3524 0.047963
3 47.1 13.5553 0.0263481
4 60.6 13.522 0.013884
5 74.1 13.5816 0.00504873
6 87.7 13.6765 -0.00189332
7 101.4 13.5313 -0.00851976
8 114.9 12.8712 -0.0141996
9 127.8 16.209 -0.0192484
10 144.0 11.0835 -0.0257171
11 155.1 12.6285 -0.0299768
12 167.7 13.311 -0.0345521
13 181.0 13.2933 -0.0389699
14 194.3 12.9258 -0.0425989
15 207.3 12.5485 -0.0460697
16 219.8 12.309 -0.050645
17 232.1 11.8394 -0.0571137
18 243.9 11.242 -0.0654757
19 255.2 10.644 -0.0743112
20 265.8 10.1784 -0.0810956
21 276.0 9.87289 -0.0850394
22 285.9 9.71015 -0.0867751
23 295.6 9.61275 -0.0874059
24 305.2 9.49535 -0.0885104
25 314.7 9.35536 -0.0900882
26 324.1 9.20275 -0.0916661
27 333.3 9.06508 -0.0927706
28 342.3 8.95 -0.093086
29 351.3 8.87 -0.0930865
30 360.1 8.79 -0.093086
31 368.9 8.7226 -0.0930865
32 377.7 8.65276 -0.0935593
33 386.3 8.58276 -0.0946638
34 394.9 8.51521 -0.0957683
35 403.4 8.4526 -0.0967149
36 411.9 8.39999 -0.0971882
37 420.3 8.34246 -0.0971882
38 428.6 8.30248 -0.0970303
39 436.9 8.25505 -0.0968729
40 445.2 8.23263 -0.0971882
41 453.4 8.18766 -0.0976615
42 461.6 8.14522 -0.0984502
43 469.7 8.08521 -0.0993968
44 477.8 8.00015 -0.100344
45 485.8 7.93013 -0.100975
46 493.7 7.85262 -0.101605
47 501.6 7.7926 -0.102079
48 509.4 7.7226 -0.102552
49 517.1 7.66264 -0.103025
50 524.8 7.59012 -0.103499
51 532.4 7.52016 -0.10413
52 539.9 7.44257 -0.104762
53 547.3 7.35265 -0.105234
54 554.7 7.26751 -0.105708
55 561.9 7.1826 -0.105865
56 569.1 7.0951 -0.106339
57 576.2 7.00754 -0.106655
58 583.2 6.92999 -0.106813
59 590.2 6.85999 -0.106813
60 597.0 6.7926 -0.106813
61 603.8 6.7226 -0.107285
62 610.5 6.63769 -0.107758
63 617.2 6.54754 -0.108548
64 623.7 6.47756 -0.108705
65 630.2 6.3875 -0.108864
66 636.6 6.3025 -0.109021
67 642.9 6.23261 -0.108864
68 649.1 6.15259 -0.109337
69 655.3 6.09017 -0.109809
70 661.4 6.01504 -0.110441
71 667.4 5.95509 -0.110756
72 673.3 5.87507 -0.111072
73 679.2 5.81261 -0.111388
74 685.0 5.73261 -0.111861
75 690.8 5.67014 -0.112334
76 696.4 5.59012 -0.112965
77 702.0 5.53017 -0.113596
78 707.5 5.46259 -0.114227
79 713.0 5.38508 -0.1147
80 718.4 5.29752 -0.115016
81 723.7 5.20001 -0.115174
82 728.9 5.10244 -0.115174
83 734.0 5.03003 -0.115016
84 739.0 4.97505 -0.115016
85 744.0 4.9126 -0.115332
86 748.9 4.85265 -0.115805
87 753.8 4.79505 -0.116279
88 758.6 4.73752 -0.116594
89 763.3 4.69755 -0.116752
90 768.0 4.66245 -0.11691
91 772.7 4.62 -0.116751
92 777.3 4.58002 -0.116751
93 781.9 4.54999 -0.116751
94 786.4 4.55003 -0.116751
95 791.0 4.54999 -0.116752
96 795.5 4.54999 -0.116752
97 800.1 4.55 -0.116752
98 804.6 4.54999 -0.116751
99 809.2 4.52 -0.116751
100 813.7 4.46999 -0.116752
101 DEG PP
0 15.4 6.28398 0.124641
1 21.7 11.9785 0.0851974
2 33.7 13.3524 0.047963
3 47.1 13.5553 0.0263481
4 60.6 13.522 0.013884
5 74.1 13.5816 0.00504873
6 87.7 13.6765 -0.00189332
7 101.4 13.5313 -0.00851976
8 114.9 12.8712 -0.0141996
9 127.8 16.209 -0.0192484
10 144.0 11.0835 -0.0257171
11 155.1 12.6285 -0.0299768
12 167.7 13.311 -0.0345521
13 181.0 13.2933 -0.0389699
14 194.3 12.9258 -0.0425989
15 207.3 12.5485 -0.0460697
16 219.8 12.309 -0.050645
17 232.1 11.8394 -0.0571137
18 243.9 11.242 -0.0654757
19 255.2 10.644 -0.0743112
20 265.8 10.1784 -0.0810956
21 276.0 9.87289 -0.0850394
22 285.9 9.71015 -0.0867751
23 295.6 9.61275 -0.0874059
24 305.2 9.49535 -0.0885104
25 314.7 9.35536 -0.0900882
26 324.1 9.20275 -0.0916661
27 333.3 9.06508 -0.0927706
28 342.3 8.95 -0.093086
29 351.3 8.87 -0.0930865
30 360.1 8.79 -0.093086
31 368.9 8.7226 -0.0930865
32 377.7 8.65276 -0.0935593
33 386.3 8.58276 -0.0946638
34 394.9 8.51521 -0.0957683
35 403.4 8.4526 -0.0967149
36 411.9 8.39999 -0.0971882
37 420.3 8.34246 -0.0971882
38 428.6 8.30248 -0.0970303
39 436.9 8.25505 -0.0968729
40 445.2 8.23263 -0.0971882
41 453.4 8.18766 -0.0976615
42 461.6 8.14522 -0.0984502
43 469.7 8.08521 -0.0993968
44 477.8 8.00015 -0.100344
45 485.8 7.93013 -0.100975
46 493.7 7.85262 -0.101605
47 501.6 7.7926 -0.102079
48 509.4 7.7226 -0.102552
49 517.1 7.66264 -0.103025
50 524.8 7.59012 -0.103499
51 532.4 7.52016 -0.10413
52 539.9 7.44257 -0.104762
53 547.3 7.35265 -0.105234
54 554.7 7.26751 -0.105708
55 561.9 7.1826 -0.105865
56 569.1 7.0951 -0.106339
57 576.2 7.00754 -0.106655
58 583.2 6.92999 -0.106813
59 590.2 6.85999 -0.106813
60 597.0 6.7926 -0.106813
61 603.8 6.7226 -0.107285
62 610.5 6.63769 -0.107758
63 617.2 6.54754 -0.108548
64 623.7 6.47756 -0.108705
65 630.2 6.3875 -0.108864
66 636.6 6.3025 -0.109021
67 642.9 6.23261 -0.108864
68 649.1 6.15259 -0.109337
69 655.3 6.09017 -0.109809
70 661.4 6.01504 -0.110441
71 667.4 5.95509 -0.110756
72 673.3 5.87507 -0.111072
73 679.2 5.81261 -0.111388
74 685.0 5.73261 -0.111861
75 690.8 5.67014 -0.112334
76 696.4 5.59012 -0.112965
77 702.0 5.53017 -0.113596
78 707.5 5.46259 -0.114227
79 713.0 5.38508 -0.1147
80 718.4 5.29752 -0.115016
81 723.7 5.20001 -0.115174
82 728.9 5.10244 -0.115174
83 734.0 5.03003 -0.115016
84 739.0 4.97505 -0.115016
85 744.0 4.9126 -0.115332
86 748.9 4.85265 -0.115805
87 753.8 4.79505 -0.116279
88 758.6 4.73752 -0.116594
89 763.3 4.69755 -0.116752
90 768.0 4.66245 -0.11691
91 772.7 4.62 -0.116751
92 777.3 4.58002 -0.116751
93 781.9 4.54999 -0.116751
94 786.4 4.55003 -0.116751
95 791.0 4.54999 -0.116752
96 795.5 4.54999 -0.116752
97 800.1 4.55 -0.116752
98 804.6 4.54999 -0.116751
99 809.2 4.52 -0.116751
100 813.7 4.46999 -0.116752
101 DEG S
0 27.1 11.1649 0.222468
1 38.2 20.5867 0.156201
2 58.8 23.8853 0.104134
3 82.7 24.2057 0.058378
4 106.9 24.3796 0.0331335
5 131.3 24.4028 0.0126221
6 155.7 24.3521 0
7 180.1 24.3521 -0.00946656
8 204.4 24.2275 -0.0189334
9 228.6 23.9768 -0.0299781
10 252.6 23.8768 -0.0378667
11 276.5 23.7768 -0.0457561
12 300.3 23.6014 -0.0536446
13 323.9 23.3768 -0.0599556
14 347.2 23.3275 -0.0678446
15 370.6 22.7507 -0.0788892
16 393.3 22.6014 -0.082045
17 415.9 22.0507 -0.0883556
18 438.0 21.6057 -0.0915113
19 459.6 19.8303 -0.116756
20 479.4 18.8261 -0.140423
21 498.2 18.1014 -0.145156
22 516.3 17.5014 -0.151467
23 533.8 17.1261 -0.157778
24 551.0 16.8 -0.162512
25 567.8 16.5754 -0.162512
26 584.3 16.2753 -0.16409
27 600.6 16.1754 -0.165667
28 616.8 15.9 -0.167246
29 632.7 15.7753 -0.167245
30 648.5 15.7 -0.168822
31 664.2 15.6754 -0.168823
32 679.8 15.5246 -0.170401
33 695.4 15.4754 -0.168823
34 710.8 15.4 -0.170401
35 726.2 15.3753 -0.170402
36 741.6 15.2 -0.171978
37 756.8 15.2 -0.171979
38 772.0 15.0753 -0.171979
39 787.1 14.9754 -0.173556
40 802.1 14.8 -0.175134
41 816.9 14.7507 -0.175134
42 831.6 14.6 -0.17829
43 846.2 14.5 -0.17829
44 860.7 14.3754 -0.17829
45 875.1 14.2753 -0.179868
46 889.4 14.2 -0.181445
47 903.6 14 -0.181445
48 917.6 14 -0.181445
49 931.6 13.8753 -0.181445
50 945.4 13.8 -0.183023
51 959.2 13.6754 -0.183023
52 972.9 13.6 -0.184601
53 986.5 13.4753 -0.184601
54 1000.0 13.4 -0.186179
55 1013.4 13.3 -0.186178
56 1026.7 13.1754 -0.186178
57 1039.9 13.1 -0.187757
58 1053.0 13 -0.187757
59 1066.0 12.8754 -0.187757
60 1078.8 12.7753 -0.189334
61 1091.6 12.6 -0.190912
62 1104.2 12.5754 -0.190912
63 1116.8 12.3999 -0.192491
64 1129.2 12.3 -0.192489
65 1141.5 12.2 -0.192489
66 1153.7 12.0754 -0.192489
67 1165.8 11.9754 -0.194068
68 1177.7 11.8753 -0.195646
69 1189.6 11.7001 -0.197223
70 1201.3 11.5 -0.197223
71 1212.8 11.4754 -0.197223
72 1224.3 11.2999 -0.198801
73 1235.6 11.1247 -0.198801
74 1246.7 11.0753 -0.197223
75 1257.8 11 -0.198801
76 1268.8 10.8754 -0.198801
77 1279.7 10.7 -0.20038
78 1290.4 10.6753 -0.200378
79 1301.0 10.5 -0.201955
80 1311.5 10.3754 -0.201955
81 1321.9 10.2001 -0.203535
82 1332.1 10.1 -0.203535
83 1342.2 9.97536 -0.203535
84 1352.2 9.79993 -0.205112
85 1362.0 9.67543 -0.205112
86 1371.7 9.5 -0.206689
87 1381.2 9.39999 -0.206689
88 1390.6 9.27532 -0.206691
89 1399.8 9.09998 -0.208267
90 1408.9 8.90002 -0.208267
91 1417.8 8.80002 -0.208267
92 1426.6 8.69998 -0.208269
93 1435.3 8.59998 -0.208267
94 1443.9 8.5 -0.208267
95 1452.4 8.5 -0.208267
96 1460.9 8.5 -0.208267
97 1469.4 8.40002 -0.208267
98 1477.8 8.37536 -0.208267
99 1486.2 8.40002 -0.209846
100 1494.6 8.40002 -0.209846
81 DEG SS
20 515.8 23.7261 -0.0157778
21 539.5 24.7261 -0.020511
22 564.2 23.7261 -0.0252442
23 587.9 23.7261 -0.0299783
24 611.7 24.7261 -0.0347115
25 636.4 23.7261 -0.0394446
26 660.1 23.7261 -0.0441778
27 683.8 23.7261 -0.0489109
28 707.6 22.7261 -0.0536451
29 730.3 23.7261 -0.0583782
30 754.0 22.5 -0.0631114
31 776.5 23.5 -0.0631114
32 800.0 22.8768 -0.0631114
33 822.9 22.8768 -0.0710003
34 845.8 22.5 -0.0788892
35 868.3 22.5 -0.0788892
36 890.8 21.8768 -0.0788892
37 912.6 22.8768 -0.0867782
38 935.5 21.1303 -0.0946671
39 956.7 21.1303 -0.118334
40 977.8 20.8 -0.142001
41 998.6 17.8 -0.142001
42 1016.4 18.2494 -0.142001
43 1034.6 17.6986 -0.138846
44 1052.3 18.6986 -0.132534
45 1071.0 17.7015 -0.126223
46 1088.7 16.7014 -0.132534
47 1105.4 17.7014 -0.138844
48 1123.1 16.7014 -0.145157
49 1139.8 16.7015 -0.151467
50 1156.5 16.9754 -0.157778
51 1173.5 15.9754 -0.159356
52 1189.5 16.9753 -0.160933
53 1206.5 15.9754 -0.162513
54 1222.4 15.9754 -0.16409
55 1238.4 15.9754 -0.165667
56 1254.4 16.9754 -0.167245
57 1271.4 15.9753 -0.168822
58 1287.3 15.9754 -0.170402
59 1303.3 14.9754 -0.171979
60 1318.3 16 -0.173556
61 1334.3 16 -0.173556
62 1350.3 16 -0.173556
63 1366.3 15 -0.173556
64 1381.3 16 -0.173556
65 1397.3 15.0753 -0.173556
66 1412.4 15.9247 -0.175134
67 1428.3 15 -0.173556
68 1443.3 16 -0.173556
69 1459.3 15 -0.173556
70 1474.3 15.9 -0.173556
71 1490.2 14.9 -0.173556
72 1505.1 15.8999 -0.173556
73 1521.0 14.9 -0.173556
74 1535.9 14.9 -0.173556
75 1550.8 15.9 -0.173556
76 1566.7 14.9 -0.173556
77 1581.6 14.8999 -0.173556
78 1596.5 14.9 -0.173556
79 1611.4 14.9 -0.173556
80 1626.3 15 -0.173556
81 1641.3 15 -0.173556
82 1656.3 15 -0.173556
83 1671.3 14 -0.173556
84 1685.3 15 -0.173556
85 1700.3 15 -0.173556
86 1715.3 14 -0.173556
87 1729.3 15 -0.173556
88 1744.3 14 -0.173556
89 1758.3 15 -0.173556
90 1773.3 13.9754 -0.173556
91 1787.3 13.9754 -0.175134
92 1801.2 14.9753 -0.176711
93 1816.2 13.9754 -0.17829
94 1830.2 13.9754 -0.179868
95 1844.2 13.9754 -0.181445
96 1858.1 13.9754 -0.183023
97 1872.1 13.9753 -0.1846
98 1886.1 13.9754 -0.186179
99 1900.1 13.9754 -0.187757
100 1914.0 14 -0.189334
101 DEG ScS
0 908.6 0.100022 -0.222467
1 908.7 0.300003 -0.222468
2 909.0 0.400009 -0.222467
3 909.4 0.599991 -0.222468
4 910.0 0.900009 -0.222467
5 910.9 1 -0.222468
6 911.9 1.19997 -0.222468
7 913.1 1.30003 -0.222467
8 914.4 1.5 -0.222468
9 915.9 1.69997 -0.222468
10 917.6 1.90002 -0.222467
11 919.5 2 -0.222467
12 921.5 2.22465 -0.222467
13 923.7 2.29999 -0.22089
14 926.0 2.57534 -0.22089
15 928.6 2.70001 -0.222467
16 931.3 2.79999 -0.222467
17 934.1 2.92466 -0.222467
18 937.0 3.09998 -0.22089
19 940.1 3.30005 -0.22089
20 943.4 3.39996 -0.22089
21 946.8 3.62468 -0.22089
22 950.5 3.69997 -0.219312
23 954.2 3.90001 -0.219312
24 958.1 4.09999 -0.219312
25 962.2 4.10002 -0.219312
26 966.3 4.29999 -0.219312
27 970.6 4.40002 -0.219312
28 975.0 4.62463 -0.219312
29 979.6 4.70001 -0.217734
30 984.3 4.79999 -0.217734
31 989.1 5.02464 -0.217734
32 994.1 5.17537 -0.216157
33 999.3 5.2 -0.217734
34 1004.5 5.32464 -0.217735
35 1009.8 5.39998 -0.216157
36 1015.2 5.59998 -0.216156
37 1020.8 5.6754 -0.216156
38 1026.5 5.8246 -0.217735
39 1032.3 5.80005 -0.216156
40 1038.1 5.89999 -0.216156
41 1044.0 6.02467 -0.216158
42 1050.0 6.09998 -0.214578
43 1056.1 6.19995 -0.214578
44 1062.3 6.40002 -0.214578
45 1068.7 6.40002 -0.214578
46 1075.1 6.5 -0.214578
47 1081.6 6.5 -0.214578
48 1088.1 6.62461 -0.214578
49 1094.8 6.70007 -0.213001
50 1101.5 6.79993 -0.213001
51 1108.3 6.90002 -0.213001
52 1115.2 7 -0.213001
53 1122.2 7 -0.213001
54 1129.2 7.09998 -0.213001
55 1136.3 7.09998 -0.213001
56 1143.4 7.20007 -0.213001
57 1150.6 7.40002 -0.213001
58 1158.0 7.29993 -0.213001
59 1165.3 7.40002 -0.213001
60 1172.7 7.40002 -0.213001
61 1180.1 7.52464 -0.213001
62 1187.6 7.57534 -0.211424
63 1195.2 7.59998 -0.213001
64 1202.8 7.62464 -0.213001
65 1210.4 7.70004 -0.211422
66 1218.1 7.69995 -0.211424
67 1225.8 7.87539 -0.211424
68 1233.7 7.82469 -0.213001
69 1241.5 7.79993 -0.211424
70 1249.3 7.90002 -0.211424
71 1257.2 7.90002 -0.211424
72 1265.1 8 -0.211424
73 1273.1 8 -0.211424
74 1281.1 8.02464 -0.211424
75 1289.1 8.09998 -0.209846
76 1297.2 8 -0.209846
77 1305.2 8.10001 -0.209846
78 1313.3 8.20004 -0.209844
79 1321.5 8.09998 -0.209846
80 1329.6 8.19998 -0.209846
81 1337.8 8.20004 -0.209844
82 1346.0 8.19995 -0.209846
83 1354.2 8.19998 -0.209846
84 1362.4 8.20004 -0.209844
85 1370.6 8.19998 -0.209846
86 1378.8 8.30002 -0.209844
87 1387.1 8.29996 -0.209846
88 1395.4 8.20004 -0.209844
89 1403.6 8.29996 -0.209846
90 1411.9 8.30002 -0.209844
91 1420.2 8.19998 -0.209846
92 1428.4 8.30002 -0.209844
93 1436.7 8.30005 -0.209846
94 1445.0 8.29996 -0.209846
95 1453.3 8.30002 -0.209844
96 1461.6 8.29996 -0.209846
97 1469.9 8.30002 -0.209844
98 1478.2 8.30005 -0.209846
99 1486.5 8.29996 -0.209846
100 1494.8 8.29996 -0.209844
101 DEG Lq
0 0.0 30.8876 0
1 30.9 30.8876 0
2 61.8 30.8876 0
3 92.7 30.8876 0
4 123.6 30.8876 0
5 154.4 30.8876 0
6 185.3 30.8876 0
7 216.2 30.8876 0
8 247.1 30.8876 0
9 278.0 30.8876 0
10 308.9 30.8876 0
11 339.8 30.8876 0
12 370.7 30.8876 0
13 401.5 30.8876 0
14 432.4 30.8876 0
15 463.3 30.8876 0
16 494.2 30.8876 0
17 525.1 30.8876 0
18 556.0 30.8876 0
19 586.9 30.8876 0
20 617.8 30.8876 0
21 648.6 30.8876 0
22 679.5 30.8876 0
23 710.4 30.8876 0
24 741.3 30.8876 0
25 772.2 30.8876 0
26 803.1 30.8876 0
27 834.0 30.8876 0
28 864.9 30.8876 0
29 895.7 30.8876 0
30 926.6 30.8876 0
31 957.5 30.8876 0
32 988.4 30.8876 0
33 1019.3 30.8876 0
34 1050.2 30.8876 0
35 1081.1 30.8876 0
36 1112.0 30.8876 0
37 1142.8 30.8876 0
38 1173.7 30.8876 0
39 1204.6 30.8876 0
40 1235.5 30.8876 0
41 1266.4 30.8876 0
42 1297.3 30.8876 0
43 1328.2 30.8876 0
44 1359.1 30.8876 0
45 1389.9 30.8876 0
46 1420.8 30.8876 0
47 1451.7 30.8876 0
48 1482.6 30.8876 0
49 1513.5 30.8876 0
50 1544.4 30.8876 0
51 1575.3 30.8876 0
52 1606.2 30.8876 0
53 1637.0 30.8876 0
54 1667.9 30.8876 0
55 1698.8 30.8876 0
56 1729.7 30.8876 0
57 1760.6 30.8876 0
58 1791.5 30.8876 0
59 1822.4 30.8876 0
60 1853.3 30.8876 0
61 1884.1 30.8876 0
62 1915.0 30.8876 0
63 1945.9 30.8876 0
64 1976.8 30.8876 0
65 2007.7 30.8876 0
66 2038.6 30.8876 0
67 2069.5 30.8876 0
68 2100.4 30.8876 0
69 2131.2 30.8876 0
70 2162.1 30.8876 0
71 2193.0 30.8876 0
72 2223.9 30.8876 0
73 2254.8 30.8876 0
74 2285.7 30.8876 0
75 2316.6 30.8876 0
76 2347.5 30.8876 0
77 2378.3 30.8876 0
78 2409.2 30.8876 0
79 2440.1 30.8876 0
80 2471.0 30.8876 0
81 2501.9 30.8876 0
82 2532.8 30.8876 0
83 2563.7 30.8876 0
84 2594.6 30.8876 0
85 2625.4 30.8876 0
86 2656.3 30.8876 0
87 2687.2 30.8876 0
88 2718.1 30.8876 0
89 2749.0 30.8876 0
90 2779.9 30.8876 0
91 2810.8 30.8876 0
92 2841.7 30.8876 0
93 2872.5 30.8876 0
94 2903.4 30.8876 0
95 2934.3 30.8876 0
96 2965.2 30.8876 0
97 2996.1 30.8876 0
98 3027.0 30.8876 0
99 3057.9 30.8876 0
100 3088.8 30.8876 0
101 DEG Lr
0 0.0 35.8695 0
1 35.9 35.8695 0
2 71.7 35.8695 0
3 107.6 35.8695 0
4 143.5 35.8695 0
5 179.3 35.8695 0
6 215.2 35.8695 0
7 251.1 35.8695 0
8 287.0 35.8695 0
9 322.8 35.8695 0
10 358.7 35.8695 0
11 394.6 35.8695 0
12 430.4 35.8695 0
13 466.3 35.8695 0
14 502.2 35.8695 0
15 538.0 35.8695 0
16 573.9 35.8695 0
17 609.8 35.8695 0
18 645.7 35.8695 0
19 681.5 35.8695 0
20 717.4 35.8695 0
21 753.3 35.8695 0
22 789.1 35.8695 0
23 825.0 35.8695 0
24 860.9 35.8695 0
25 896.7 35.8695 0
26 932.6 35.8695 0
27 968.5 35.8695 0
28 1004.3 35.8695 0
29 1040.2 35.8695 0
30 1076.1 35.8695 0
31 1112.0 35.8695 0
32 1147.8 35.8695 0
33 1183.7 35.8695 0
34 1219.6 35.8695 0
35 1255.4 35.8695 0
36 1291.3 35.8695 0
37 1327.2 35.8695 0
38 1363.0 35.8695 0
39 1398.9 35.8695 0
40 1434.8 35.8695 0
41 1470.6 35.8695 0
42 1506.5 35.8695 0
43 1542.4 35.8695 0
44 1578.3 35.8695 0
45 1614.1 35.8695 0
46 1650.0 35.8695 0
47 1685.9 35.8695 0
48 1721.7 35.8695 0
49 1757.6 35.8695 0
50 1793.5 35.8695 0
51 1829.3 35.8695 0
52 1865.2 35.8695 0
53 1901.1 35.8695 0
54 1937.0 35.8695 0
55 1972.8 35.8695 0
56 2008.7 35.8695 0
57 2044.6 35.8695 0
58 2080.4 35.8695 0
59 2116.3 35.8695 0
60 2152.2 35.8695 0
61 2188.0 35.8695 0
62 2223.9 35.8695 0
63 2259.8 35.8695 0
64 2295.6 35.8695 0
65 2331.5 35.8695 0
66 2367.4 35.8695 0
67 2403.3 35.8695 0
68 2439.1 35.8695 0
69 2475.0 35.8695 0
70 2510.9 35.8695 0
71 2546.7 35.8695 0
72 2582.6 35.8695 0
73 2618.5 35.8695 0
74 2654.3 35.8695 0
75 2690.2 35.8695 0
76 2726.1 35.8695 0
77 2762.0 35.8695 0
78 2797.8 35.8695 0
79 2833.7 35.8695 0
80 2869.6 35.8695 0
81 2905.4 35.8695 0
82 2941.3 35.8695 0
83 2977.2 35.8695 0
84 3013.0 35.8695 0
85 3048.9 35.8695 0
86 3084.8 35.8695 0
87 3120.6 35.8695 0
88 3156.5 35.8695 0
89 3192.4 35.8695 0
90 3228.3 35.8695 0
91 3264.1 35.8695 0
92 3300.0 35.8695 0
93 3335.9 35.8695 0
94 3371.7 35.8695 0
95 3407.6 35.8695 0
96 3443.5 35.8695 0
97 3479.3 35.8695 0
98 3515.2 35.8695 0
99 3551.1 35.8695 0
100 3586.9 35.8695 0
61 DEG pP
35 428.4 8.59859 0.0930892
36 437.0 8.52322 0.0994007
37 445.5 8.55071 0.10729
38 454.0 8.60143 0.104134
39 462.6 8.50143 0.0978224
40 471.1 8.24927 0.0915113
41 479.4 8.2493 0.0946671
42 487.6 8.22464 0.0978224
43 495.9 8.12465 0.0994007
44 504.0 8.04929 0.100978
45 512.0 7.9 0.104134
46 519.9 7.87537 0.104134
47 527.8 7.79999 0.102556
48 535.6 7.70001 0.102556
49 543.3 7.67536 0.102556
50 551.0 7.79999 0.100978
51 558.8 7.70001 0.100978
52 566.5 7.67533 0.100978
53 574.2 7.5 0.0994012
54 581.7 7.5 0.0994012
55 589.2 7.24929 0.0994012
56 596.4 7.12468 0.102556
57 603.5 7.04929 0.104133
58 610.6 6.97391 0.107289
59 617.5 6.92466 0.112023
60 624.5 6.79999 0.113601
61 631.3 6.70001 0.113601
62 638.0 6.67536 0.113601
63 644.6 6.5 0.112022
64 651.1 6.5 0.112022
65 657.6 6.59998 0.112022
66 664.2 6.5 0.112022
67 670.7 6.40002 0.112022
68 677.1 6.37532 0.112022
69 683.5 6.29999 0.110445
70 689.8 6 0.110445
71 695.8 5.97536 0.110445
72 701.8 5.82469 0.108868
73 707.6 5.87532 0.110445
74 713.5 5.70001 0.108868
75 719.2 5.72465 0.108868
76 724.9 5.64927 0.110445
77 730.6 5.54929 0.113601
78 736.1 5.52464 0.116756
79 741.6 5.44932 0.118334
80 747.1 5.45071 0.12149
81 752.5 5.35069 0.118334
82 757.9 5.25074 0.115179
83 763.1 5.15067 0.112022
84 768.3 5.15072 0.108868
85 773.5 4.9493 0.105712
86 778.4 4.92462 0.108867
87 783.3 4.84933 0.110445
88 788.2 4.74926 0.1136
89 792.9 4.74931 0.116756
90 797.7 4.7 0.119912
91 802.4 4.59999 0.119911
92 807.0 4.60002 0.119912
93 811.6 4.5 0.119911
94 816.1 4.59999 0.119911
95 820.7 4.5 0.119912
