PKKPdf  travel time table.
  16   8
            0.000  100.000  200.000  300.000  400.000  500.000  600.000  700.000
   0.000   31.882   31.652   31.447   31.250   31.061   30.884   30.715   30.554
  10.000   31.864   31.633   31.428   31.231   31.042   30.866   30.696   30.536
  20.000   31.807   31.576   31.372   31.174   30.985   30.809   30.640   30.479
  30.000   31.713   31.482   31.278   31.081   30.892   30.716   30.547   30.387
  40.000   31.582   31.352   31.147   30.951   30.762   30.586   30.417   30.257
  50.000   31.416   31.186   30.982   30.785   30.597   30.422   30.253   30.093
  60.000   31.217   30.987   30.783   30.587   30.399   30.224   30.055   29.896
  70.000   30.987   30.757   30.554   30.358   30.170   29.995   29.827   29.669
  80.000   30.731   30.501   30.298   30.102   29.915   29.741   29.573   29.415
  90.000   30.453   30.224   30.021   29.825   29.638   29.464   29.297   29.139
 100.000   30.160   29.931   29.728   29.532   29.345   29.171   29.004   28.847
 110.000   29.855   29.626   29.424   29.228   29.041   28.868   28.701   28.543
 120.000   29.544   29.315   29.112   28.917   28.730   28.557   28.390   28.233
 130.000   29.229   29.000   28.797   28.602   28.415   28.242   28.075   27.918
 140.000   28.911   28.682   28.479   28.284   28.098   27.924   27.757   27.600
 150.000   28.592   28.363   28.161   27.965   27.779   27.605   27.439   27.281
