from PREM using maketable
   19    8
             0.0000 100.0000 200.0000 300.0000 400.0000 500.0000 600.0000 700.0000
   5.0000   1.2206   1.2206   1.2206   1.2206   1.2206   1.2206   1.2206   1.2206
  10.0000   2.4871   2.3785   2.3001   2.4871   2.2808   2.4871   2.4871   2.4871
  15.0000   3.5270   3.4151   3.3660   3.2811   3.2072   3.1990   3.1256   3.5270
  20.0000   4.6390   4.4677   4.3161   4.1831   4.0632   3.9647   3.8864   3.8286
  25.0000   5.4051   5.2325   5.0786   4.9423   4.8169   4.7112   4.6253   4.5593
  30.0000   6.1516   5.9753   5.8179   5.6771   5.5484   5.4387   5.3468   5.2723
  35.0000   6.8781   6.6990   6.5383   6.3940   6.2606   6.1454   6.0466   5.9634
  40.0000   7.5818   7.3993   7.2349   7.0860   6.9475   6.8268   6.7211   6.6297
  45.0000   8.2579   8.0719   7.9034   7.7501   7.6069   7.4802   7.3680   7.2691
  50.0000   8.9044   8.7151   8.5426   8.3853   8.2371   8.1053   7.9873   7.8815
  55.0000   9.5207   9.3281   9.1520   8.9906   8.8382   8.7017   8.5779   8.4661
  60.0000  10.1067   9.9109   9.7317   9.5664   9.4103   9.2689   9.1404   9.0231
  65.0000  10.6625  10.4637  10.2815  10.1128   9.9528   9.8075   9.6744   9.5519
  70.0000  11.1883  10.9867  10.8015  10.6298  10.4662  10.3173  10.1797  10.0529
  75.0000  11.6835  11.4796  11.2916  11.1169  10.9503  10.7976  10.6563  10.5249
  80.0000  12.1481  11.9420  11.7514  11.5738  11.4044  11.2482  11.1034  10.9679
  85.0000  12.5815  12.3731  12.1800  11.9998  11.8276  11.6683  11.5200  11.3807
  90.0000  12.9821  12.7717  12.5769  12.3947  12.2203  12.0589  11.9083  11.7671
  95.0000  13.3645  13.1538  12.9586  12.7755  12.6001  12.4379  12.2865  12.1444
