PKSdf  travel time table.
  15   8
            0.000  100.000  200.000  300.000  400.000  500.000  600.000  700.000
 110.000   22.165   21.936   21.734   21.539   21.352   21.178   21.012   20.854
 115.000   22.325   22.096   21.893   21.698   21.511   21.338   21.171   21.014
 120.000   22.484   22.255   22.052   21.857   21.670   21.497   21.330   21.173
 125.000   22.641   22.413   22.210   22.015   21.828   21.654   21.488   21.330
 130.000   22.797   22.568   22.366   22.170   21.983   21.810   21.643   21.485
 135.000   22.950   22.721   22.518   22.322   22.135   21.961   21.794   21.637
 140.000   23.096   22.867   22.664   22.469   22.281   22.107   21.940   21.782
 145.000   23.235   23.005   22.802   22.606   22.419   22.244   22.077   21.918
 150.000   23.361   23.132   22.928   22.732   22.544   22.369   22.201   22.042
 155.000   23.472   23.243   23.039   22.842   22.654   22.479   22.311   22.151
 160.000   23.566   23.336   23.132   22.935   22.747   22.571   22.402   22.243
 165.000   23.641   23.410   23.206   23.009   22.820   22.644   22.475   22.315
 170.000   23.694   23.464   23.259   23.062   22.873   22.697   22.528   22.367
 175.000   23.727   23.496   23.291   23.094   22.905   22.729   22.559   22.399
 180.000   23.738   23.507   23.302   23.105   22.916   22.739   22.570   22.409
