IASPEI91 SKSdf travel time table.
  16   8
            0.000  100.000  200.000  300.000  400.000  500.000  600.000  700.000
 105.000   25.618   25.211   24.842   24.481   24.132   23.809   23.500   23.210
 110.000   25.777   25.371   25.002   24.640   24.292   23.968   23.659   23.369
 115.000   25.936   25.530   25.161   24.799   24.451   24.127   23.818   23.528
 120.000   26.094   25.687   25.319   24.957   24.608   24.285   23.976   23.686
 125.000   26.250   25.843   25.474   25.113   24.764   24.441   24.132   23.842
 130.000   26.402   25.996   25.627   25.265   24.916   24.593   24.284   23.994
 135.000   26.550   26.143   25.774   25.412   25.063   24.740   24.431   24.140
 140.000   26.690   26.283   25.914   25.551   25.203   24.879   24.569   24.279
 145.000   26.819   26.412   26.043   25.680   25.331   25.007   24.698   24.407
 150.000   26.935   26.528   26.158   25.796   25.447   25.123   24.813   24.522
 155.000   27.036   26.629   26.259   25.897   25.547   25.223   24.913   24.622
 160.000   27.120   26.713   26.343   25.981   25.631   25.307   24.996   24.705
 165.000   27.187   26.779   26.410   26.047   25.697   25.373   25.062   24.771
 170.000   27.235   26.827   26.457   26.095   25.745   25.420   25.110   24.818
 175.000   27.264   26.856   26.486   26.123   25.774   25.449   25.138   24.847
 180.000   27.273   26.866   26.496   26.133   25.783   25.458   25.148   24.856
