SKPdf  travel time table.
  15  15
            0.000   50.000  100.000  150.000  200.000  250.000  300.000  350.000  400.000  450.000  500.000  550.000  600.000  650.000  700.000
 110.000   22.165   21.944   21.759   21.574   21.390   21.207   21.028   20.852   20.680   20.516   20.356   20.200   20.047   19.897   19.757
 115.000   22.325   22.103   21.918   21.733   21.549   21.367   21.188   21.012   20.839   20.675   20.516   20.360   20.207   20.057   19.917
 120.000   22.484   22.262   22.077   21.892   21.708   21.526   21.346   21.171   20.998   20.834   20.675   20.519   20.366   20.216   20.076
 125.000   22.641   22.420   22.235   22.050   21.866   21.683   21.504   21.328   21.156   20.992   20.832   20.676   20.523   20.373   20.233
 130.000   22.797   22.576   22.391   22.206   22.022   21.839   21.660   21.484   21.311   21.147   20.988   20.832   20.679   20.529   20.389
 135.000   22.950   22.728   22.543   22.358   22.174   21.991   21.812   21.636   21.464   21.299   21.140   20.984   20.831   20.681   20.541
 140.000   23.096   22.875   22.690   22.505   22.321   22.138   21.959   21.783   21.610   21.446   21.286   21.130   20.977   20.827   20.687
 145.000   23.235   23.013   22.828   22.643   22.459   22.276   22.097   21.921   21.748   21.583   21.424   21.268   21.114   20.964   20.824
 150.000   23.361   23.140   22.954   22.769   22.585   22.402   22.223   22.046   21.873   21.709   21.550   21.393   21.240   21.089   20.949
 155.000   23.472   23.251   23.065   22.880   22.696   22.513   22.333   22.157   21.984   21.820   21.660   21.504   21.350   21.200   21.059
 160.000   23.566   23.345   23.159   22.974   22.789   22.606   22.427   22.250   22.077   21.913   21.753   21.596   21.443   21.292   21.152
 165.000   23.641   23.419   23.233   23.048   22.863   22.680   22.501   22.324   22.151   21.986   21.827   21.670   21.516   21.365   21.225
 170.000   23.694   23.473   23.287   23.102   22.917   22.734   22.554   22.378   22.204   22.040   21.880   21.723   21.569   21.419   21.278
 175.000   23.727   23.505   23.319   23.134   22.949   22.766   22.586   22.410   22.237   22.072   21.912   21.755   21.601   21.451   21.310
 180.000   23.738   23.516   23.330   23.145   22.960   22.777   22.597   22.421   22.247   22.083   21.923   21.766   21.612   21.461   21.320
