IASPEI91 SKSac travel time table.
  13   8
            0.000  100.000  200.000  300.000  400.000  500.000  600.000  700.000
  80.000   22.480   22.086   21.732   21.385   21.053   20.747   20.457   20.188
  85.000   23.038   22.642   22.285   21.936   21.601   21.292   20.999   20.727
  90.000   23.550   23.152   22.793   22.442   22.104   21.793   21.497   21.221
  95.000   24.018   23.619   23.258   22.905   22.565   22.252   21.953   21.675
 100.000   24.447   24.046   23.684   23.329   22.988   22.672   22.372   22.092
 105.000   24.839   24.437   24.074   23.718   23.375   23.059   22.757   22.474
 110.000   25.199   24.796   24.432   24.075   23.731   23.413   23.110   22.826
 115.000   25.529   25.126   24.760   24.402   24.057   23.738   23.434   23.149
 120.000   25.831   25.427   25.061   24.702   24.356   24.036   23.731   23.444
 125.000   26.106   25.701   25.335   24.975   24.629   24.308   24.002   23.715
 130.000   26.357   25.951   25.584   25.224   24.877   24.555   24.248   23.960
 135.000   26.583   26.177   25.810   25.449   25.101   24.779   24.471   24.183
 140.000   26.786   26.380   26.012   25.651   25.303   24.980   24.672   24.383
