SKS  travel time table.
  21   8
            0.000  100.000  200.000  300.000  400.000  500.000  600.000  700.000
  80.000   22.480   22.086   21.732   21.385   21.053   20.747   20.457   20.188
  85.000   23.038   22.642   22.285   21.936   21.601   21.292   20.999   20.727
  90.000   23.550   23.152   22.793   22.442   22.104   21.793   21.497   21.221
  95.000   24.018   23.619   23.258   22.905   22.565   22.252   21.953   21.675
 100.000   24.447   24.046   23.684   23.329   22.988   22.672   22.372   22.092
 105.000   24.839   24.437   24.074   23.718   23.375   23.059   22.757   22.474
 110.000   25.199   24.796   24.432   24.075   23.731   23.413   23.110   22.826
 115.000   25.529   25.126   24.760   24.402   24.057   23.738   23.434   23.149
 120.000   25.831   25.427   25.061   24.702   24.356   24.036   23.731   23.444
 125.000   26.106   25.701   25.335   24.975   24.629   24.308   24.002   23.715
 130.000   26.357   25.951   25.584   25.224   24.877   24.555   24.248   23.960
 135.000   26.550   26.143   25.774   25.412   25.063   24.740   24.431   24.140
 140.000   26.690   26.283   25.914   25.551   25.203   24.879   24.569   24.279
 145.000   26.819   26.412   26.043   25.680   25.331   25.007   24.698   24.407
 150.000   26.935   26.528   26.158   25.796   25.447   25.123   24.813   24.522
 155.000   27.036   26.629   26.259   25.897   25.547   25.223   24.913   24.622
 160.000   27.120   26.713   26.343   25.981   25.631   25.307   24.996   24.705
 165.000   27.187   26.779   26.410   26.047   25.697   25.373   25.062   24.771
 170.000   27.235   26.827   26.457   26.095   25.745   25.420   25.110   24.818
 175.000   27.264   26.856   26.486   26.123   25.774   25.449   25.138   24.847
 180.000   27.273   26.866   26.496   26.133   25.783   25.458   25.148   24.856
