from PREM with maketable
   20    8
             0.0000 100.0000 200.0000 300.0000 400.0000 500.0000 600.0000 700.0000
   5.0000   2.1981   2.1731   2.1981   2.1981   2.1981   2.1981   2.1981   2.1981
  10.0000   4.2460   4.3127   4.1903   4.2460   4.1877   4.2460   4.2460   4.2460
  15.0000   6.4121   6.2297   6.1981   6.0446   6.0568   5.8688   5.7201   5.6144
  20.0000   8.5080   8.1994   7.9244   7.6710   7.4321   7.2305   7.0586   6.9252
  25.0000   9.8672   9.5476   9.2593   8.9935   8.7435   8.5332   8.3577   8.2191
  30.0000  11.1679  10.8470  10.5567  10.2887  10.0362   9.8214   9.6389   9.4918
  35.0000  12.4525  12.1282  11.8353  11.5627  11.3053  11.0838  10.8941  10.7362
  40.0000  13.7104  13.3816  13.0834  12.8064  12.5421  12.3142  12.1146  11.9460
  45.0000  14.9325  14.5994  14.2956  14.0124  13.7420  13.5062  13.2978  13.1184
  50.0000  16.1146  15.7762  15.4672  15.1781  14.9009  14.6576  14.4403  14.2504
  55.0000  17.2536  16.9095  16.5954  16.2998  16.0166  15.7654  15.5401  15.3401
  60.0000  18.3462  17.9978  17.6782  17.3766  17.0875  16.8288  16.5955  16.3865
  65.0000  19.3927  19.0391  18.7142  18.4075  18.1118  17.8471  17.6054  17.3880
  70.0000  20.3905  20.0328  19.7030  19.3905  19.0898  18.8178  18.5698  18.3436
  75.0000  21.3401  20.9776  20.6432  20.3258  20.0191  19.7418  19.4862  19.2532
  80.0000  22.2395  21.8732  21.5339  21.2117  20.9001  20.6164  20.3551  20.1142
  85.0000  23.0879  22.7179  22.3743  22.0472  21.7310  21.4417  21.1740  20.9266
  90.0000  23.8841  23.5101  23.1626  22.8309  22.5099  22.2156  21.9420  21.6885
  95.0000  24.6269  24.2500  23.8998  23.5657  23.2413  22.9439  22.6675  22.4112
 100.0000  25.3456  24.9673  24.6154  24.2796  23.9541  23.6554  23.3776  23.1198
