IASPEI91 ScS travel time table.
  20   8
            0.000  100.000  200.000  300.000  400.000  500.000  600.000  700.000
   0.000   15.593   15.185   14.815   14.452   14.103   13.778   13.467   13.176
   5.000   15.630   15.222   14.853   14.490   14.141   13.816   13.506   13.215
  10.000   15.740   15.333   14.964   14.602   14.254   13.930   13.621   13.331
  15.000   15.921   15.515   15.147   14.787   14.439   14.117   13.810   13.522
  20.000   16.169   15.765   15.399   15.040   14.694   14.374   14.069   13.784
  25.000   16.482   16.079   15.714   15.357   15.014   14.696   14.394   14.111
  30.000   16.853   16.451   16.089   15.734   15.393   15.078   14.778   14.498
  35.000   17.277   16.877   16.517   16.164   15.825   15.513   15.216   14.939
  40.000   17.748   17.351   16.992   16.642   16.305   15.995   15.701   15.428
  45.000   18.262   17.866   17.510   17.161   16.827   16.519   16.228   15.957
  50.000   18.812   18.418   18.063   17.716   17.384   17.079   16.790   16.522
  55.000   19.394   19.001   18.648   18.303   17.972   17.669   17.382   17.117
  60.000   20.002   19.611   19.259   18.915   18.586   18.285   18.000   17.737
  65.000   20.633   20.242   19.892   19.549   19.222   18.922   18.639   18.378
  70.000   21.281   20.892   20.542   20.201   19.874   19.576   19.294   19.034
  75.000   21.944   21.556   21.207   20.866   20.541   20.243   19.963   19.704
  80.000   22.619   22.231   21.883   21.543   21.218   20.921   20.641   20.383
  85.000   23.302   22.914   22.566   22.227   21.902   21.606   21.327   21.070
  90.000   23.990   23.602   23.255   22.916   22.592   22.296   22.017   21.760
  95.000   24.682   24.295   23.947   23.608   23.284   22.989   22.710   22.453
