 SS  travel time table from PREM.
  25   8
            0.000  100.000  200.000  300.000  400.000  500.000  600.000  700.000
  60.000   22.368   22.042   21.754   21.489   21.237   21.024   20.845   20.704
  65.000   23.660   23.333   23.043   22.777   22.523   22.307   22.124   21.979
  70.000   24.941   24.613   24.320   24.052   23.795   23.577   23.390   23.239
  75.000   26.208   25.878   25.583   25.312   25.053   24.831   24.640   24.483
  80.000   27.459   27.127   26.830   26.556   26.294   26.068   25.872   25.710
  85.000   28.693   28.358   28.058   27.781   27.516   27.286   27.086   26.918
  90.000   29.907   29.570   29.267   28.987   28.719   28.485   28.280   28.107
  95.000   31.101   30.761   30.456   30.173   29.901   29.663   29.454   29.275
 100.000   32.273   31.931   31.623   31.337   31.062   30.820   30.607   30.422
 105.000   33.424   33.080   32.769   32.480   32.201   31.956   31.738   31.548
 110.000   34.553   34.206   33.892   33.600   33.318   33.069   32.846   32.651
 115.000   35.658   35.309   34.993   34.697   34.412   34.159   33.932   33.732
 120.000   36.741   36.389   36.070   35.772   35.483   35.227   34.996   34.791
 125.000   37.799   37.445   37.124   36.822   36.531   36.271   36.036   35.826
 130.000   38.834   38.478   38.154   37.850   37.555   37.292   37.053   36.838
 135.000   39.845   39.486   39.160   38.853   38.556   38.289   38.046   37.827
 140.000   40.832   40.471   40.142   39.832   39.532   39.262   39.015   38.792
 145.000   41.794   41.430   41.099   40.787   40.484   40.210   39.960   39.733
 150.000   42.731   42.366   42.032   41.717   41.411   41.135   40.881   40.650
 155.000   43.643   43.276   42.940   42.623   42.314   42.035   41.778   41.543
 160.000   44.530   44.161   43.823   43.503   43.192   42.909   42.649   42.411
 165.000   45.392   45.020   44.680   44.358   44.044   43.759   43.495   43.253
 170.000   46.227   45.854   45.511   45.187   44.871   44.583   44.316   44.071
 175.000   47.037   46.661   46.316   45.990   45.671   45.380   45.111   44.862
 180.000   47.819   47.442   47.095   46.766   46.445   46.151   45.879   45.627
